""	logFC	AveExpr	t	P.Value	adj.P.Val	B
YAP1	-3.18119917509799	5.38543047828833	-15.6736360334394	1.75454332458257e-08	0.000418756855278123	9.95438974086674
ALPK3	-7.31627617296254	0.8592330385009	-13.7486611773275	6.33627363214815e-08	0.000756139213892399	7.73391164087969
PCDHA6	-7.13975952662721	-1.43058572971816	-12.4769349262197	1.62394674640553e-07	0.00123852046823009	6.23487786788036
CCN2	-6.14431214667137	0.981800487953159	-12.069757113518	2.23516849374439e-07	0.00123852046823009	6.89357377088672
OLIG3	5.35363620914258	3.93420043453458	11.8837239125582	2.59462954755539e-07	0.00123852046823009	7.39648890388147
RIPOR2	-3.7949423362209	2.71063598421739	-11.2317978059373	4.4488833327665e-07	0.00135640775275357	6.73755281324207
TAGLN	-3.6708292875547	2.66801282107513	-11.1513449146191	4.7638923404317e-07	0.00135640775275357	6.67184036746042
ENSG00000289161	-6.99536655354508	-1.90783286968488	-11.0988333738294	4.98257644199243e-07	0.00135640775275357	5.3836609596683
PSMD5	-8.36629170630155	0.464004164319602	-11.0682714904774	5.11487399957354e-07	0.00135640775275357	6.14626838401372
TUNAR	-2.38198559004265	4.98898904463615	-10.4409897222416	8.88326452892192e-07	0.00212016874511779	6.31424881367232
SLC17A9	-4.91294447438058	1.74690028595429	-10.0695524103235	1.24833778049236e-06	0.00270855252791011	5.70355625893122
NTRK3	2.03338353747417	4.64152387056168	9.96151353815068	1.38090796687988e-06	0.00274651087046018	5.88212853934972
EFEMP1	2.10147094607077	5.38333237535594	9.75529305959422	1.67855537012638e-06	0.00298436081348562	5.69688451502341
ACTA1	-5.54713686164277	-0.748145219175685	-9.70740302439772	1.75724771329453e-06	0.00298436081348562	4.92580415309907
NEFL	2.2824649992137	6.49335864604858	9.63735781511412	1.87966722294769e-06	0.00298436081348562	5.57822541647213
POSTN	3.72993893156086	3.2636393683492	9.57284454583791	2.00066087131897e-06	0.00298436081348562	5.4673779371711
SLFN12	-3.56636122172314	0.577117333457798	-9.45695861421838	2.23983804374781e-06	0.00314460085824288	5.02600141292235
DNAH17	-4.18034649903735	-1.573559075714	-9.32007289854333	2.56318514345393e-06	0.0033362860486414	4.43042594862981
ARHGEF6	1.80881106735439	5.00697247253055	9.28425404631097	2.65594481602994e-06	0.0033362860486414	5.24662871602078
MGAT4C	3.36278648366545	3.35283820704775	9.0636698935929	3.31412011923043e-06	0.00395490524428364	5.00257833789818
UPK3B	-4.59017190063296	-1.39188645915604	-8.78332837245718	4.41869949357361e-06	0.0050219571815772	4.08718089826619
ZNF876P	-2.68946889046191	1.89808311454356	-8.67699743609928	4.93743633527018e-06	0.00505437014767372	4.52895875598911
TEK	-9.01510341620276	-0.905243827102767	-8.65020298022971	5.07834496480131e-06	0.00505437014767372	4.09403677574137
INTS6L	1.83749702418761	4.36177081788966	8.62976291654451	5.18877222148505e-06	0.00505437014767372	4.59217384851907
CUTALP	-7.56026233532928	-1.50745137395358	-8.60349696789635	5.33451799811309e-06	0.00505437014767372	3.92113619433613
ST8SIA6	2.41919703005354	2.77784257186522	8.50897094539442	5.89696691604551e-06	0.00505437014767372	4.43262055040362
MAPK13	-2.0552084331027	3.11301336230816	-8.5059860808825	5.91574513939208e-06	0.00505437014767372	4.44579313447054
SELENOP	1.91361176361141	5.19548991249703	8.49398562027018	5.99189950634601e-06	0.00505437014767372	4.43670770895059
MAP3K13	-5.4174011933991	0.300181297849647	-8.47090182109587	6.14139750628641e-06	0.00505437014767372	4.15448451270061
ZNF649	-2.68067182120088	3.81609826495981	-8.41949211954171	6.48909676297339e-06	0.00516250908139619	4.37406222264577
ENSG00000267364	-4.00693739980076	-1.74597484422341	-8.38645377752568	6.7237871518927e-06	0.00517666541787816	3.69543760768816
SLC51A	-3.80922910289444	-0.396533149372723	-8.12241890659479	8.96655687875354e-06	0.00668765040703783	3.73920477945875
PDGFB	-2.90700182862636	1.03628954331015	-8.04129979792321	9.80960651830007e-06	0.00696565886526738	3.83986254187742
SALL3	1.9025495067434	5.49469470534458	8.03096822621635	9.92300672137641e-06	0.00696565886526738	3.92280414258638
ARHGAP4	-2.79647029544085	3.70183876864488	-7.96847009285365	1.06400184994188e-05	0.00725558061501793	3.89330959072434
HESX1	-3.33753138793725	1.99435715740246	-7.81884249534858	1.25953104810935e-05	0.00802139671303697	3.68662516869637
SCN3A	3.50762225160133	-0.715414100805667	7.81822329951479	1.260416922976e-05	0.00802139671303697	3.41142210104513
SEZ6L	2.97784158793547	3.04517702371834	7.80387651081516	1.28113282751276e-05	0.00802139671303697	3.70937450210389
ASPG	-4.51045666524579	-3.72744664968521	-7.76694988141168	1.33616843078336e-05	0.00802139671303697	2.74375021302286
LINC00882	-4.43061577527703	-1.36138940201316	-7.75484834534804	1.35475753353851e-05	0.00802139671303697	3.24313264401566
RPS6KA3	1.6561250742145	6.0615671073441	7.73999457800666	1.37795812307586e-05	0.00802139671303697	3.57568612974477
RAB17	-8.28805310856108	0.265059599815136	-7.65106742585754	1.52617410046098e-05	0.00867266601326242	3.37865857167768
WNT8B	-4.40956239134677	-1.83170564849468	-7.55500694476296	1.70590874529854e-05	0.00906314346855576	2.97803241218045
ENSG00000289195	-8.98107947670332	1.43537578880783	-7.55074453543228	1.71439770634736e-05	0.00906314346855576	3.37194762684933
EHHADH	-3.3129761068241	1.15856910503505	-7.54040967894383	1.73517088791503e-05	0.00906314346855576	3.34285375853305
CALCR	-4.94312438771274	-1.57627832589703	-7.52411879873182	1.76847091299888e-05	0.00906314346855576	2.9961456441373
CBLC	-2.59069362444629	2.78842311753745	-7.51627227671794	1.78475611942063e-05	0.00906314346855576	3.38813230925054
PCDHB5	-5.7936049719922	0.497703741659795	-7.49716001853287	1.82510604056489e-05	0.00907495955628382	3.24562222337991
HPAT5	1.54728508575309	6.71129924721032	7.45452566221984	1.91871803583708e-05	0.00915069241785523	3.22359872380026
VPS9D1-AS1	-3.54764078469032	0.0542598398858942	-7.4329784463033	1.96799432452111e-05	0.00915069241785523	3.13793888466281
CUL4B	1.21621146467971	7.24448984536936	7.42086653120003	1.99629275096306e-05	0.00915069241785523	3.17301782838693
TMBIM1	-2.00881669958583	4.09388773388444	-7.41678406967482	2.00593000273354e-05	0.00915069241785523	3.26196407864991
EMX1	-5.3472728621599	-1.76371586499696	-7.40582977954186	2.03203879057413e-05	0.00915069241785523	2.85485604618006
PROS1	2.70753701452664	3.62356213736128	7.3104268747034	2.27560421865802e-05	0.0100577492382798	3.15008088072737
APCDD1	2.81868013741271	4.94866841410203	7.28580508600983	2.34346858049755e-05	0.01016937538377	3.07280425963293
GP6-AS1	-5.25773367267497	-2.27159263418895	-7.25544203338025	2.43018578748195e-05	0.0102356706436783	2.62748452424572
LINC01694	-2.86598451870577	-0.259163085711979	-7.24466298421317	2.46180007415594e-05	0.0102356706436783	2.91318714403174
CNTFR	2.45258784723237	5.32543430325817	7.23604203445533	2.48740477367638e-05	0.0102356706436783	2.99739653491421
LINC02984	3.34685174722008	0.745131228971943	7.16244855855687	2.71807193361221e-05	0.0106710516740562	2.91175087927024
ENSG00000263823	-3.00517886771353	-0.73451623987385	-7.15119022105301	2.75535321102476e-05	0.0106710516740562	2.76295922306676
NLRP2	-1.90368077967994	6.94490086463425	-7.14616092417332	2.77218563465117e-05	0.0106710516740562	2.84150690519142
PCOLCE	-1.78484746322904	3.92323037904027	-7.11610516644669	2.87512311746178e-05	0.0106710516740562	2.91005498960196
KRT19	-2.16046387279912	5.34196854989509	-7.11242465215403	2.88800958367703e-05	0.0106710516740562	2.84491732853052
LINC00941	1.91264611932312	3.09654824143272	7.10350155753362	2.91951148771972e-05	0.0106710516740562	2.91474403504278
SLC1A2	1.72956786011644	2.76670340422299	7.09321082626652	2.95630329184367e-05	0.0106710516740562	2.90394962597423
TTN	-5.34288269847404	-1.95687794372984	-7.08243471431102	2.99536797978146e-05	0.0106710516740562	2.51906062412921
POU3F4	3.71882685787933	2.3961034232057	7.0823704650634	2.99560255650801e-05	0.0106710516740562	2.88840524539821
PTPRU	-1.65047262429882	5.75489212228925	-7.04735252461189	3.12645659293658e-05	0.010973402868179	2.74892156877343
GSDMD	-3.83705796969944	1.56750340485443	-7.02177835345534	3.22591817856369e-05	0.0111584042272144	2.79771459010387
LLGL2	-2.32674003105993	4.92320102327985	-6.9904129407404	3.35259292869779e-05	0.0112118004707524	2.71136004504904
KLHDC7A	-4.35084240431018	2.51198801523757	-6.98852280734432	3.36039628551044e-05	0.0112118004707524	2.77984301492444
GABRB2	2.69773076987325	2.74141013983237	6.98324642718323	3.3822836296735e-05	0.0112118004707524	2.77420494799697
NRGN	3.2854311754961	2.39963737713206	6.96433559873799	3.46200241149138e-05	0.0113188508979541	2.75046135953177
RADX	1.80322700665429	4.25866335945627	6.94254009743159	3.55640612265518e-05	0.0114703709364069	2.68355177171532
PBX1	1.54381684985333	8.61279858038175	6.91431597879975	3.68280550910964e-05	0.0115999368851621	2.52002729295214
NEFM	2.12035966274859	6.15276949608809	6.91191427808252	3.69378306143343e-05	0.0115999368851621	2.56581441457651
OXCT2	-5.30318083320385	-2.68209939818089	-6.89182619415458	3.7869957216806e-05	0.0117382112843313	2.21892483589427
PHETA2	-3.79423978840071	-2.17885977684432	-6.86104632012783	3.93478089378351e-05	0.0120042880688405	2.27015761511058
ACP5	-6.39052167478769	-0.650792059377249	-6.8532021163317	3.97343091900281e-05	0.0120042880688405	2.46261264740812
SLC16A3	-3.79599294377661	3.70254263630372	-6.8399288174738	4.03976749276645e-05	0.0120521413437321	2.58051871493525
SLC16A5	-1.46699835609726	3.71216656716715	-6.82772719634926	4.10180310582164e-05	0.0120861400897093	2.56501485009053
CASK	1.05698572384984	7.64381680022067	6.78770633345919	4.31259893373151e-05	0.0122796522280822	2.37304515418844
AMER2	4.3476888145347	0.956119683951829	6.78606455153074	4.32149234176417e-05	0.0122796522280822	2.50343880441975
FAM171B	1.31341647905726	5.53526994914607	6.78600258217672	4.32182841228015e-05	0.0122796522280822	2.4261118660357
PCDHB8	-3.72308784168412	-2.74898946084347	-6.73736699937709	4.59448917560155e-05	0.0129007850769509	2.06055936932921
MID1IP1	1.10800671591607	7.88973075652267	6.71146995167585	4.74719504693625e-05	0.0131463098303111	2.2694652684425
LARGE2	-1.83062727022112	5.56431884290177	-6.70058147612055	4.8130271671816e-05	0.0131463098303111	2.31485343610656
FLRT2	1.79475647465497	3.48529195954914	6.69499657776961	4.84717503275393e-05	0.0131463098303111	2.40809490078781
PKP3	-5.66317181977671	0.879993483371976	-6.66591482783725	5.0292631104359e-05	0.0133374861455451	2.36129972789019
HSH2D	-4.57473650970316	-0.898377713878389	-6.66588889719577	5.02942872208095e-05	0.0133374861455451	2.23584327216894
SH3KBP1	1.83081895092058	6.389299688148	6.62947977425649	5.26786739038282e-05	0.0138162847259634	2.19460413422528
LCN2	-3.412810060564	-1.94779915489488	-6.61278680456426	5.3812365599063e-05	0.0138385541277657	2.05402357465153
ZNF280D	3.43402164079078	1.94915119636399	6.61117489138058	5.39232217657103e-05	0.0138385541277657	2.32408618405138
ENSG00000290700	-3.58932010572246	-1.28637155015552	-6.58489492490718	5.57657217287937e-05	0.0139606103719555	2.10645278211837
TMEM59L	-2.34667010763392	2.80728267208517	-6.58377390836225	5.58458106615618e-05	0.0139606103719555	2.28749137842295
NPIPA5	-3.85979033575475	-1.6226441492566	-6.57948143629565	5.61536261661593e-05	0.0139606103719555	2.06104686139432
CST1	-5.26138427741304	-1.17585578839253	-6.54399605920741	5.87694499523817e-05	0.0141767913003913	2.07449180390305
SOCS3	-2.68899858118362	1.73206901966744	-6.53754667915388	5.92588154349208e-05	0.0141767913003913	2.23213879520445
ENSG00000226530	-3.46015167866237	-1.84391463510575	-6.53752186547239	5.92607067013414e-05	0.0141767913003913	1.98932942492407
SH2D3A	-2.96272755511179	2.58290747713586	-6.53570799317487	5.93991339522827e-05	0.0141767913003913	2.23086043709085
SEPTIN6	1.95133080946235	7.40839242822465	6.51549187110679	6.09657417772862e-05	0.0143971278700539	2.02024913009953
HLA-A	-1.56828374706278	7.75797810646275	-6.50836276339828	6.15287653557423e-05	0.0143971278700539	2.00388619207408
ARID5B	3.0302666917753	2.43097037502315	6.49007669215208	6.29986810385139e-05	0.0145979565082156	2.17550503952775
HDAC8	1.61281061503794	3.91104170761488	6.47935045820291	6.38784687184157e-05	0.0146294939313288	2.1138150131645
NR3C1	1.15945904475956	4.97962139038374	6.46847399768171	6.4784105118929e-05	0.0146294939313288	2.0389081255214
STON2	1.29840685112348	5.72978371451172	6.45330748521772	6.60701138319966e-05	0.0146294939313288	1.98369232794404
PCDHGB7	-2.27591334446069	2.0872241514828	-6.45236127156209	6.61512517205457e-05	0.0146294939313288	2.12995661342603
TMEM200C	1.76185328797646	3.66817681832106	6.45179828587596	6.61995786895509e-05	0.0146294939313288	2.09060831394888
ENSG00000267175	-3.22080151765035	-3.22740858676624	-6.43157615743472	6.79609132622935e-05	0.0148809460259739	1.68660834854141
NFIA	2.5529795513573	1.94978840006149	6.41250896307765	6.96679368457088e-05	0.0151160422608776	2.08024252221547
BCLAF3	1.46552623879768	4.58576898805995	6.39717044675705	7.10746472004174e-05	0.0152823297723636	1.96709662713199
CAVIN1	-2.61176427508301	4.46984888347836	-6.38335590873801	7.23677818358134e-05	0.01542144508103	1.95576028892078
ZNF596	2.69930014130443	0.857487830650255	6.36633159733914	7.39963113201181e-05	0.0156289377192678	2.00528604432767
PPP1R3B	-1.70654147622021	4.82925419820159	-6.34397512853701	7.61950816441607e-05	0.0159521755579051	1.8820352821775
NOVA1-DT	2.20857066873765	0.0360518013632858	6.32580489889396	7.80339336034402e-05	0.0161950947244635	1.92333636524051
MATN4	-3.43764176619901	-1.34257455124686	-6.3066236318892	8.00270350883095e-05	0.0164655624694197	1.79637567791535
MAP7D3	1.20002569197063	5.96973653592882	6.28769204786016	8.20479936514959e-05	0.0166988611170741	1.7521342676087
RC3H1	1.28917981903256	4.59786039712745	6.27038261535243	8.39438856091966e-05	0.0166988611170741	1.79742491182885
HTR3A	-1.72630180734802	2.58490583404092	-6.27031126178651	8.39517977670573e-05	0.0166988611170741	1.89481332532701
ANKLE1	-1.8929363572157	3.12350664827518	-6.27024107254008	8.39595816000708e-05	0.0166988611170741	1.87877044073643
SLC44A4	-3.64659456741996	0.359016502860199	-6.2554659861433	8.56155161647551e-05	0.0168874836719356	1.85409636399948
HEYL	-1.99328922529979	1.97531727314104	-6.2467844484445	8.66048665960021e-05	0.0169426094348097	1.87215780793575
LZTS3	-1.26801930692711	4.56799009133443	-6.23097781944262	8.84379095852138e-05	0.0171605494965065	1.7462927806644
SLC16A2	1.40058785402867	8.10557250794152	6.21056954162726	9.08665423146546e-05	0.0174896110114827	1.5939960763836
SORBS3	-1.857758837949	5.48149153853606	-6.18418824214269	9.41127876938634e-05	0.0178360244144563	1.63151010040186
SYNGR3	-1.60161757687353	3.61444875142699	-6.17789391829931	9.49055925362806e-05	0.0178360244144563	1.73386133310256
LINC01896	2.2147076925794	3.38229371787055	6.17042654843499	9.58554715352415e-05	0.0178360244144563	1.73613169389617
PDE4D	2.04448536884349	2.12439136050152	6.1702116132062	9.58829630091858e-05	0.0178360244144563	1.7732919740706
LAMC1	1.41916555546064	8.3151669176087	6.16615932486033	9.64028637643971e-05	0.0178360244144563	1.52892938220672
NPTX1	-5.45794201172382	1.23698672525186	-6.15662082241783	9.76386345268279e-05	0.0179257022327062	1.75499687226982
TILAM	-4.61753551916789	-2.46778513688942	-6.14993289051705	9.85152459435541e-05	0.0179485753811817	1.50081809551107
SLC49A3	-6.04623703010567	-1.0021066178836	-6.14178476547528	9.9594697262416e-05	0.0179529818691472	1.63946732726073
KLHL14	2.47670148266528	3.43978195645766	6.13842229953164	0.000100043850865068	0.0179529818691472	1.69064695033875
PCDHB12	-2.94155102255856	-0.0744223298406523	-6.13232848397495	0.000100863411693047	0.0179649779617757	1.68695831251901
LCK	-1.42759215832216	5.49640043110738	-6.11957202912482	0.000102602489706644	0.0181393601616924	1.54219941724026
NOVA1	1.67286945966131	4.27572785799923	6.09406231042043	0.000106177616111319	0.0186333909097709	1.57981293135617
ENSG00000235152	2.00595448521009	4.38450689171842	6.08832722582528	0.000106999662038819	0.0186405907582517	1.56475474527665
HTR1A	-2.92943085130834	-0.556532816015241	-6.07564933780746	0.000108841228918192	0.0188169253953239	1.59309087546677
COL1A1	-2.98215397136428	5.9162355974317	-6.07056938432114	0.000109588663424395	0.0188169253953239	1.45641467742036
SNAI3	-2.44053726632883	1.99486839582712	-6.05547288227603	0.00011184259913149	0.018993672234387	1.62640676659195
RHOBTB3	1.18380397540028	5.23271382587316	6.04588938040172	0.000113299237037551	0.018993672234387	1.45392150592277
C1QTNF12	-3.03261559722403	-1.49356587129287	-6.04484404931811	0.000113459349665363	0.018993672234387	1.48594163184061
TENM1	1.94048314361961	2.24130784926219	6.04261698091649	0.000113801279151856	0.018993672234387	1.60605008844984
LINC02334	6.28323680782933	2.36351660204143	6.03510882175282	0.000114962211778578	0.0190541882536064	1.59373505826005
ITPKB	2.05008945879539	4.86982662916508	6.0256326156169	0.000116445638387107	0.0191669520785178	1.44710891180669
DPP7	-1.71306464545694	2.73184114067128	-5.99358106511923	0.000121617346955131	0.0196020641248578	1.52833795978619
ADM	-2.73243066134407	3.49435751662132	-5.96880897864784	0.000125783332653564	0.0196020641248578	1.45923617947316
KLC3	-3.292604595001	0.720731221564983	-5.95987438384517	0.000127323259601115	0.0196020641248578	1.49884787403068
KCNK6	-1.63561720834911	4.12346938787663	-5.95682914871669	0.000127852736829662	0.0196020641248578	1.40218649362749
FBXL16	-2.39785955904431	2.87983906396137	-5.95290228184796	0.00012853899542376	0.0196020641248578	1.46831873490573
MYO1C	-1.25839652747946	5.92153087423849	-5.95263318948365	0.000128586166489152	0.0196020641248578	1.29166442039509
KIF26B	2.0689980701199	1.92706179915541	5.948070185323	0.000129388882302345	0.0196020641248578	1.4869217942897
ENSG00000228835	3.42374287006577	-0.310670672334963	5.94766265672358	0.000129460835208538	0.0196020641248578	1.45135928957059
TMEM178B	1.36630328210846	5.37293704168871	5.94534211096298	0.000129871368156014	0.0196020641248578	1.30650538614662
MYT1L	6.0452780641675	-0.657823204520387	5.9451278916816	0.00012990933655363	0.0196020641248578	1.43019784415908
NKX6-1	5.58293819264612	0.324910532586153	5.93671016595179	0.000131410773369025	0.0196020641248578	1.46072797513237
ZBTB33	1.44859717665817	6.07295731502276	5.93488685951319	0.00013173843686769	0.0196020641248578	1.2609808397145
RNASE1	-4.3536992264406	-1.68566232141966	-5.93037409241064	0.000132553195672284	0.0196020641248578	1.33680567482887
BBS4	1.08806424262587	6.28763888109644	5.92583504001666	0.000133378157681672	0.0196020641248578	1.24077404473884
CCDC152	-6.90302265280517	-1.18416045902168	-5.92492117809752	0.000133544915271443	0.0196020641248578	1.37112295272814
TMEM35A	1.4717189793925	4.10076537230336	5.92155190133863	0.000134161662072707	0.0196020641248578	1.35506468229605
PTPN14	-1.79211727143473	5.04970353897798	-5.91775227581439	0.000134860853360248	0.0196020641248578	1.28601837419777
FOLR1	-3.95264726896732	-1.71243681092809	-5.91658773435241	0.000135075929504847	0.0196020641248578	1.31846792942703
MAGEB17	-3.37178992552414	-1.94681336957991	-5.91498723974047	0.000135372121439156	0.0196020641248578	1.29522697263925
KIF21A	1.293940306006	6.95238644661106	5.90712029751326	0.00013683816585654	0.0196020641248578	1.19527459701352
POLR3GP2	2.39887025977062	1.56746972338081	5.90559968785136	0.000137123498828371	0.0196020641248578	1.43444074045474
CCDC141	-7.04792307711783	-1.52046273046563	-5.90541722941898	0.000137157778893504	0.0196020641248578	1.32184770579346
SLC35A2	-1.57103205290461	4.40923677383905	-5.89973101833671	0.00013823071902833	0.0196180100567743	1.3031523104311
RPRD2	1.25451315292057	6.52232317334347	5.89613817388839	0.00013891329867997	0.0196180100567743	1.19149333587403
PDGFA	1.25665277875257	6.32493337182359	5.88362311407555	0.000141319327557541	0.0198045893101829	1.17989439228993
CSMD1	-3.44579380601753	-1.58716876145127	-5.8768048440788	0.000142648925083113	0.0198045893101829	1.28280393405609
ERFE	2.02756734772005	2.59223907259295	5.87642281892488	0.000142723817880398	0.0198045893101829	1.37615784188191
PIN4	1.37196898999518	4.74245383978096	5.8563608267378	0.000146716686782781	0.0202409662626858	1.21950559287197
GNAS	0.992864967628675	10.2935208273649	5.83635707498942	0.000150817492404837	0.0206871327081968	1.03406824566057
DNAH2	-2.28061398546876	-0.98146760972497	-5.8319617473663	0.000151734911993279	0.0206940408259633	1.27348693657524
MBNL1	1.17293913284615	4.09541032800086	5.82261117315112	0.000153706589442248	0.0208438361944212	1.2179146530419
ENSG00000298336	2.79241590658457	-1.09445504161952	5.81432345901382	0.000155477124975641	0.0208768855034667	1.24488273580252
SUSD2	1.20497556714155	4.31128526232058	5.80325758632157	0.000157875338891402	0.0208768855034667	1.17518479291239
RMST	1.68704047318582	4.84905923444355	5.80308858871303	0.000157912270377362	0.0208768855034667	1.13732412035421
NKX3-2	3.90128900869051	-0.635955665449337	5.80171107948692	0.000158213646714054	0.0208768855034667	1.25603640974219
LRAT	1.72223514494864	6.088244050963	5.80120789128797	0.000158323889727551	0.0208768855034667	1.0709729128068
STMN2	1.76644665571434	5.19350835266142	5.79474892330564	0.000159746315350969	0.0209487104861626	1.10407036524055
TEAD4	-1.60331861372548	5.03893660547503	-5.78364357495749	0.000162224117533889	0.0211573935146521	1.09758135418101
CNTN2	-4.04654921773023	0.161646763537481	-5.77308582982696	0.000164617972541503	0.0212597498145969	1.24941157483902
FMN2	1.6663725528545	2.69043340653419	5.77043646379874	0.000165224612184271	0.0212597498145969	1.22873245934563
MCHR1	1.86995494363875	2.34676559222821	5.76371147359052	0.00016677525613992	0.0212597498145969	1.2317411912222
BCAN	-1.70320999197832	2.1300677755224	-5.76314737832488	0.000166906032082644	0.0212597498145969	1.23692355755219
SLITRK3	2.73259064698339	3.25861423432061	5.75789058890482	0.000168130027704693	0.0212597498145969	1.18345102632954
CXCL12	1.25733823532255	6.21720615107456	5.74967578082962	0.000170062074362536	0.0212597498145969	0.992583609652195
ADAMTS9	1.86532251994246	2.64570069867731	5.74833616300445	0.00017037939009298	0.0212597498145969	1.20031012280056
PRSS22	-2.89284139063029	-1.33840710779037	-5.73990187743619	0.000172391852191892	0.0212597498145969	1.13851963761224
RINL	-2.17354729855847	2.24237265882591	-5.7308386667317	0.00017458280453434	0.0212597498145969	1.1902103333512
LINC00630	1.342422500593	4.20001573771693	5.73049935168584	0.000174665408274842	0.0212597498145969	1.0807979789506
ODR4	1.12596654671788	4.79668149966965	5.72841325970797	0.000175174173017826	0.0212597498145969	1.03485765110821
STXBP5L	1.62187535925905	3.73825042282036	5.72797351601002	0.000175281622035132	0.0212597498145969	1.11081356127908
ZNF439	-3.5589244497569	-1.62116984021645	-5.72226588355479	0.000176682676370924	0.0212597498145969	1.0969712074608
FOXP2	3.13076015254385	-0.429634193706474	5.72168978266188	0.00017682475728377	0.0212597498145969	1.16551294505632
KCNG1	-1.57294026498267	4.24312100403477	-5.71316711188156	0.000178941023781996	0.0212597498145969	1.05309044596029
CCN1	-3.41931085106398	2.70936435592436	-5.70692097278426	0.000180509228908235	0.0212597498145969	1.14083426040528
RPGR	1.32317886449946	4.16152108862767	5.70631361244244	0.000180662501188296	0.0212597498145969	1.04944752899368
PUS7L	2.54905997321472	3.14509142233757	5.70582397039821	0.000180786167814759	0.0212597498145969	1.11767089268305
EDEM3	1.16938562071331	5.03867368739744	5.70576864782179	0.000180800146082998	0.0212597498145969	0.986581791010593
ENSG00000235510	-4.49667173220564	-2.58150387937653	-5.70404308077979	0.000181236724185083	0.0212597498145969	0.992627840627228
PPP1R13B-DT	-1.98446170126195	0.28760150611328	-5.70215829347011	0.000181714876699115	0.0212597498145969	1.16102388481531
TRDN	-7.88513869585703	-0.82765283291472	-5.69696083218714	0.000183040438028986	0.0213103713875015	1.11647777597444
KCNK17	-2.29310276068777	0.607135156077981	-5.68996480778654	0.000184841084398636	0.0214132156439385	1.1497566468966
CD300A	-5.31106215024654	-1.10330430301609	-5.68658346162389	0.000185718173138446	0.0214132156439385	1.0884337812329
PKLR	-4.20160374315029	-1.9076872538994	-5.67487818437749	0.000188789000626533	0.0215776128217522	1.01814230141542
LINC02575	-2.09043939382472	1.51624178253599	-5.67426199480553	0.000188952154847539	0.0215776128217522	1.12829073997363
DOK7	-4.61055785509936	-3.16336142199627	-5.64134142971175	0.000197892225717997	0.0224909226248164	0.861611666342653
RASIP1	-2.03600655685938	2.07222617265749	-5.61523293599949	0.000205304294246316	0.0232227373970466	1.03725717616319
RAB20	-1.72469873546866	2.90627861230614	-5.60608462564024	0.000207971308820004	0.0233759003221861	0.991556592829968
ENSG00000303321	2.01563012533586	0.922864594157967	5.6038879879257	0.00020861720235579	0.0233759003221861	1.03767402720781
MCMDC2	-2.80695002462304	-1.45018773387384	-5.59766645854629	0.000210458244677214	0.0234259847381556	0.957751820886773
RDH10	1.25624848708485	3.98643091805811	5.59303571527516	0.000211839835887833	0.0234259847381556	0.901461869235248
TRBC2	-1.5912436133983	2.0294138104987	-5.59197627423153	0.000212157284659663	0.0234259847381556	1.00652671598145
SORCS3	2.50231017573071	1.80544694315921	5.58920436063018	0.000212990266400459	0.0234259847381556	1.00822472684051
MSC-AS1	2.47326316838574	0.617267580301862	5.58325290243549	0.000214790574967626	0.0235156268474877	1.00937915379756
UBE2A	1.42965977444834	6.86907663472967	5.57507127504891	0.000217292136930368	0.0236352710396513	0.719434292051703
PAPPA	-4.92920534361963	-0.578078093735683	-5.57041093703469	0.000218730974292506	0.0236352710396513	0.968015388684582
HPDL	-3.1694725200613	1.93124540972624	-5.57001310890967	0.000218854271578453	0.0236352710396513	0.978963014417127
NATD1	-1.23398272185353	4.36801589240669	-5.56663109249606	0.000219905454935715	0.023641817535814	0.834188875987421
WDR44	1.32330136652239	5.85949070529438	5.55510016119407	0.000223530250979986	0.0238922930517676	0.72477761208795
CALHM2	-5.09612778396259	-2.19852819118043	-5.55190130167695	0.00022454711513998	0.0238922930517676	0.848218736730896
ENSG00000301425	-4.21384738252548	-1.30163624970788	-5.54973535234959	0.000225238443736025	0.0238922930517676	0.907504910012828
ANO1	-1.45298603319136	2.9080455365284	-5.5458473758933	0.00022648512871034	0.023918232597034	0.906947608919326
CASZ1	-1.5139277899387	3.12725231501864	-5.54138807814179	0.000227924104095809	0.0239556595498128	0.888100592638036
ENSG00000289308	1.4155635171468	6.10836316925775	5.53854402882486	0.000228846959289283	0.0239556595498128	0.690363244257152
ENSG00000250899	-1.88899326144709	3.8944566794888	-5.53544070828724	0.00022985850690193	0.023956475913661	0.826011285853002
OXCT2P1	-3.56113404128533	-2.70854989756967	-5.53197583521592	0.000230993559165395	0.0239701012026107	0.781186487348845
S1PR1	2.05176626487867	2.23517092544492	5.52215849945725	0.000234242288213309	0.0240299943933637	0.903620306338738
EBF1	2.98072084791381	-0.195566370055478	5.52185186423496	0.00023434454300672	0.0240299943933637	0.916912537996137
PIP5K1B	1.6471490923227	3.68387041725719	5.52000495704844	0.000234961448754429	0.0240299943933637	0.819809999402469
ENPP6	-3.34571353961489	-2.68371002614368	-5.51810451115771	0.000235598051202376	0.0240299943933637	0.767150544282903
AJUBA	-2.66346360843946	3.6390864028106	-5.50654496554608	0.000239510165533614	0.0243118539658031	0.803831262949591
CCDC92B	-1.32034264514084	3.55719315627082	-5.50299659371449	0.000240724938203122	0.0243118539658031	0.804754123909993
MMP9	-1.76749907022957	2.69754310165733	-5.50098242278445	0.000241417412741247	0.0243118539658031	0.854601394077076
ACP7	-4.23061999680698	-3.02360865412348	-5.49623420851855	0.000243058299199776	0.0243310865600473	0.710070284273709
POLR3GP1	2.11250600593406	3.25677330378826	5.49453822989312	0.000243647282350161	0.0243310865600473	0.813418153013238
PTBP2	0.973187720194962	6.01424727911663	5.48041582494427	0.00024861141821558	0.0247233696606302	0.608669075987055
PLEKHN1	-3.27937095233718	-0.472073339284934	-5.46115837962184	0.000255555564670015	0.0252075173229196	0.830687094800874
KLK8	-2.28993087714688	-0.56718144191584	-5.46025168318446	0.00025588758545571	0.0252075173229196	0.826636731859916
DHRS3	-3.1597836450164	1.64857536593576	-5.45817882705684	0.000256648372626198	0.0252075173229196	0.831626964764359
HPN	-1.96104532050597	3.50663622565608	-5.45270178340015	0.000258670235994771	0.0252240584661595	0.73619698250902
ADAM8	-2.19449243408999	1.50548777818221	-5.4520000690817	0.000258930503381618	0.0252240584661595	0.826056816326786
GAP43	1.44747536132865	5.33147345991502	5.43781891344981	0.000264250760736102	0.0254833810713026	0.579461053806631
RND3	1.84722413055988	6.72592059893294	5.43694486876032	0.00026458247100518	0.0254833810713026	0.519967150639141
ENSG00000289297	-2.20908889557147	-0.101567539796022	-5.43638368755484	0.000264795680466043	0.0254833810713026	0.806699378821306
ANO9	-3.39759677201287	1.06516736287949	-5.41824599846278	0.000271786560259484	0.0260511238301731	0.786131709142587
ENSG00000291003	1.74833741629334	5.15316862100554	5.41376541232267	0.000273543737705953	0.0260792872967066	0.554884317876977
PHYHIPL	2.43823849415136	-0.68463242074091	5.40926379719583	0.000275321392766256	0.0260792872967066	0.756667524432276
PDZRN4	3.56851397731286	-0.939762599913744	5.40917025786419	0.000275358461422469	0.0260792872967066	0.747239408567345
LINC03040	-3.6903876301107	0.333310857418673	-5.40357644053195	0.00027758495667743	0.0261862456957321	0.767921676210018
CCL25	-2.47492958726584	-1.66124472955149	-5.39510561538147	0.000280993277797598	0.0264034116582491	0.693545299357797
OLIG2	2.12119942856914	1.57362246745007	5.38947009265806	0.000283285535973311	0.0265144152434314	0.738062579981616
CDH15	-3.39911958675923	-2.21031874185159	-5.37671691029678	0.000288546997694251	0.0266208116580168	0.635176627580109
ENSG00000271754	2.28662845083442	-0.581139630971553	5.37594843808434	0.000288867355995066	0.0266208116580168	0.716348519626514
LINC02885	-3.34083959547504	-2.84314132707508	-5.37567912861679	0.000288979714769805	0.0266208116580168	0.584703668771009
MOGAT3	-3.63758650884957	-3.13570740601984	-5.37322270774503	0.000290006717096293	0.0266208116580168	0.5558968412643
MAMDC2	-1.43112800262082	2.66334362912262	-5.37092810240798	0.000290969588455666	0.0266208116580168	0.671900898414919
SSH3	-1.26886809460415	4.29200218296497	-5.37058326167259	0.000291114586782687	0.0266208116580168	0.554907755735516
ITGA3	-1.30756872832594	4.83697973197315	-5.36640060540649	0.000292879464649896	0.0266799777969431	0.506469042613254
TK1	-1.45177218217775	5.47394466380615	-5.36274556806567	0.000294431070504014	0.0267137007110843	0.460223817935035
TDRG1	-2.54073683723648	-0.145381226335404	-5.35863438391457	0.00029618681341712	0.0267137007110843	0.702832283329947
RAC3	-1.58942647587842	5.86758321759224	-5.35765323469038	0.000296607478461363	0.0267137007110843	0.433003437419517
TDRP	-1.18253536868355	5.20624217961136	-5.33766573376052	0.00030531742622802	0.02739477823979	0.438739296474816
NEURL1B	-1.11681795326247	4.07252909939268	-5.3349884372072	0.000306504696663464	0.0273983056002505	0.520558567102003
KCNE5	-2.01644656405676	1.49766689220658	-5.33198980936597	0.000307840319406317	0.0274016604782535	0.659669972901683
RGS5	-2.79462249157115	1.69305566357252	-5.32975800353358	0.000308838424127465	0.0274016604782535	0.651621066245199
MAS1	4.16135010086981	0.866389882554021	5.29793560390688	0.000323452087080106	0.028488727744043	0.622726177977194
ENSG00000289533	-10.3527117164734	1.6792642585843	-5.29788092382447	0.000323477823716246	0.028488727744043	0.607172258980376
ENSG00000303091	-2.33074719480114	-1.49918830229908	-5.29353658254229	0.000325529605387534	0.0285108800884715	0.573759988787025
ENSG00000225411	3.19298930339045	-2.608017454507	5.29229508031063	0.000326118501032921	0.0285108800884715	0.502996927275815
ENSG00000232721	2.51981255099855	-0.503493005755195	5.28893425725203	0.000327718390261307	0.0285461854757906	0.603482650601151
RFX5-AS1	2.03936166705183	1.29175140293943	5.27035911058051	0.000336713328724375	0.0292230436969624	0.577906461326188
ST8SIA3	1.52433627098196	4.07455420390178	5.2638009220545	0.000339951728085999	0.0292770995325635	0.415352121933554
MIR4435-2HG	-3.86357707263404	-0.522092846474974	-5.26214528065625	0.000340774518164877	0.0292770995325635	0.567443502509027
FAR2P2	2.67078938081688	2.6363075823728	5.26015311778228	0.000341767363888868	0.0292770995325635	0.51427398262584
MAEL	2.50595964132604	-1.6026321648218	5.2587137164032	0.000342486647024588	0.0292770995325635	0.524075070834623
ENSG00000310059	1.97861636017534	7.77151862378711	5.25675196574924	0.000343469554997183	0.0292770995325635	0.223349892695162
ENSG00000203635	-4.57973331193394	-2.89209647160767	-5.25002126609762	0.00034686481967002	0.029411026392953	0.429686250234404
COL18A1	-2.10206553437494	7.48246774709286	-5.24644453497565	0.000348683635740699	0.029411026392953	0.214496282700154
KCNA2	1.96238214780489	0.991180868285175	5.24633870366404	0.000348737607123044	0.029411026392953	0.549587459879744
B2M	1.26468305090484	6.22189357107748	5.2311994081239	0.000356550864386914	0.0299617501763316	0.228645641545179
CRYAB	-2.05633815296784	-0.591698566458171	-5.2288529452612	0.000357778472378368	0.0299617501763316	0.521558970877056
CDH10	3.25158028855009	2.25410065036628	5.21830310939042	0.000363353834861426	0.0303222586595722	0.472883152000812
TP73	-2.23458726609733	1.8054289890498	-5.19956194369484	0.000373487918146124	0.0308533194552691	0.46374764549391
MYL9	-9.35453449815172	1.31933262384959	-5.19732319612182	0.000374718500813746	0.0308533194552691	0.47455738942879
ACAP1	-2.2156859522218	3.41708810202325	-5.19575029577389	0.000375585669452682	0.0308533194552691	0.368469957482319
MSL3B	-1.31176112416116	3.77442812029856	-5.19467664557152	0.000376178820968889	0.0308533194552691	0.338009590402828
RAB12	1.21056451899565	6.099382688138	5.19467239896812	0.000376181169040235	0.0308533194552691	0.178146301482582
MIR503HG	2.00302151950856	1.2493847225729	5.19033999223234	0.000378584843309423	0.0309441248468014	0.466283810557238
CFAP95	2.41925421582045	4.39850155052676	5.18689923476193	0.000380505484866487	0.0309813572937164	0.273557986902136
LINC01405	-3.14651406349057	1.79458053922869	-5.18222364357114	0.000383132080607677	0.0309813572937164	0.439333635844921
SOX15	-3.66357513968405	0.0558461905873739	-5.18015081324198	0.000384302707526532	0.0309813572937164	0.463439384837672
ENSG00000233577	-2.64007273650836	-0.738654439492095	-5.176268602708	0.000386505448880708	0.0309813572937164	0.448023039967154
ENSG00000254533	3.55715402885311	-2.3720704641225	5.17521852137655	0.000387103568105864	0.0309813572937164	0.374521551547262
ENTPD2	-2.82497873435956	1.14937750027272	-5.17299271216515	0.000388374638643088	0.0309813572937164	0.443924361670097
ARTN	-1.85116499696643	1.63731583694634	-5.1717397973635	0.000389092084488413	0.0309813572937164	0.429530635193472
EPS8L1	-1.48914718515582	3.06337197403646	-5.16939755190274	0.000390437096267653	0.0309813572937164	0.355617153869306
ENSG00000283674	1.51411523756087	3.77591875224363	5.16890058187054	0.000390723113311628	0.0309813572937164	0.299564701227005
HECTD2	1.22959854927279	4.59039810185261	5.15927204231615	0.000396308852193105	0.031224872276674	0.21631148542592
TMT1B	-2.24611553226313	0.250807749800519	-5.15909767325291	0.000396410788948432	0.031224872276674	0.434583387922473
ADAP1	-2.71136095710464	-0.124234363949562	-5.15257870946832	0.000400241920383683	0.0313861160796873	0.424849206080902
PLPPR1	1.57409993250248	2.18852343492645	5.14988726915404	0.000401835145293946	0.0313861160796873	0.377065960852892
ALPL	-0.914152433595868	7.80819377734021	-5.14893080036304	0.00040240296310321	0.0313861160796873	0.0585563376447329
ZNF516	1.00800574009435	5.59836456588525	5.13763051956463	0.000409176600194199	0.031734044646174	0.114941643135106
GABRB3	1.29756885514706	8.7770310996472	5.13705797688884	0.00040952301298955	0.031734044646174	0.0205455101390646
ENSG00000279495	-2.28783066595199	0.685233115375696	-5.13200511090883	0.000412593795946266	0.0318685311580891	0.393814630871976
KRTCAP3	-1.619723465538	3.33584633021271	-5.12772373441777	0.00041521492307677	0.0319651317676574	0.274090354157416
OTX1	-4.27484724043172	-1.54653973478437	-5.12298124209218	0.000418139076720374	0.0319651317676574	0.351169247188678
THBD	2.02586760268717	-0.0367089075455388	5.120477380598	0.000419691764836851	0.0319651317676574	0.381188116594198
AJAP1	1.61733916198191	4.33771527257645	5.11859646907759	0.000420862190623898	0.0319651317676574	0.175993358603876
TSHZ1	3.5272091733409	1.47834874833231	5.1165526789342	0.000422137913181659	0.0319651317676574	0.35547388338968
ENSG00000291091	1.18868391921514	4.12008825153972	5.11589896001301	0.000422546829990174	0.0319651317676574	0.190739234125467
TMC6	-1.62296074164533	5.29512552395035	-5.11017798610398	0.000426143493143153	0.0319651317676574	0.0908111655401918
KCTD11	-1.58052827465112	2.80413804878678	-5.10832350654508	0.000427316355485262	0.0319651317676574	0.282959572041065
KCNH5	3.28872208403663	2.69558186276033	5.10788181094368	0.000427596211807037	0.0319651317676574	0.28903685738841
NOTO	-2.57467675163963	-2.78737997783871	-5.1065839642213	0.000428419651790291	0.0319651317676574	0.261376900893247
LINC01633	2.78158188759765	-2.82825141180523	5.10633660159439	0.000428576786594476	0.0319651317676574	0.258233020120858
POU3F3	6.61500119391255	-0.909474714881001	5.10208800291993	0.000431285273151099	0.0320669333778732	0.344614029622119
FBXO17	-1.10600402304024	3.80648209780304	-5.09351508204682	0.000436806187184279	0.0323765629488422	0.184269587154414
ZNF132	-2.05419916910903	0.606473699838343	-5.09111693838976	0.000438364016188527	0.0323914364531628	0.337354281488578
PHLDA1	-1.41068577252093	5.692618761227	-5.08680676862252	0.000441178786559916	0.0324988089469923	0.0325347863603547
ENSG00000227733	-2.45560444594353	-0.948208449629139	-5.07999934012006	0.000445663677034305	0.0326481838425247	0.314017489585938
LINC02901	-2.32024285121536	-1.38060554902896	-5.07957864616039	0.000445942428150294	0.0326481838425247	0.300527172757437
NAT8L	-1.6220992819247	4.22556054278609	-5.07458755408907	0.000449263721578783	0.0327907560945591	0.119243145793048
PODXL	-1.13254487446798	10.0489432129007	-5.07126691589606	0.000451488005950831	0.0328526348720381	-0.101822242127244
SLC44A5	1.76645545362692	2.93585147088625	5.06876988404941	0.000453168331550549	0.0328746765018752	0.215831671925074
KIF12	-2.10903845882268	0.747016344220501	-5.06254704398103	0.000457384902984614	0.03288326002602	0.295101958322742
PHF6	1.08005833966824	7.69472010568581	5.0624528437262	0.000457449052738929	0.03288326002602	-0.0715394335036139
HAGHL	-1.95361287888832	2.40242623034588	-5.06207345154346	0.000457707513316357	0.03288326002602	0.238453540979918
ZFHX3	2.37866845250478	1.73667023775876	5.06047562737651	0.00045879773698683	0.03288326002602	0.266138814355704
NEGR1	2.25539533690846	3.49552742846622	5.05401351084788	0.000463235235022464	0.032979315405272	0.151342739842109
ENSG00000287312	-2.41651532836578	-1.75506439121143	-5.05386145559816	0.000463340199089871	0.032979315405272	0.251971085882081
ZSWIM6	1.12133612699295	4.87473337464011	5.05249685607614	0.000464283319066971	0.032979315405272	0.0320515592377744
FNDC3A	0.999576801321998	6.21159073343367	5.04990188270831	0.000466082433934981	0.0330088707736682	-0.0472814951292708
ENSG00000289070	3.57025349692061	-2.19173530753224	5.04099209798881	0.00047231635406178	0.0333326332553324	0.214412433750555
ENSG00000302547	3.78218920362427	-1.64176767291828	5.03624338115979	0.000475675097262106	0.0333326332553324	0.233550982214303
TEX9	1.40753681722091	3.70992975303781	5.03589172164062	0.000475924833205145	0.0333326332553324	0.105981012267693
ENSAP2	1.97184135511674	3.15409268473462	5.03272727089537	0.00047817840028681	0.0333326332553324	0.146514915068951
ENSG00000290888	1.63155363268953	2.12273219716647	5.03207228958004	0.000478646263010393	0.0333326332553324	0.208530734278615
UPF3B	1.36898299299891	6.33060589896948	5.03153065610382	0.000479033527740353	0.0333326332553324	-0.0800636621051236
PRKCA	1.26390776318524	6.17710926400863	5.02922951199682	0.000480682553937164	0.033350146845402	-0.0777301766213983
ESPN	-1.74942489512338	3.71489843664577	-5.01836559191933	0.000488549760736205	0.0337737123597262	0.0791164116635308
ENSG00000287526	-3.6851932122433	-3.2972816208544	-5.01690529434052	0.000489617651002023	0.0337737123597262	0.113630487370454
ACOT1	-2.05805552347771	0.279103816934563	-5.00302931412024	0.000499889732005154	0.0342884211921676	0.216714813593067
BCHE	2.73407417137333	3.74059576983618	5.00294522155533	0.000499952678379115	0.0342884211921676	0.0535748241996323
ENSG00000258072	-2.24876734238397	-0.624451121341967	-5.00029704682202	0.000501939254882999	0.0343260292157379	0.211670311898683
NELL1	2.48303905109343	0.796283101311036	4.99598114835321	0.000505194922637875	0.0344208495169415	0.199598819517529
GRIN2D	-1.71744210836576	3.41292608308009	-4.99464132568374	0.000506210172223006	0.0344208495169415	0.0689703764145371
ENSG00000287272	3.16017664826683	-2.86539168590619	4.99090709771818	0.000509051252115947	0.0345156995291231	0.111389419509897
ENSG00000224789	-3.30545920171914	-1.75515781337106	-4.98686221101757	0.000512147835599106	0.0345609967904271	0.163967684892662
SLC18A2	-1.32017100155637	3.01555994179263	-4.98625365960115	0.000512615446591997	0.0345609967904271	0.0872889079838419
NPIPA2	-3.33665075702567	-2.47714527660129	-4.97805431501016	0.000518960297215117	0.0348902124327696	0.118222452116004
REG1A	2.6615948737038	-0.583966243729782	4.97383240272559	0.000522259845254091	0.0349889770434304	0.17571925534809
AKR1A1	-0.961890196846921	6.99208087880643	-4.971251408865	0.00052428795106072	0.0349889770434304	-0.194452087779604
ENSG00000292979	2.03533785413361	0.722190338526607	4.96815852426475	0.000526729331393228	0.0349889770434304	0.161235419609604
CACNB2	1.39680701377913	2.57605413408924	4.96772715835596	0.000527070791275718	0.0349889770434304	0.0890663973273798
RHBDF1	-2.29299469524836	3.42295747578995	-4.96685824147144	0.000527759321893617	0.0349889770434304	0.0262329116134099
ENSG00000272328	1.49887440649651	2.08302785444436	4.95380920591821	0.000538215235248476	0.0354897320787455	0.0953812920357597
ZNF225-AS1	1.96182263189477	3.52002606743095	4.95173297389326	0.000539899086951954	0.0354897320787455	-0.00484995860990889
PBX3	1.30634666344937	6.26963782520861	4.95071334329605	0.000540728070946454	0.0354897320787455	-0.202715259984051
ENSG00000296134	2.40369367370785	3.06193142224919	4.95005944093532	0.000541260421362691	0.0354897320787455	0.0295569842519567
GRIN1	-5.22065961318891	-1.67498250345597	-4.94063148633555	0.000548998089307355	0.035898458623284	0.105714420414308
SLC39A4	-1.91132950202996	0.477564987034467	-4.93503417157274	0.000553647455577659	0.0361035623559344	0.118011193027932
ENSG00000214546	-2.68112853707384	-3.64571998234464	-4.92971602897952	0.000558103722168824	0.0362490669845841	-0.0201517888191987
ANKRD27	-0.8563275031368	6.13594487264514	-4.92777784549823	0.00055973726369259	0.0362490669845841	-0.233036976945991
SCGB1B2P	-1.89501032731808	-0.525004461198534	-4.92695164188327	0.000560435149675768	0.0362490669845841	0.111327371742493
FOXO1	0.85818299587794	5.91489164682788	4.92440806198435	0.000562589499251357	0.0362506015014378	-0.228625028443623
ANXA2P2	-1.73089633982345	4.68581604290109	-4.92334017906694	0.000563496591822744	0.0362506015014378	-0.151066649682619
PTGR3	1.44718811626426	4.1196419801462	4.91856020717382	0.000567575941014434	0.0364148789897621	-0.108876742908896
ENSG00000278952	2.14695191052619	-1.60264927886543	4.91550507792082	0.00057019969915252	0.0364851373181587	0.0746249496413629
CRB3	-3.62961916505508	2.01076211377934	-4.91205424781811	0.000573178798004038	0.0365776961817176	0.0371595326331882
PRR3	1.67934399735938	5.02644199209003	4.90865813076261	0.000576126818118284	0.0366677833814109	-0.200312652515627
PCDHGB6	1.99129794101045	4.31302972311192	4.90526572967888	0.000579087704594716	0.0367582080998992	-0.146751656481793
ENSG00000287460	3.35728174162947	-2.34343780939446	4.90206839628254	0.000581893141621393	0.0368383119657236	0.0268331995394213
SHC3	1.63100755747517	4.47259270554126	4.89557137024957	0.000587638415234724	0.0371036139058391	-0.175741645773096
MLLT11	1.88295661007806	7.2303103167216	4.88916329263995	0.000593364106584009	0.0371789522714145	-0.328892759733869
ONECUT1	3.41173384737735	3.14085476627916	4.88823696876917	0.000594196678872081	0.0371789522714145	-0.0698331952229871
PIM1	-1.41313309596428	5.27155352756547	-4.88817206601438	0.000594255059443743	0.0371789522714145	-0.249123976197414
LMO4	1.16185733681748	6.6711131889513	4.88685059998959	0.000595445055370767	0.0371789522714145	-0.316184786061745
ENSG00000248540	3.60141068843249	2.64132960467664	4.88554817226044	0.000596620384629478	0.0371789522714145	-0.0378960241121584
SEPTIN3	0.96440007247065	6.87233454597088	4.87502019815711	0.000606211945877219	0.0376180383451641	-0.340904613294826
MIR3681HG	2.84676008182156	-1.34360956478443	4.87436003925941	0.000606818819411245	0.0376180383451641	0.0264596530862571
SERHL	-2.23833044666484	-1.33136803064357	-4.8695530067342	0.000611257353169447	0.0377950239587958	0.0202153551713593
AMOTL2	-3.40394011761307	3.05207346182408	-4.86481490711133	0.000615665998385125	0.0379692516368418	-0.0984048570485392
BEX3	0.992063481884628	8.80198439464042	4.86268317461021	0.000617660509214671	0.0379940808593468	-0.405736331646055
FGF10	2.77515467584705	-2.19439894952776	4.85378206276934	0.000626063100000068	0.0383217923821244	-0.0297625513827802
PCDHB9	-2.21704330162952	-0.190170191563583	-4.85192554534624	0.000627830891969152	0.0383217923821244	0.00637646458087371
MAP1B	1.25698085235138	7.87950776008111	4.8514550758558	0.000628279718450126	0.0383217923821244	-0.404114937167267
LMCD1	-1.80165067296391	1.92820052396189	-4.84832332022356	0.000631276100590235	0.0383217923821244	-0.0534321972220351
GREP1	-3.31786434806734	-1.77281849056603	-4.84661060757244	0.000632921194880848	0.0383217923821244	-0.0233673131743029
SLC4A4	1.55822060387631	1.3878067304693	4.84562988232459	0.000633865250016067	0.0383217923821244	-0.0347717347645826
HTRA1	0.870903720564816	5.21556374873175	4.84465921960381	0.000634801091311859	0.0383217923821244	-0.313107537568065
SLC7A8	1.53046626582896	9.23846462644902	4.8431819114899	0.000636228219399089	0.0383217923821244	-0.444379971468116
NEFH	1.51034523768106	3.37306979831783	4.84193153207446	0.000637438788943033	0.0383217923821244	-0.159324307290906
SUMO2P21	1.4209167766714	5.58948012423107	4.8374709133703	0.000641777353416845	0.0384459855007562	-0.347485270949781
LINC02928	2.93142986748592	-3.17234713838885	4.83649955476263	0.000642726283772645	0.0384459855007562	-0.103491841154459
SLC30A3	-1.96012190715984	2.43208727345725	-4.8331639656442	0.000645996212867573	0.0385449790312759	-0.103449004739773
MPG	-1.11274602652764	4.36335976543488	-4.82845504206089	0.000650642542958705	0.0386828899134106	-0.26992227849269
LGI2	1.32104477565014	4.57073734321221	4.82754046158972	0.00065154907383379	0.0386828899134106	-0.289608202361416
MYO1F	-2.0365479846213	1.30147992964112	-4.82507613444329	0.000653998391921321	0.0387319593548044	-0.0619468069031521
SMYD2	1.59906306498242	3.54073521388158	4.81331330463901	0.000665825002137001	0.0390934111252693	-0.217813194048665
CD151	-1.33624353841791	5.56258286888502	-4.81283728875734	0.000666308352807509	0.0390934111252693	-0.38451902255497
EGFR	1.2784561868341	4.34232684774124	4.81199736054562	0.000667162131806448	0.0390934111252693	-0.293558793183966
INHBB	2.20036411390283	-0.660185216843219	4.81046974725796	0.000668717913902069	0.0390934111252693	-0.0519686511041133
FGF7P3	1.62522969408032	0.150639725073596	4.81026547890961	0.000668926240606682	0.0390934111252693	-0.0560017255579597
USP51	1.05891879513681	3.87272022118472	4.80928279966009	0.00066992940672205	0.0390934111252693	-0.254355140787734
RHOQP3	2.35643925624912	-1.0948230070339	4.80621725452793	0.000673069135346904	0.0391089586601005	-0.0621061099199345
MAPK6-DT	-2.84870100268611	-2.86115775312692	-4.80245102434994	0.000676947899026143	0.0391089586601005	-0.129032047332222
SPN	-1.69942042896895	0.437113803894369	-4.80122483554183	0.000678215839200818	0.0391089586601005	-0.0735806699718609
ALX1	1.90014430580235	0.939976727807761	4.79870568980103	0.000680828675664967	0.0391089586601005	-0.0891641787982582
KLHL4	1.7049123075861	6.44784622781501	4.7985251308548	0.000681016359674411	0.0391089586601005	-0.447141629031984
SIGIRR	-1.63230432765157	3.62636651809105	-4.79833606093751	0.000681212949357768	0.0391089586601005	-0.248564378052183
SORBS2	1.96255844850406	7.18270877867031	4.79790038398667	0.000681666183542204	0.0391089586601005	-0.470910913591448
TP53BP2	1.08352733576341	6.67725106847622	4.79445856664609	0.000685257971125372	0.0392207481938831	-0.461333563269718
CCL26	-3.88482331342236	-0.104780928176013	-4.78850990843593	0.00069151326377393	0.0393232206448651	-0.0843825889180341
ENSG00000287029	3.51781479589443	-3.15767408676403	4.78599930863897	0.000694171433008969	0.0393232206448651	-0.167035954010952
ARHGEF19	-2.41145642748773	4.73432239577521	-4.7833928097027	0.000696942612220417	0.0393232206448651	-0.372312459782153
CCDC125	-4.41479612298153	-1.81252784163811	-4.78252785068821	0.00069786481178194	0.0393232206448651	-0.110983534385784
ADAD2	-3.43788478348355	-2.09538306089557	-4.78155429106806	0.000698904347765691	0.0393232206448651	-0.121833748960568
EID3	-3.8561402982008	-1.95709808648502	-4.78111792861809	0.000699370814800874	0.0393232206448651	-0.117550208456035
MAGEB17-AS1	-3.5882540388025	-2.530383508179	-4.78038161659616	0.000700158673972845	0.0393232206448651	-0.141323125394345
SNX10-AS1	2.83318645510642	0.550044776638793	4.78031580808772	0.000700229135378039	0.0393232206448651	-0.106201036759371
MIR106AHG	3.64478873266641	0.206756609520899	4.77642337723414	0.000704410186506837	0.0394651594398091	-0.1054931514304
AMIGO2	1.91690367844569	4.43694491909759	4.7727076445805	0.000708426153018204	0.0395312823391121	-0.363161923021078
ENSG00000230105	2.38058471547136	-0.979604941326228	4.77226789520294	0.00070890303939079	0.0395312823391121	-0.107784296296966
MATN3	-1.48040851301679	2.62225077066068	-4.7679342180457	0.000713620953327233	0.0397016114057367	-0.214295071638309
CALCRL	2.67349157102824	2.20323606917734	4.75967729409701	0.000722702389056223	0.0401133439990811	-0.200667041215649
CRYBG2	-1.97394305582332	3.36731537193004	-4.75327670509812	0.000729826437044857	0.0404081833808611	-0.294837988908268
SHISA2	-2.45867613873897	4.0045596058695	-4.75187144847367	0.000731400478507227	0.0404081833808611	-0.355655099408614
MEIS3P2	-2.51640974922246	0.753429203632916	-4.74818661145577	0.00073554502232309	0.0404250735943132	-0.158037175154587
ENSG00000310134	-2.48779405846186	-0.600441240398432	-4.74574200372411	0.000738308348021406	0.0404250735943132	-0.1430389788392
COL26A1	-1.47339707453011	6.0341767356722	-4.7439858819707	0.000740300219476702	0.0404250735943132	-0.516667615117886
ENSG00000297950	-1.80483970747111	0.97260510907198	-4.7432352675064	0.000741153337518287	0.0404250735943132	-0.171644813606846
NGFR	-1.32124718492627	4.97992222483864	-4.74314794742678	0.000741252649662192	0.0404250735943132	-0.454972383398022
BEND7	1.15728838320093	3.82221538365542	4.74141283819192	0.000743228978253479	0.0404250735943132	-0.354739204457816
ISLR2	2.82061108347933	4.0236189863602	4.73987557686828	0.000744984622001415	0.0404250735943132	-0.376105638561096
TRIM2	0.848364719544581	6.34625971785477	4.73963802596427	0.000745256311287459	0.0404250735943132	-0.536319482185335
SRMS	-3.2627208881187	-1.43411500397287	-4.73528924028915	0.000750248670968199	0.0406035941723311	-0.165940740483654
LINC03000	3.57350788922141	-2.35119378845226	4.72869604362259	0.000757885338342817	0.0409240935978009	-0.202172222914149
FAM120C	1.26352759199104	3.43180288805825	4.72690114479633	0.000759978547822819	0.0409444875866529	-0.34125396594402
ACHE	-1.76241745972529	1.73557175247352	-4.72488799039907	0.000762333581333086	0.0409545976979895	-0.228690725119503
CMC4	-3.35968289944752	-1.80093212822582	-4.72380975569701	0.000763598105149593	0.0409545976979895	-0.190348468146911
ENSG00000267260	-2.60843486836475	0.256748628187795	-4.71989202200741	0.000768211465429624	0.0411096480838763	-0.18820057186794
ENTREP1	-3.01512542115947	1.87701549726253	-4.71510671898983	0.000773886559406524	0.0412783049385722	-0.250309645710494
CLDN4	-4.97117670474391	1.9269557591609	-4.71432137878204	0.000774822165017821	0.0412783049385722	-0.254050574145165
GLS2	-1.27091029038673	3.53553046447428	-4.70275083494807	0.000788746423750046	0.0419265276072213	-0.388043406244203
SYT11	-2.39470766315906	3.12817528962378	-4.70026249535518	0.000791775456120915	0.0419940106916397	-0.356174852059238
CCDC92	1.9278544894668	2.15672767376002	4.69753723051788	0.000795107045060098	0.0420140582282017	-0.292008731884541
ZNF677	-1.54467079752258	3.74344837508888	-4.69707456105276	0.00079567412406868	0.0420140582282017	-0.416221793972603
OAF	2.12383327795804	2.25993499564043	4.69230620829819	0.000801543574026603	0.0422305529388365	-0.306035818715039
PCDHGA9	3.31660305928504	0.209618443403882	4.68841499411792	0.000806367333931686	0.0423911214954792	-0.233143786438895
PDCD1	-3.10972487074643	-1.20836592901704	-4.6812397560719	0.000815342984462225	0.0426785760269167	-0.237464048708558
ENSG00000264449	4.12317482557717	-1.38874905292353	4.68056871636399	0.000816187797768397	0.0426785760269167	-0.24090004172587
COL9A3	-1.93709982045049	4.28031386776059	-4.67758495283393	0.000819955487479181	0.0426785760269167	-0.497684999055562
AHCY	-1.02530718142327	8.50168310156647	-4.67705054992994	0.000820632237892805	0.0426785760269167	-0.693824890660284
ENSG00000261754	1.46053807298434	2.26592412836102	4.67663775711027	0.000821155390340813	0.0426785760269167	-0.330243189100225
NMRAL1	-1.04814448616389	5.25296705994515	-4.6755273495167	0.000822564418334172	0.0426785760269167	-0.581438793079309
FGF22	-3.62093313589216	-2.82107549716063	-4.6712882514202	0.000827967130463932	0.042761257882262	-0.298437612273334
FLT1	0.852029408926705	7.1755917037788	4.66988785566418	0.000829760179176298	0.042761257882262	-0.673653586320753
KLRG2	-1.90879609504076	3.13325836849597	-4.66873567862959	0.000831238496194279	0.042761257882262	-0.405301569615031
B3GNT3	-1.48184537347092	1.05878574441571	-4.66866865620872	0.000831324576082857	0.042761257882262	-0.28496679668492
ECHDC2	-2.77590711319482	1.60815013859136	-4.66452930364396	0.000836659275236515	0.0429431116603654	-0.313482890270302
MRPS21	0.850196875244213	6.46148300421451	4.66048589211543	0.000841905350187014	0.0431196459075396	-0.666205746098236
ADRA2C	-1.51519279161903	3.34932609943759	-4.65902538827892	0.000843808818938132	0.0431245933224762	-0.439073132107455
ENSG00000290960	-3.40940203426875	4.72062236154098	-4.65698372918029	0.000846477348314591	0.0431685360517614	-0.569779877582149
SOSTDC1	1.95224105616522	-0.354892700957751	4.65529380091473	0.000848692912589652	0.0431892403939813	-0.273340669971843
SAP18	1.19814898630347	8.12349470009435	4.65122486156358	0.00085405269182635	0.0432149804087555	-0.727003591568354
TOGARAM2	-3.06724675726876	-1.20345284809454	-4.65098342621354	0.000854371845286842	0.0432149804087555	-0.279812202673202
FILIP1L	2.98417567934923	-0.258862710193345	4.65066170476733	0.000854797325269794	0.0432149804087555	-0.280988454226902
ILDR1	-4.23121020725568	-0.436379657857771	-4.64942018636903	0.00085644135137811	0.0432149804087555	-0.281122050005914
ENSG00000253348	-5.67767904696016	-1.93724586637326	-4.6477276036339	0.000858688076077732	0.0432305470060144	-0.297958345205084
VPS45	0.956265197870589	5.47994529466304	4.64642040749171	0.000860427512204628	0.0432305470060144	-0.642249811908207
VEPH1	-2.62670535494749	0.717549857922505	-4.64504579513539	0.000862260682161104	0.0432305470060144	-0.309039865978103
SLC7A3	-1.17312528388545	6.00985638329849	-4.64251392840685	0.000865647988543541	0.0432305470060144	-0.676545658134159
CLDN19	-1.97144819752782	2.81144134312535	-4.64236564088028	0.000865846814159761	0.0432305470060144	-0.420181261246897
PAX4	-2.9740648108557	-3.61363227975613	-4.64104646118795	0.000867617715501777	0.0432305470060144	-0.380148500319007
B4GALNT3	-1.61866169017051	4.30806397893806	-4.63623656884648	0.000874107195677572	0.0434631592484096	-0.565359844790011
MPZL2	-2.60164810031539	0.115083618207332	-4.62918792739661	0.000883710187511767	0.043712325693178	-0.317845985763487
CER1	-5.88651040299288	-1.21506699137203	-4.62898702779655	0.00088398552266135	0.043712325693178	-0.310845295244993
TLE2	-2.54075569189679	2.93605214442	-4.62647795355072	0.000887431897619845	0.043712325693178	-0.454491691767778
ANKRD24	-1.55178386321298	2.81531919110399	-4.62633994506101	0.000887621873419299	0.043712325693178	-0.445220454972309
ARPC5	0.905280149512001	6.90200950731221	4.62444021754662	0.000890241326164801	0.043712325693178	-0.738258988258293
NOXO1	-3.34886309840421	-2.15934481528412	-4.62294753938303	0.000892305256899988	0.043712325693178	-0.338087228397671
PLAU	-1.53361898479345	4.54386732435132	-4.62219414532139	0.00089334890021806	0.043712325693178	-0.609271393208333
RAI2	1.28710485972259	2.52278330267624	4.62189023023292	0.000893770265985288	0.043712325693178	-0.430740960054179
EYA1	2.0849200872924	2.42249820359994	4.61983920891573	0.000896619429376837	0.0437619957483373	-0.427086439192885
SOCS3-DT	-3.57284524515776	-1.4636301832679	-4.61630126660969	0.000901556759713043	0.0439030480620888	-0.33162730005693
LRG1	-2.19025087334855	-0.247322374265096	-4.61513661758364	0.000903188360434307	0.0439030480620888	-0.332585213964043
CNKSR1	-2.63518651195495	2.34363823483826	-4.61157872409652	0.000908192134769055	0.0440565481311647	-0.434599798386457
LINC01096	2.58554978434921	-0.96789501747959	4.6064561861899	0.000915448001508525	0.0441589879840595	-0.341227463171962
CYP4V2	1.6190993500237	2.32000645394071	4.60634908263445	0.000915600362566016	0.0441589879840595	-0.441102515579091
DGKB	4.07761342242175	2.6518668358152	4.60610344456288	0.00091594989842482	0.0441589879840595	-0.46423123312533
CASP10	-2.24766648192255	1.01415170369208	-4.6042081970966	0.000918651533665564	0.0441589879840595	-0.379602122830232
GSTO2	-1.17631449201101	3.21825700568524	-4.60321910831572	0.000920064806717236	0.0441589879840595	-0.514319371929327
FAM50B	-5.11855890605609	-1.88312820492492	-4.60228256482762	0.000921405120713187	0.0441589879840595	-0.359056596786793
EZH2	0.906500636182914	6.54749989924693	4.60015365970164	0.000924459550421889	0.0442165853505396	-0.765604995910164
HCFC1R1	-1.18079012010164	4.90130625811834	-4.59726595372095	0.000928619799160244	0.0443267374931151	-0.679449323018577
ZNF880	-2.27667692303634	0.604698514722767	-4.58871912233558	0.000941049518147007	0.0448303969054184	-0.389310157047696
RIMS4	-2.04984570193074	5.48325406447824	-4.58609658271822	0.000944898698904868	0.0449240981011205	-0.738570514299506
NKAP	0.815745683214454	5.29069635842076	4.57287085263337	0.000964565955036279	0.0453546507635581	-0.747267630143749
ENSG00000286162	2.1505621322095	-1.83978639386595	4.57259074073106	0.000964987147575238	0.0453546507635581	-0.39916490493403
CNIH3	1.49963957475018	3.14116222519815	4.57225530665621	0.000965491781750804	0.0453546507635581	-0.555916143860832
TICAM1	-2.11051927181796	-0.440783065957148	-4.57207476165983	0.000965763513049528	0.0453546507635581	-0.392819485439239
RFPL1S	1.40945122109148	1.38264435239204	4.57070430988142	0.000967828766564493	0.0453546507635581	-0.444915295251138
BEST2	-2.16723414825961	0.536517021955742	-4.5705429715705	0.000968072208552347	0.0453546507635581	-0.414359736238259
ENOX1	2.04295465534285	1.38786095294358	4.56810275125457	0.000971762145067426	0.0453546507635581	-0.44908618244852
GH2	-2.54153952678451	-2.08343403400783	-4.56776428713077	0.000972275121359061	0.0453546507635581	-0.411504052125015
WTIP	-2.22498609222632	2.30648764660549	-4.5675658628688	0.000972575986383002	0.0453546507635581	-0.499857733168753
NCAM1	2.321852034153	5.74540383845517	4.56731421785441	0.000972957690155518	0.0453546507635581	-0.783647225107353
KCNE3	-2.38392460905311	-0.00493724474929214	-4.55974609998909	0.000984511627592339	0.0458037797577902	-0.417375853225646
ENSG00000260593	-3.73080351397921	-2.93820138996158	-4.5564321170836	0.000989616552543479	0.0458763232745343	-0.456000269948418
COBL	-3.07152361275794	3.45336398253568	-4.55570966446706	0.000990733145017514	0.0458763232745343	-0.610030467299363
AASS	-2.10670933098331	7.17488667307039	-4.55499605203874	0.000991837382564196	0.0458763232745343	-0.857662832949524
MMP15	-1.31704272420963	5.96987834423537	-4.55016604062446	0.000999345600788149	0.0461119789938695	-0.822417297161598
SHB	-1.95264138717232	1.41205808456339	-4.54848604747827	0.00100197120712752	0.0461119789938695	-0.479916766311001
ENSG00000261098	1.88072914603515	0.505368061766275	4.54800246614073	0.00100272833191512	0.0461119789938695	-0.447006073892841
LINC01829	-2.28741222153024	-1.97620661933444	-4.54546732747414	0.00100670741252109	0.0462059342589246	-0.439697368933066
KCTD1	0.897518727335937	4.56758916086252	4.53994569227435	0.00101543190953164	0.046379162044192	-0.742016465019889
ENSG00000290018	1.72485653882605	6.59316598464928	4.53855986350994	0.00101763412382333	0.046379162044192	-0.866076589166315
ZEB1	3.90264350868516	3.41421572592313	4.53826822040583	0.00101809821540555	0.046379162044192	-0.633760081034122
GIMAP4	2.54388719426483	-2.10665289496523	4.53817002012991	0.00101825453182874	0.046379162044192	-0.452849390096136
CNTLN	1.02560971125399	5.35985912284253	4.53521354654111	0.00102297258503038	0.0464928388329404	-0.81215836265975
ANO10	1.12704385488212	7.12563773546868	4.53299543222489	0.00102652750856729	0.0464928388329404	-0.891695606101822
TLR3	-1.79848430092731	-0.286038851314243	-4.53178434234683	0.00102847400599747	0.0464928388329404	-0.453531371158559
SCG3	1.47120256946573	6.30821488479749	4.53174189899574	0.00102854229286431	0.0464928388329404	-0.866588333855613
PXDC1	1.38806792025119	2.6025855317832	4.52711910927802	0.00103600864045791	0.0467418113833818	-0.582948443766851
KLF12	0.912431224130443	4.80231723800478	4.52197342470323	0.00104438695403217	0.046940345142769	-0.791314746056532
ENPP2	1.3516457421906	3.62829625729507	4.52053266917102	0.00104674563518449	0.046940345142769	-0.682122475418393
BCAN-AS2	-2.08455224524289	-1.58457365152704	-4.51981372748693	0.00104792472994553	0.046940345142769	-0.468619813234395
ENSG00000272121	-2.20902470152467	-1.91020614201026	-4.51953302177271	0.00104838548018043	0.046940345142769	-0.474308577024049
COL6A2	-1.23274311582568	6.43793642527678	-4.51840281137333	0.00105024277480365	0.046940345142769	-0.893017592938986
CTHRC1	-1.64270708333868	0.48477129580083	-4.5162562149341	0.00105377989624405	0.0470104014647791	-0.493750082191317
THSD7A	3.03490068937906	2.90297224063354	4.51201937721365	0.00106079827988993	0.0472268797970772	-0.629900474051215
EN2	4.8307852741864	-0.146422559413461	4.51094253026369	0.00106258995479241	0.0472268797970772	-0.486478535238765
PRPH2	-2.53451939587469	-1.06318012747719	-4.50694209995576	0.00106927399209851	0.0473480558519274	-0.483505546795902
SNRK-AS1	3.81016144880888	-2.47594595705228	4.50399567906085	0.0010742253658153	0.0473480558519274	-0.509945231962435
MTARC2	1.38533004875178	3.89731586752176	4.50337888364765	0.00107526493583775	0.0473480558519274	-0.735715789091906
RASAL1	-1.62805490087998	2.75212401229731	-4.50188475808271	0.00107778760000428	0.0473480558519274	-0.633621817238899
MLLT3	1.86733490563638	4.73635928268295	4.50174491516716	0.00107802402899849	0.0473480558519274	-0.818065481538339
TMOD2	1.21884980851194	3.27010659456573	4.49991177041622	0.00108112835476872	0.0473480558519274	-0.680793107297405
CCDC80	-1.62704701345052	3.11799758371799	-4.49976494157488	0.00108137740926524	0.0473480558519274	-0.667405814005861
NME5	1.52847359137434	1.08866521062602	4.49948929488677	0.00108184513133906	0.0473480558519274	-0.540213145298032
CBX7	-1.62509714946114	2.88289443260996	-4.49787014983683	0.00108459684369278	0.0473480558519274	-0.650386452828596
ESD	1.07126542990471	6.11347136941621	4.49754244536048	0.00108515467176454	0.0473480558519274	-0.913603474686156
MARK1	1.04979616978746	5.25851877140472	4.49454458355623	0.00109027181231631	0.0474845207017399	-0.870613170334431
GPM6A	2.19689438749457	3.9845877595241	4.49085431903284	0.00109660586691215	0.0476733920320443	-0.764304836092345
EPB41L3	1.03129581629076	5.50578899912964	4.48439399195416	0.00110778830544437	0.0480719699746194	-0.903122373470846
NCAL1	-2.63192726441516	-3.10351087596693	-4.48201500450344	0.00111193648276548	0.0481046111478344	-0.562377584908568
ERG	2.54644842092959	1.81694093576333	4.48165161586699	0.00111257155711252	0.0481046111478344	-0.602624936528148
NPY	2.81328081452246	-0.166386505684248	4.47645432758272	0.00112169661876115	0.0482675229780813	-0.536945286330421
HGSNAT	1.2254267314716	4.15247067263098	4.47620421381392	0.00112213774118214	0.0482675229780813	-0.804226546458008
ASAP1	0.887741993069552	6.13399818491417	4.47605189629145	0.00112240647139712	0.0482675229780813	-0.949198722534228
GAD2	2.27418196214008	0.199570339840184	4.4721957183708	0.00112923252835802	0.048473727975397	-0.551591827913605
VASN	-1.72159925004962	2.54541248624137	-4.47018038345633	0.00113281742897038	0.0484888670011022	-0.667401124994417
ALDH4A1	-1.83991128451148	5.33941046363532	-4.46971416201693	0.00113364845965622	0.0484888670011022	-0.916091889082194
CEP170	1.0733383762509	7.15402428759686	4.46683629754033	0.00113879247149558	0.048621752982442	-0.99946040316091
GRN	-0.935916724468333	6.94646369428457	-4.45902127155503	0.00115288611380985	0.0490653740325137	-1.00599686378545
ENSG00000288086	-3.011467138519	-3.39990638561134	-4.45715257017714	0.0011562833465429	0.0490653740325137	-0.608572901502288
PIPOX	-1.26343110951026	5.04573818379884	-4.45695852006854	0.00115663672808528	0.0490653740325137	-0.915447595247982
SNRPE	1.54646288324104	4.53695109314756	4.45653638982317	0.0011574058566349	0.0490653740325137	-0.872614424535236
ENSA	0.981705121576879	8.13633772293244	4.45128340007988	0.00116702219603491	0.0492456130730727	-1.04963184242853
EXO1	0.818065213437945	5.75685126714124	4.45094567010263	0.00116764333771587	0.0492456130730727	-0.971562922881143
BCAS4	-1.40057380828139	3.9100144519017	-4.44990674698784	0.00116955627973105	0.0492456130730727	-0.822061032434233
ABHD5	1.15741300914642	4.9316712895678	4.4484871887762	0.0011721754261839	0.0492456130730727	-0.920019038849658
PPP1R1A	1.39178660154418	5.0036575032357	4.44798749717855	0.0011730988518014	0.0492456130730727	-0.926572402287452
ENSG00000293389	1.74521486480115	-0.0182191152061874	4.44688061326403	0.00117514709942403	0.0492456130730727	-0.583922462767518
MATK	-1.90746459247804	3.86035750339585	-4.44582267462157	0.00117710830476794	0.0492456130730727	-0.823631219242417
KCNJ6-AS1	-4.60060566912943	-2.35200670992397	-4.44525385806035	0.00117816420432918	0.0492456130730727	-0.587260194650306
PAK6	-1.89146392073824	2.64086904642245	-4.43669268575048	0.00119417773900368	0.0498276924769243	-0.726965477731187
TOX2	1.4330842225026	4.00557699141728	4.43116703026305	0.00120463526436144	0.0501763173726255	-0.861599451091012
PPP3CA	1.39996083475383	7.14056324726619	4.42944887272054	0.0012079066128473	0.0502249253115445	-1.05976021781584
ATP13A2	-1.05772318457905	6.4630239086676	-4.42688662042861	0.00121280253478935	0.0503407966918564	-1.04199935020425
ENSG00000288967	-4.35599493632842	-0.33572549883782	-4.42244829596899	0.00122133285875406	0.0505338266122132	-0.61352174493462
KCNH6	-1.48133734744721	1.08976264837896	-4.42226443326463	0.00122168760025336	0.0505338266122132	-0.6577176299434
NPFFR2	1.87206483546758	3.69104755915393	4.41780450921427	0.00123032589180183	0.0506955806428442	-0.851346342491574
RFX4	3.73356895256076	0.92429589850262	4.41741926602075	0.0012310750758574	0.0506955806428442	-0.658167533312828
XPR1	1.27875490572301	7.32262836065963	4.41695921590455	0.00123197036799135	0.0506955806428442	-1.08519650464358
PRNP	1.20064561603552	5.6643567295415	4.41488827718928	0.0012360090864197	0.0507665395398997	-1.02481854823673
PLPP2	-1.35518035958873	5.02894571189201	-4.41389614174752	0.00123794888390755	0.0507665395398997	-0.983600387097623
ST18	3.85480199090773	-2.70709129539384	4.41236476323218	0.00124094930364993	0.0508022933622861	-0.642372614331749
GDF7	2.79754648967685	0.65032532580626	4.40860145797054	0.00124835536699506	0.0508280798030166	-0.661108774200612
DLC1	-1.60511553082942	1.22013863323683	-4.40828094238811	0.0012489882827538	0.0508280798030166	-0.684941766556872
WNT8A	2.65011864192592	0.785319752848986	4.40745253457706	0.00125062569207186	0.0508280798030166	-0.66785360083341
GUCY2F	-2.28619718657475	-3.34466681674997	-4.40675982506347	0.00125199662237044	0.0508280798030166	-0.673249159376427
ENSG00000246465	-1.32731192033017	2.01993765321881	-4.40664330458813	0.00125222738191535	0.0508280798030166	-0.73070420978859
FEZF1	-7.77988279772919	0.772310938485608	-4.39959387792638	0.0012662720283357	0.0512313345993375	-0.679300022366029
APOE	-1.27576813543349	8.11856338535013	-4.3974819604019	0.00127051189952662	0.0512313345993375	-1.13684743246505
P2RY2	-1.67513558069455	0.505404923581912	-4.39744511362652	0.00127058600564446	0.0512313345993375	-0.672947963272161
ATAT1	1.10103039037213	4.08515839617351	4.39736441766202	0.00127074831704059	0.0512313345993375	-0.92368626036169
PPP2R3A	0.784227319579268	5.39141791595308	4.39310912506756	0.00127933845045219	0.0514906758801727	-1.04344725872545
PDS5B	0.727261085799287	6.33992331291331	4.39092626404935	0.00128376872798358	0.0515637775317226	-1.0957725685845
MYBPC2	-1.58638164060924	2.01094683797268	-4.38976207513229	0.00128613814926978	0.0515637775317226	-0.756417978745307
ZNF280C	1.13061765196628	5.3481546028057	4.3890272276467	0.00128763612556696	0.0515637775317226	-1.04715132623396
HEY2	1.26452420257951	3.74010794755989	4.38533443513157	0.00129519174013257	0.051728186094422	-0.908124545184731
GRAMD2A	-2.22511888118621	0.315720128203971	-4.38490354895292	0.00129607639353351	0.051728186094422	-0.685752509957444
PPARG	1.86210607522333	-1.31557224261064	4.38205095625179	0.0013019491560811	0.0517932399814337	-0.663251266750715
TNFRSF12A	-1.32442377658703	4.53683163354237	-4.38114735784657	0.00130381528284327	0.0517932399814337	-0.993940170032542
ENSG00000299284	2.35578264744814	0.0666516251575174	4.38095322137822	0.0013042165847757	0.0517932399814337	-0.684491530478979
RALGPS2	0.875823565769583	6.45455073248763	4.378488568357	0.00130932263926182	0.0519096402512656	-1.1204175763042
CLDN1	2.01036786602549	4.26719251263994	4.37648816771155	0.00131348239349347	0.0519881994784554	-0.975437742838952
GRM8	2.47442722460719	2.63672844959427	4.37247763233856	0.00132186417771486	0.0522333316713916	-0.827584959258109
ACOXL	-2.83712650901876	2.42068000273029	-4.3700777397094	0.00132690676897808	0.0523459237276031	-0.814982925798669
CCDC120	-1.15696431640507	3.9397910616946	-4.36711131976757	0.00133316777727571	0.0525051158648615	-0.957596267660618
ENSG00000260398	2.57807541473346	-1.17126489069285	4.36548503819662	0.00133661346437319	0.0525051158648615	-0.68747103123483
ART5	-1.16618719852264	2.46418213991486	-4.36275297384356	0.00134242318353995	0.0525051158648615	-0.829708650788718
MCC	1.23970481433364	5.89479251760551	4.36204529451755	0.00134393239661729	0.0525051158648615	-1.12302840686954
KMT2E	1.0352729222189	6.40463260555077	4.36151954536899	0.00134505477929045	0.0525051158648615	-1.14619905341119
MAP3K15	1.12416163956629	3.15047685852182	4.36130282275582	0.00134551773184059	0.0525051158648615	-0.889173282675643
RO60	0.861605198192725	6.05043844335264	4.36091741810751	0.00134634142997843	0.0525051158648615	-1.13233611258323
SPA17	1.31297115351105	4.04986804894033	4.3569407734212	0.00135487153797298	0.0527515807451894	-0.985123991205212
CMTM4	-0.982311065353638	5.75922045699094	-4.35402286438263	0.00136116683222464	0.0528202822659517	-1.12903706452729
PEG10	1.22372632532301	8.94223583878419	4.35362111603941	0.00136203600319215	0.0528202822659517	-1.22587456119278
ZDHHC22	2.0860760666801	6.20899098089419	4.35304871088207	0.00136327539597881	0.0528202822659517	-1.1521631183155
MRC1	-2.53139187088694	-3.03284236342283	-4.35033176417828	0.00136917446320995	0.0529409867253932	-0.73761764556494
DCX	1.39819720377238	4.7079571948686	4.34957282926942	0.00137082707488553	0.0529409867253932	-1.06071384444752
NKRF	1.10324147205842	5.49578753379239	4.3467053850428	0.00137709005450127	0.0530969439915698	-1.12555493431559
MAT1A	-2.11083518281667	0.887069811930319	-4.34319981117621	0.0013847878141522	0.0532713292155161	-0.769977336548985
ENSG00000289158	1.89639222891367	2.85623994111946	4.34235167160056	0.00138665701704584	0.0532713292155161	-0.893187835734799
NKAIN2	2.96663253708965	0.323681813062461	4.3416031750453	0.00138830882691796	0.0532713292155161	-0.751429859037282
ANKRD17	0.732950712347399	7.3007199770709	4.33812991540155	0.00139600092650706	0.0533726477592681	-1.21328208637633
ZNF568	-1.64593718800535	-0.217671952081487	-4.33783149873509	0.00139666391078216	0.0533726477592681	-0.741869061114869
NLGN1	1.45696348650916	4.40233197064363	4.33738430193281	0.00139765805713087	0.0533726477592681	-1.05183452893466
ENSG00000291142	2.90860769529361	-2.38395594463969	4.33585611672781	0.0014010609399509	0.0534171269230161	-0.740161238770472
MBLAC2	1.0345426100366	3.97389947132842	4.33406662394098	0.0014050567893628	0.0534199667952525	-1.0142584305759
PDLIM2	-2.32295686570432	2.43709804732833	-4.33321992105194	0.00140695161879581	0.0534199667952525	-0.874203139061814
PYCR1	-1.27473307071964	7.26589504797796	-4.33281884083323	0.00140785013257694	0.0534199667952525	-1.22100637654998
CEP170P1	1.59545417915148	-0.342720118988863	4.32745506933755	0.0014199245203614	0.053792600837247	-0.754506012409897
PLXDC2	1.17837541158306	6.31339303826834	4.32565375476313	0.00142400389417856	0.0538462279103842	-1.20123799644308
EDA2R	1.10777023909823	3.50400006477612	4.32483936469557	0.00142585226628243	0.0538462279103842	-0.981348343580215
CRTC3	1.07340544096953	4.42500510876772	4.32140914990991	0.0014336654080687	0.0539029354169186	-1.07987343807239
LMO3	3.27380239661975	3.70612364499653	4.31943203491709	0.00143818924377052	0.0539029354169186	-1.01039786429666
BRINP3	4.29648993994257	-0.180306330617297	4.31934133036426	0.00143839714524507	0.0539029354169186	-0.770479745583367
ENSG00000290885	1.55212020882955	0.552518906836407	4.31778358096648	0.00144197256604784	0.0539029354169186	-0.795597155653841
HNRNPH1	0.65096441455599	9.00578139999673	4.3173299301942	0.00144301556633368	0.0539029354169186	-1.28665702799134
IRF2BPL	0.765904057176181	7.22291878046086	4.31684915135089	0.00144412180495242	0.0539029354169186	-1.24596645251573
MAML2	1.69074463189238	3.86948725593583	4.31679128481651	0.00144425501203708	0.0539029354169186	-1.03139714402744
EIF4E1B	-3.75220858052556	-1.36894333095223	-4.31425777510078	0.00145009978511069	0.0539029354169186	-0.761309002970648
ARG2	-0.851237102080726	5.31854381073873	-4.31408057985289	0.00145050950335196	0.0539029354169186	-1.16705439502156
IADEN	-5.96929470784135	-0.185636803127481	-4.31373810840421	0.00145130172575069	0.0539029354169186	-0.778752171622753
ZNF43	0.805847805482382	5.7931391317119	4.31335129509584	0.00145219707014198	0.0539029354169186	-1.197258856966
NRG3	1.41283620208389	2.71944170939282	4.31222038287545	0.00145481809527061	0.0539163718630801	-0.92953041037973
AGBL1	-2.05053255740411	-2.35110883967908	-4.31079281989993	0.00145813376107013	0.0539501458418874	-0.774672626597945
COL8A2	-1.87821798398888	1.85490955931775	-4.30988332346042	0.00146025031272717	0.0539501458418874	-0.871423015660501
HS6ST2	-0.962194753243812	4.88016528163891	-4.30524571409874	0.00147109324507021	0.0542667426276516	-1.14774677494907
RPL17	-2.14527653079396	4.61285297444415	-4.30378041860109	0.00147453677277079	0.054309828944013	-1.12630256962616
PPP1R12B	1.1024191904052	4.25226061819105	4.30226840537816	0.0014780989906546	0.0543571473188805	-1.0938547051308
PCDHA10	-3.60714311171471	0.706178407027909	-4.30084838959051	0.0014814527210598	0.0543966647592835	-0.827432032181906
TMEM191A	-1.8519979175167	0.612180454218747	-4.29663595016647	0.00149144870260977	0.0546010713895377	-0.830169154472603
ENSG00000284606	1.41413185668887	2.30296966750133	4.29657450749065	0.00149159502853222	0.0546010713895377	-0.922189233646379
MIR924HG	-2.56247278221157	-2.55338008234957	-4.29137702559216	0.00150402773885359	0.0548366144073883	-0.805897846878582
NBL1	-1.79753430384869	2.14886252921131	-4.29136603618362	0.00150405414152453	0.0548366144073883	-0.919580350043302
RPL13	-0.746678242209709	8.89821612645809	-4.29100476828315	0.0015049223797226	0.0548366144073883	-1.32787632146935
DICER1	0.746582014105277	6.90497064509287	4.28917446230808	0.00150932928647822	0.054913356829841	-1.28188633577138
ANTXR1	0.860556572952465	6.55337735619338	4.28819998672807	0.00151168111437184	0.0549152102841897	-1.27169910080662
ADCK2	-1.86426435467452	3.01905372576996	-4.28469842692311	0.00152016377216449	0.0551034486672579	-0.999262258329901
NPIPB6	-2.3412013013331	-1.20959435548387	-4.27993138700664	0.00153179273903285	0.0551034486672579	-0.811995361204445
RPL19P6	3.37704367516017	-2.53644419972894	4.27984072708534	0.00153201480493925	0.0551034486672579	-0.821691451694188
ZNF37A	1.17474226439754	4.18248537476558	4.27956260204224	0.00153269626662822	0.0551034486672579	-1.12364615964543
ALOX15B	-2.66030844912798	-1.72645351840314	-4.27924200478255	0.00153348218963653	0.0551034486672579	-0.812422163077777
ADAMTS12	1.08227220252635	5.18955885188012	4.27800357065372	0.00153652211601675	0.0551034486672579	-1.21673055511059
ENSG00000229271	-4.10874583653373	-1.40203105729239	-4.27620219682149	0.00154095519364653	0.0551034486672579	-0.81654416826405
ENSG00000294908	-3.26700937918945	-3.08465572801875	-4.27611301745313	0.00154117500842076	0.0551034486672579	-0.840891449212373
PROX1	2.51950345409908	1.83708559915593	4.27606287063887	0.00154129862786114	0.0551034486672579	-0.923306026773402
ENSG00000257002	-3.46653716413243	-1.34337539047539	-4.27436811913006	0.00154548258831268	0.0551034486672579	-0.81941187367652
FADS3	-1.13184634308789	4.44197856573377	-4.27385023307679	0.0015467635161026	0.0551034486672579	-1.15872372601018
FAHD2B	-0.997487532721743	4.76230023426803	-4.27328804142299	0.00154815529347081	0.0551034486672579	-1.18956360395371
MPC1	1.31648453410282	3.68474460231756	4.27319591121578	0.00154838349926874	0.0551034486672579	-1.08269869643396
ITGB4	-1.55733914021745	1.90479469243075	-4.27287218145924	0.00154918565616667	0.0551034486672579	-0.932556006309457
ENSG00000294256	3.05716350253319	-0.177962751545833	4.26813422219568	0.00156097583322958	0.0552993945060806	-0.847549216542024
CPNE8	1.35928558789939	3.55616620440571	4.26776937480511	0.00156188764568409	0.0552993945060806	-1.07830011853536
ELMO3	-2.76667215241971	2.09839775420806	-4.26745981671631	0.0015626617208453	0.0552993945060806	-0.953802079525312
GLIPR2	-1.42914904677127	2.13759932736698	-4.2661218880314	0.00156601196697835	0.0552993945060806	-0.958599551948808
IPO9	0.788966176718172	8.30565001738159	4.26601521377018	0.00156627941032013	0.0552993945060806	-1.35669537373556
SPTLC3	-1.57265930158571	-0.246696973521588	-4.26456226375643	0.00156992689545959	0.0553463001682926	-0.851107487462884
C16orf74	-2.22006259071666	0.581488181698912	-4.2624606005102	0.00157521873539243	0.0554509521498689	-0.881331173183209
GRIN3B	-2.81256876134532	-1.47390350451751	-4.26030106759217	0.00158067584567343	0.0555022349619308	-0.83952001924973
GMPR2	-0.765773150846593	6.14464639879633	-4.26000040437678	0.00158143719387361	0.0555022349619308	-1.30177212070039
RMB8AP1	0.78764070272925	5.35730096510593	4.25912662749004	0.00158365198848095	0.0555022349619308	-1.2595659287011
CAPN6	-2.60033127587038	3.77060244861258	-4.25713437111982	0.00158871404894582	0.0555980032348827	-1.11749103794451
ENSG00000294736	2.33752457537888	-2.44972869191355	4.25280449959684	0.00159977448585876	0.0558405587455495	-0.85804687480211
NIPAL1	-1.73065175597002	2.16401143493323	-4.25134395352635	0.00160352362706591	0.0558405587455495	-0.983770182223719
CYP11A1	-1.30910112007859	1.83374601720993	-4.25109149071656	0.00160417262173635	0.0558405587455495	-0.962309787111952
KDM1B	0.934623596532605	4.12649954651964	4.25076835331473	0.00160500369964583	0.0558405587455495	-1.16462542728179
ENSG00000289068	2.0273147585603	1.50009283580694	4.24941718013571	0.00160848369596344	0.0558545659630267	-0.945172396182369
RASAL2	1.03578004113703	5.64731983974294	4.24879578409904	0.00161008678856004	0.0558545659630267	-1.29484326000905
GNG12	-1.04284571943895	4.58349342061686	-4.24523718936126	0.00161929977348071	0.05602686739366	-1.21891406952627
ADAM23	0.862265568380966	6.00124857396529	4.24506439230427	0.00161974854408285	0.05602686739366	-1.3197225128146
ENSG00000297060	-2.70537209495431	-1.54198444873994	-4.23646949482545	0.00164223625225985	0.05672250742791	-0.874080826457556
FGF13-AS1	-1.72287089894351	1.20719228524329	-4.23440201981809	0.00164769444625757	0.0568286099796411	-0.952926280413318
CALCB	-1.74417490496728	1.29798782703083	-4.23350435234146	0.00165007025247795	0.0568286099796411	-0.959034886750939
NPAS3	2.18002823254656	1.50363066743552	4.23232029248236	0.00165320954966628	0.056854686342774	-0.972114984209704
NOTUM	-3.39282946736024	-1.48082537320237	-4.23023828996516	0.00165874480562743	0.0569629673034675	-0.883300823036253
PAX5	2.19781779468335	2.79308952085717	4.22820464744799	0.00166417031195961	0.0570671736142816	-1.06956614315261
SOX1	2.57406804114579	1.17601811220923	4.2263455634906	0.00166914644842814	0.0571110654175623	-0.96388536196188
ZC3H11B	1.51431483883864	1.82613986553218	4.22348744089617	0.00167682721657296	0.0571110654175623	-1.00527110719622
EXOC3L1	-2.78028190684246	-0.438772049821648	-4.2233506260785	0.00167719581644505	0.0571110654175623	-0.908279293358698
RASAL3	-3.17050405047623	-1.27401533449244	-4.22292551504296	0.00167834167387081	0.0571110654175623	-0.895133284957831
BNC1	-3.02157544957425	-2.20310884111033	-4.22223213182945	0.00168021240723915	0.0571110654175623	-0.897874658476364
TRIM65	-1.34190476112178	5.19840226419855	-4.22195223698269	0.00168096817878136	0.0571110654175623	-1.30921748436114
SLC32A1	-4.64491312407153	-1.80599792629189	-4.22149614424122	0.00168220048554683	0.0571110654175623	-0.896038487630991
PHOX2A	2.61643238028516	1.02999231088045	4.22052314310122	0.00168483259176702	0.0571191753802605	-0.965714659618437
PKP2	-1.34694508733056	3.99855773774365	-4.21871954106374	0.00168972305208211	0.0571939351471926	-1.20354250218479
TRABD2B	1.10023854558972	3.39506153753504	4.21786143657313	0.00169205503745829	0.0571939351471926	-1.14254402771424
FRG1HP	1.03986906630795	3.91082246574035	4.21706339001586	0.00169422684665292	0.0571939351471926	-1.19704348313698
LIN28A	-0.818446982544543	10.288754215541	-4.2161541305498	0.00169670488420844	0.0571966885189307	-1.47573373296401
ENY2	1.07247517706725	6.72790943340627	4.21381455638323	0.00170309854480846	0.0573312453722756	-1.4002121338346
PNLIPRP2	-2.73472113029077	-2.3396627585501	-4.21166527456825	0.00170899449604336	0.0573626141075559	-0.914595679497702
HLA-DQB1	1.27956703900646	5.70782070420836	4.21160801301397	0.00170915187022482	0.0573626141075559	-1.35946112793239
ENSG00000284612	2.96883753257172	-2.07379616432168	4.21084851249918	0.0017112406772774	0.0573626141075559	-0.912908065837115
MCTS1	0.922189916419635	5.60198583638736	4.2088587463085	0.00171672574402581	0.0574657690500197	-1.35783641337298
CTSZ	-1.00766840101607	4.29954238851263	-4.20687678312909	0.00172220767909962	0.0574682925252307	-1.25377377496316
MAFB	1.54173265646074	2.6936076160054	4.20610840408333	0.00172433789531259	0.0574682925252307	-1.09643074277608
CHST2	0.964091315229888	4.78366139928136	4.2052912460055	0.0017266063837726	0.0574682925252307	-1.30263603783998
TNN	2.19741212165063	2.02046770737372	4.20508937568359	0.00172716727314518	0.0574682925252307	-1.04704918900133
ELAVL4	2.80444587380512	0.76333344818903	4.20448760477708	0.00172884040864439	0.0574682925252307	-0.978256956834404
RGS7BP	1.37619608399306	2.24770941109114	4.20045197689174	0.00174010499729952	0.0576612839706685	-1.07040801101155
DNAJC15	2.21963238989882	3.84519746015043	4.19942685315857	0.00174297868076085	0.0576612839706685	-1.21887922000987
ENSG00000309144	-2.11343159663493	-3.08512787551444	-4.19809411804572	0.00174672213784934	0.0576612839706685	-0.948597648513157
GALK1	-1.47611100899014	4.02334909921633	-4.19756289974899	0.00174821660672778	0.0576612839706685	-1.24055203630566
SKOR2	3.01919075262497	-0.0898548129530511	4.19740375599806	0.00174866458516579	0.0576612839706685	-0.95721181985477
MLPH	-2.86605169934196	0.975829300905478	-4.19723423965127	0.00174914189444689	0.0576612839706685	-0.999305129601786
ZNF467	2.70217075502624	0.998442052502622	4.19556082637723	0.00175386110007738	0.0576744980096222	-1.00299957384242
GK	1.19759440872706	3.27863252166714	4.19537862662053	0.00175437573029646	0.0576744980096222	-1.16728480833783
ENAH	0.68339157215973	8.79487680966357	4.19037561609629	0.0017685691178007	0.0578649374767761	-1.49209061328766
KCNJ6	-1.86906467228556	-1.26561479709048	-4.1890115081997	0.00177245995232266	0.0578649374767761	-0.945134835715717
THBS1	-1.77889818423621	3.67632326666292	-4.18820503868398	0.00177476446960639	0.0578649374767761	-1.2194098223388
LINC02700	-4.83824901076044	1.96429357650288	-4.18806764000013	0.00177515740540301	0.0578649374767761	-1.07021215515537
SHROOM4	0.988436616161557	3.90974167710319	4.1875535790217	0.00177662833948074	0.0578649374767761	-1.24493286596959
INTS7	0.761028667375279	5.38274094002889	4.18687933977795	0.00177855954968418	0.0578649374767761	-1.38001263624192
SLC9A6	0.94577012065039	5.48866189689098	4.18597325567072	0.00178115830364934	0.0578649374767761	-1.38847043422165
ENSG00000283183	1.8537902570462	-0.365978711685831	4.18582586553882	0.00178158141279514	0.0578649374767761	-0.966770802237214
PPP1R13L	-1.21827866253536	3.42832947541555	-4.18553921518964	0.00178240459523654	0.0578649374767761	-1.19816802588841
IDO1	-2.70996190934022	2.41433867444847	-4.18400831634561	0.00178680769626813	0.0578649374767761	-1.10915179140907
ENSG00000308071	-2.11955150343728	-1.69769549286338	-4.18399784663525	0.00178683784809084	0.0578649374767761	-0.950298520569781
ENSG00000268798	-2.42513976805164	-0.123200956411724	-4.18087838495966	0.00179584547254246	0.0580560349475633	-0.981327374226717
TMEM42	-1.46534789570394	2.8909154921569	-4.1802713716795	0.00179760379713618	0.0580560349475633	-1.15504566035056
C13orf42	-1.4706214911043	3.65614604378943	-4.17609573126557	0.00180974842897225	0.0583280127849694	-1.23697954817595
IRS4	-2.52857875158059	2.76991469709257	-4.17403806753826	0.00181576471546674	0.0583280127849694	-1.15435744382003
HCG11	-2.4147435473777	2.94405035334277	-4.17248272319405	0.00182032624175043	0.0583280127849694	-1.17239699322226
GFY	-2.06877218293206	0.0385273450911136	-4.17239478086155	0.00182058451907008	0.0583280127849694	-0.999503488565144
SLITRK5	1.45765405440537	4.78274285409922	4.17120650908779	0.00182407812458687	0.0583280127849694	-1.35850097318461
LONRF3	2.38781741170605	-0.163572906315981	4.17003934027658	0.00182751654310166	0.0583280127849694	-0.996583599385948
PTPRZ1	1.32200292973078	9.18625101617354	4.16994328737587	0.0018277998130234	0.0583280127849694	-1.53361920934438
CPEB4	0.953078602898912	4.69575601784763	4.16971231927178	0.00182848115064185	0.0583280127849694	-1.35309491174093
FKBP11	-1.07661889002373	3.89969644237526	-4.16933777890555	0.00182958658227635	0.0583280127849694	-1.27356026612014
ZNF248	0.933263450159218	3.94253439382244	4.16878925990419	0.00183120676777237	0.0583280127849694	-1.27896850465184
ASPM	1.31724180017616	6.88382191431508	4.16821393072046	0.00183290776338572	0.0583280127849694	-1.48073882674697
GSTZ1	-1.14910334189008	4.45613320898029	-4.1673402644257	0.0018354939855939	0.058332536556817	-1.33405903995069
CARD6	1.97633020017144	0.0797989980304233	4.16410069641104	0.00184511724707512	0.0585603900743909	-1.01360663636436
PCDHB16	-2.17280987923583	2.02046120514281	-4.16031251251102	0.00185643745384533	0.0587661391019356	-1.11805823106808
FEZF1-AS1	-5.11658544316084	0.736561311708685	-4.16028349654314	0.00185652444307452	0.0587661391019356	-1.04559969180671
PDE2A-AS2	-1.91778881857583	0.18165622010612	-4.15546213523958	0.00187103840584934	0.0589589344981408	-1.03047784883192
EEF2	-0.958188050007161	11.7648394315433	-4.15517268023536	0.00187191354883003	0.0589589344981408	-1.59711215746325
LINC02600	-1.50075498374761	1.28145002267251	-4.15427486073769	0.00187463076674404	0.0589589344981408	-1.0821134997033
BCAR1	-1.55192130287676	5.63240272251909	-4.15339418427053	0.00187730012666386	0.0589589344981408	-1.45113933031599
CD1D	1.5040885206559	1.95207821824918	4.15328726473586	0.00187762447499664	0.0589589344981408	-1.12454276064665
ENSG00000204850	-3.35355484736223	-3.42193289223664	-4.15254041102531	0.00187989175307015	0.0589589344981408	-1.02119224899371
UBE2Q1	1.04784944332038	6.89946808665406	4.152535270649	0.00187990736804312	0.0589589344981408	-1.50722439663691
IL27RA	-1.0866826391304	3.97762183826197	-4.14748037923874	0.00189532878607323	0.0591235150214339	-1.31748755169848
MAGED1	1.1065543845728	8.65801653210705	4.14677375957273	0.00189749509551132	0.0591235150214339	-1.56168620410682
EHD4	-0.856777192041064	5.783841860852	-4.14586137924178	0.00190029605947581	0.0591235150214339	-1.47224807986741
TNK1	-1.06118769591926	2.75306320471546	-4.14557387228003	0.0019011795914478	0.0591235150214339	-1.19863477618841
ENSG00000303123	-2.06082448653972	-2.41107589802659	-4.14479276104829	0.0019035821875867	0.0591235150214339	-1.01078275287644
GTF2H3	-0.983361878227085	5.14124430118333	-4.14472166766569	0.00190380101978476	0.0591235150214339	-1.43199402504466
PRIM1	-0.791846228940235	5.67327157224412	-4.14438060334626	0.00190485121562229	0.0591235150214339	-1.46843030941156
MPDU1-AS1	-1.34708744578323	2.60839975017162	-4.14434116766789	0.00190497268410285	0.0591235150214339	-1.1882742542158
LINC02043	-2.57796430974077	-1.20767503559709	-4.14248854695869	0.00191068824135373	0.0591987591312162	-1.01461765869538
ENSG00000270277	-2.0455609340665	-1.16029678192847	-4.14120807428265	0.00191464917471469	0.0591987591312162	-1.0171482098955
DAB1	1.5155354897066	5.57857600661706	4.14114705377584	0.00191483814678422	0.0591987591312162	-1.46814688840059
CASTOR1	-3.78093429062121	-2.62707111892839	-4.13913720070149	0.00192107334140934	0.0592875456117204	-1.02171552460129
SYPL2	1.24753350259835	2.59989662984243	4.13862100270019	0.00192267818760094	0.0592875456117204	-1.19674937729683
STAB1	-3.06705028753661	-1.98508539836112	-4.1356575153578	0.00193191887005246	0.0594956228019897	-1.02087317047207
ECHDC3	-5.85041841949141	1.09505543115693	-4.13380504026289	0.00193771889088348	0.0595490527016317	-1.1042904714006
TMEM255A	2.57077128302292	3.13413101187965	4.13351013903594	0.00193864389949168	0.0595490527016317	-1.2532272844419
AGPAT5	-0.701652141583562	6.83479800500004	-4.13193945315678	0.00194357844261854	0.0596238903470137	-1.53932296680232
GABRP	-4.56084321130248	0.55839496554754	-4.12945371581656	0.00195141471909034	0.0597228698345781	-1.0856086062916
ENSG00000274561	2.19592381764092	-2.443488316155	4.12932875010132	0.00195180954753303	0.0597228698345781	-1.033251425781
DNAI3	1.94987593087256	-0.0875797501827736	4.12792839670468	0.00195623969514468	0.0597334275840189	-1.06330505834895
NPHS1	-2.67020543673852	-1.07112055398182	-4.12763787428209	0.00195716011106142	0.0597334275840189	-1.0387052269586
KCND1	-1.39518095536859	3.14444944409662	-4.12558145104503	0.00196368815971495	0.0598561242757556	-1.26706641687322
PSORS1C2	-3.24459764581049	-2.05547442144077	-4.12307803176647	0.00197166604283057	0.0600226446992821	-1.03933749197105
ACOT11	-1.36265952542478	2.4618158459714	-4.11737165869068	0.00198997849777588	0.0603988525672358	-1.21955801501847
HSPA4L	1.19571470582511	3.68955775951472	4.11616731617841	0.00199386614304174	0.0603988525672358	-1.3380986988757
ENSG00000260588	-2.80279481322425	-3.37172464029672	-4.11583904264056	0.00199492719934794	0.0603988525672358	-1.07041587939485
APC	0.879900556062398	5.48116111799264	4.11572966242248	0.00199528087321486	0.0603988525672358	-1.50404367642598
TNR	3.62114592655765	-2.76230419286502	4.1152980217922	0.00199667719761801	0.0603988525672358	-1.05766071073388
CFD	-1.70836553888321	-0.229322513406611	-4.11299558631241	0.00200414274368714	0.0605479428652923	-1.08153001904431
IRS4-AS1	-2.43135678753256	-0.472734902501222	-4.10964419058107	0.00201506188871048	0.0607424954118119	-1.07930870307271
RAMP1	-2.4790954231424	-1.25784044622098	-4.1092795589442	0.00201625365071947	0.0607424954118119	-1.06331102691446
ENSG00000289092	1.64645531299959	-0.336935420847381	4.10811104038548	0.00202007782195846	0.0607424954118119	-1.08563720848389
SOS1	0.717357180068894	5.75651657879448	4.1079020389007	0.00202076261603799	0.0607424954118119	-1.53361976055713
LINC02931	1.5787711349967	0.750864372646821	4.10630391884462	0.00202600692065198	0.0608235310379883	-1.13029719381331
STAG2	0.732755081215366	7.88224413076187	4.1040720870937	0.00203335468819887	0.0608897176387302	-1.61519887092195
NCCRP1	-1.37129981725544	1.81667545198155	-4.1034019653861	0.00203556635597663	0.0608897176387302	-1.19477073925638
TNMD	1.53138422205302	2.44623400251603	4.10331147674483	0.00203586519779221	0.0608897176387302	-1.24088298840244
CHMP3	1.10464615390637	4.25500003446474	4.10179001176467	0.002040896787015	0.0609638092812102	-1.42140374526772
VASH2	1.52102975742106	7.58415914662902	4.10090090885312	0.00204384314959037	0.0609755055640918	-1.61285746678278
MTHFSD	-0.944482187773796	2.89848396686832	-4.09860208389046	0.00205148183742548	0.061084341810055	-1.28745343806469
PIK3R5	-0.959831617327147	3.21671436690744	-4.09797163225864	0.00205358197288375	0.061084341810055	-1.31894986541361
NLGN4X	1.07531319968995	8.48499963895432	4.09601330989316	0.00206011985435093	0.061084341810055	-1.64255850754174
CRABP1	1.77409216534919	8.6884319824889	4.09565548923476	0.00206131680010592	0.061084341810055	-1.64746551967615
CAPG	-0.996325488637228	4.61669308646969	-4.09415296863127	0.00206635085004391	0.061084341810055	-1.47002668480549
RASSF2	1.16757396288431	4.92376760477331	4.09389776931498	0.00206720715107751	0.061084341810055	-1.49832976001297
PFDN2	0.970741075323713	5.30098207257495	4.09351658879756	0.00206848686531047	0.061084341810055	-1.52855855375232
ENSG00000261572	-2.34411596454646	-2.56145679163436	-4.09286921601163	0.00207066215517336	0.061084341810055	-1.08673152069693
KCNH3	-2.05714352232323	-1.63938292675944	-4.09233499538149	0.00207245904038314	0.061084341810055	-1.08473134909646
CDH20	2.2575727349829	0.488132310569703	4.09146907228232	0.00207537510312381	0.061084341810055	-1.14157272128582
LINC01102	2.79483892868897	-3.11257060219356	4.09138921494574	0.00207564424552539	0.061084341810055	-1.09808036342779
NAV1	1.08904768533676	7.03729297165841	4.08937501078813	0.00208244481916937	0.0612090030777284	-1.61651477957642
ENSG00000290911	1.72566190404375	-0.598243486414737	4.08834813599427	0.00208592085536592	0.0612097844740547	-1.10816685403122
CALM2	0.741168202703674	9.0383794423622	4.08773845116637	0.0020879875559148	0.0612097844740547	-1.66770760205455
ENSG00000296968	-3.75461729762758	-0.354422677649188	-4.08699652097738	0.00209050543714635	0.0612097844740547	-1.11732017442844
MCTS2	2.3311504673026	2.24572899522663	4.08634183495849	0.0020927298835559	0.0612097844740547	-1.25245098445459
SPINT1	-1.73866763356201	6.51915438184551	-4.08409328348245	0.00210038877848154	0.0612551473470018	-1.6078929312117
BHLHA15	-2.50731601235275	1.17056157585154	-4.08376848451728	0.00210149751873217	0.0612551473470018	-1.18694537576479
MSL3	0.772448633034614	4.60005077331549	4.08362708994984	0.00210198037781013	0.0612551473470018	-1.48581000195503
ZBTB46	-0.959597235581955	4.40207554939867	-4.08009179106404	0.00211409123976866	0.0615000425161543	-1.47218130099341
SCN5A	-1.1278632320211	3.77438047995626	-4.07924477235429	0.00211700372110455	0.0615000425161543	-1.4075211233558
SLC25A43	1.00938671959212	3.69070923882659	4.07892209986526	0.00211811433981141	0.0615000425161543	-1.39911670833553
MTSS1	1.45763842977335	4.19239525242539	4.07807272874264	0.0021210407445198	0.0615101815910741	-1.45394486845172
ASCL1	4.15220192111468	-1.66754515921785	4.07707466968186	0.00212448485428674	0.0615240774158204	-1.10703976294384
LINC00458	-7.27309733755959	2.17573427468148	-4.07644073442759	0.00212667548783055	0.0615240774158204	-1.26306868759672
PCDHGA11	-1.71493098276012	0.249575846067953	-4.0727960923219	0.00213931599108505	0.0617533955738367	-1.16062641044683
SLC1A5	-0.886067708630383	8.72164545358473	-4.07239386267946	0.00214071584006754	0.0617533955738367	-1.68699933897514
ENSG00000307584	-3.54660051286493	-1.74131768096773	-4.07166026048875	0.00214327141326976	0.0617533955738367	-1.11460249548338
RTKN2	0.731817805718872	5.60016206157274	4.07117838488269	0.00214495181341227	0.0617533955738367	-1.5854719931992
BOLA3-DT	-1.12217236712947	2.73641990918208	-4.07021114597101	0.00214832894652409	0.0617761047791451	-1.31874808106031
ENSG00000253838	-2.33680899226007	-3.11393631396024	-4.06769416566185	0.00215714318596328	0.06189742970971	-1.13138472657459
ENSG00000283041	-0.725811573013122	10.0068996998428	-4.0664270947842	0.00216159469413997	0.06189742970971	-1.7206275276105
ADGRA1	1.5510546350883	-0.115369095076736	4.0661275158639	0.00216264859005095	0.06189742970971	-1.15720037295133
ABLIM3	-1.6783961532256	-0.222277364027989	-4.06604985742237	0.00216292187446676	0.06189742970971	-1.15365057497168
GJB4	-2.44885499294122	-3.56203274351328	-4.06529882362785	0.00216556667342991	0.0618988979577865	-1.1457302298299
TRIP10	-0.801975684683003	6.17957153340955	-4.06284698186567	0.00217422456982579	0.0620712358903562	-1.62951575928939
LINC01140	-1.71553674897481	-0.355334712873138	-4.06186485894949	0.00217770279509433	0.0620712358903562	-1.15571165652642
TCEAL7	-1.25608648927451	3.2211270715603	-4.06138674863347	0.00217939815125984	0.0620712358903562	-1.37892616064168
PCDHA7	-3.83362142933815	-2.92174424096375	-4.05969608287062	0.002185404275446	0.062168109466114	-1.13908370077363
VSIG1	-3.46791705737409	-1.89636768435879	-4.0587125529985	0.00218890626550508	0.0621936021890591	-1.1330467295905
RNF183	-3.61517441197297	-3.25764286314808	-4.05623105151283	0.00219776815309044	0.0623064475903534	-1.1505799407284
FGFR3	-2.3010689487129	3.87218336486982	-4.05471499270126	0.00220320077021378	0.0623064475903534	-1.45828326877621
CD74	-1.06755692511444	4.9109995985237	-4.0544615279998	0.00220411040337197	0.0623064475903534	-1.5625468037209
RHD	3.75570141556451	-3.11366559040973	4.05419524081237	0.00220506647783605	0.0623064475903534	-1.15037502204997
AURKC	-1.56697938709251	1.4685552697376	-4.0539546382694	0.00220593070825192	0.0623064475903534	-1.25129882907346
ENSG00000279518	2.18712849996487	-3.05054634868009	4.05227537513485	0.00221197241845483	0.0624032455215855	-1.15186224638307
SPC25	0.739351550186165	5.07771679911329	4.05114147600198	0.00221606180650735	0.0624448018133541	-1.58193116880576
HCN4	1.05406276453924	5.30586537583547	4.0491498421921	0.00222326379263633	0.062573864314683	-1.6025453826456
TBX5	5.30499086698217	0.0502737675459091	4.04731592903831	0.00222991713585038	0.0626871993890941	-1.19228210500472
LINC01456	1.51476629056895	0.970249521780434	4.04353402640925	0.00224370365306884	0.0629313339541733	-1.23961604565541
ENSG00000247416	2.90189448899001	-0.21216085134999	4.04319098721267	0.00224495857592051	0.0629313339541733	-1.18911522325518
SYT5	-1.55200614302966	0.713626182446618	-4.04250052574807	0.00224748668653348	0.0629313339541733	-1.22833847092526
OCLN	-1.07007689751806	4.52746726087686	-4.04204709799714	0.00224914852570117	0.0629313339541733	-1.54753836345802
ELOVL2	1.39727688665847	2.64278790448841	4.03952081587848	0.00225843109829093	0.063002292181414	-1.36020180066444
FPGS	-1.05750681938176	5.55023349103778	-4.03924316688563	0.00225945373745891	0.063002292181414	-1.63548276468838
GABRA1	1.78512142750346	0.119373138410578	4.03920245594909	0.00225960372511377	0.063002292181414	-1.20751919862809
CCDC24	-1.49608634139056	2.83693891188286	-4.03780572948543	0.00226475588301182	0.0630722621468415	-1.38033279476651
CAMSAP2	0.949654703002856	5.89085685726017	4.03468090243146	0.0022763271738055	0.063271096868074	-1.66262410345891
ZSWIM5	1.33140354206989	3.63148156545958	4.03444655005302	0.00227719747809425	0.063271096868074	-1.46570014574582
GSTM1	-6.47636644601261	0.256154837520078	-4.03264560531929	0.00228389721268435	0.0633174876753979	-1.2232252819514
CRYM	-0.971533638683799	3.05033595112805	-4.03162262638694	0.00228771201280289	0.0633174876753979	-1.41056736654862
WDR45B	-0.712390341537383	7.30474762784235	-4.03153140696277	0.00228805250399958	0.0633174876753979	-1.72097403178319
NUF2	0.913895097480564	6.04295709619535	4.03114943400134	0.00228947885632331	0.0633174876753979	-1.67609142835479
ARRB2	-0.710033492237874	6.19156305312022	-4.03007268525334	0.00229350463630322	0.0633554110586214	-1.68469760446441
TNC	-2.03023780641368	3.4662325888094	-4.02454346146941	0.00231429459168601	0.0638213759986409	-1.46440241459066
SLC5A12	1.278980673806	3.22607072379121	4.02376465975529	0.00231723871910832	0.0638213759986409	-1.44081446423293
RASSF7	-1.39779395428718	3.31820057806259	-4.02234581110028	0.00232261252360152	0.0638213759986409	-1.45254495520897
SMARCE1	1.00513185090027	3.19411982925048	4.02209168898382	0.00232357637342097	0.0638213759986409	-1.44033135031098
NBPF11	1.09457826984217	3.96683964846887	4.02204775129406	0.00232374306543843	0.0638213759986409	-1.52224380248654
ENSG00000295827	-3.22938049688395	-3.24551291253319	-4.02062591233663	0.00232914404357925	0.0638273471701708	-1.2002983152181
DMKN	-1.00893451782885	6.34974479335583	-4.02058252463294	0.00232930906210327	0.0638273471701708	-1.70724305337559
PLCD3	-1.01910831429598	4.75280125933425	-4.0198150030826	0.0023322302385868	0.063834104477467	-1.60589047208264
PIGM	0.887485166017992	4.46016315181436	4.01818599549195	0.00233844294015203	0.0639308335081425	-1.58030970942254
ENSG00000288891	2.40524924996294	-0.361120715330892	4.01734864876956	0.00234164315142745	0.0639450767678706	-1.2237818976864
LRRC4	1.043025321128	4.557040943413	4.01590886620136	0.00234715650869369	0.0640130438118921	-1.59373251258717
RPL3	-0.785461016194713	10.9896691746534	-4.01444360977858	0.00235278137230163	0.0640130438118921	-1.82258150696057
TTC3	0.796507556216665	6.57415127679881	4.01340559775126	0.00235677466043711	0.0640130438118921	-1.72786663765888
VIPR1	-1.69829796401805	1.56134124678656	-4.01234101508035	0.00236087754045339	0.0640130438118921	-1.32328978136865
TSPAN18	1.15756528304179	6.0255114627497	4.01204317912015	0.00236202673271197	0.0640130438118921	-1.70715490825093
DHX58	-1.42106467132217	1.21542932246266	-4.0113157860057	0.00236483582297604	0.0640130438118921	-1.3040075744334
TRAPPC5	-1.77159645419078	0.489933779174185	-4.01072740358834	0.00236711063271853	0.0640130438118921	-1.26761143308243
CA4	-1.67526286179078	0.702417201919686	-4.01048331195144	0.00236805501450786	0.0640130438118921	-1.27805488534744
CHRNA9	-1.51948572523085	1.72952466948726	-4.01042756901862	0.00236827073724811	0.0640130438118921	-1.33730300926552
IRF7	-1.40989337200931	2.17148643501352	-4.00954486213255	0.00237168951907375	0.0640329341082955	-1.37026543518947
DNAH7	1.96414047449761	-1.36289908790535	4.00794347151362	0.00237790500878741	0.0640741203521437	-1.21301489763775
ENSG00000266573	1.60790315362045	0.897423956805878	4.00776873041092	0.00237858426413036	0.0640741203521437	-1.29218843743369
RAB34	-1.04534355080075	6.76060494285172	-4.00622243113643	0.00238460391478377	0.0641476525867946	-1.74644562668564
ENSG00000299361	-2.05775027732634	-0.176541787046779	-4.00568767910704	0.00238668938270723	0.0641476525867946	-1.24818035171659
ADAMTS4	-1.65371691404068	3.27909056804804	-4.00020330409784	0.00240818832983098	0.0646199206317815	-1.48476942239169
ENSG00000238034	4.11683485553888	-0.801410316915078	3.99982578021632	0.00240967567613381	0.0646199206317815	-1.23719657227611
NCSTN	0.903873050673679	7.0302643146148	3.99876507457566	0.00241385973070748	0.0646594727191868	-1.76767615353798
SFRP5	-2.19454791782461	0.955008071225113	-3.99698477854844	0.00242089938213055	0.0647430976859359	-1.31226263308521
SOX30	-2.80358314111432	-3.12066974606022	-3.99660423071242	0.00242240693147613	0.0647430976859359	-1.2318550205543
ATP1B2	1.46336068981008	6.01946748705825	3.99193336138804	0.00244099095503924	0.065069400008036	-1.74047683468768
FAM178B	-2.26458231155295	-1.19335117380734	-3.99164094022328	0.0024421593661692	0.065069400008036	-1.24045809227203
IL17RE	-1.92614616359765	0.316151504369709	-3.99148198145052	0.00244279475456489	0.065069400008036	-1.28994519814819
ENSG00000268649	-3.45725166269957	-2.531768768659	-3.98870963195877	0.00245390423057601	0.0651301168922278	-1.23626044711043
HIPK2	0.862435825047747	6.02494868098322	3.9880986835192	0.00245635955225307	0.0651301168922278	-1.74715788313155
NDUFB4	1.05993297482032	6.8969409428887	3.98743324078309	0.00245903680516083	0.0651301168922278	-1.78243749188978
DAZL	-4.424610498759	-1.40119538677682	-3.98711928887068	0.00246030097728365	0.0651301168922278	-1.24361024329942
LINC01252	2.22297961428928	0.0690168090334368	3.98696130246889	0.00246093738929664	0.0651301168922278	-1.28661742859247
GTSE1-DT	-1.50636247386447	-0.212402254988759	-3.98683472193612	0.00246144741428707	0.0651301168922278	-1.27600073200918
FZD3	0.82922245145785	6.43716064147401	3.98400028046029	0.00247289711683911	0.0653209866626924	-1.7719266341623
PBK	1.04976119907901	4.22434615450615	3.98311991308124	0.00247646468747876	0.0653209866626924	-1.61411583840042
ENSG00000274248	-1.8848476295754	-0.164073320814151	-3.9830195998305	0.00247687153516306	0.0653209866626924	-1.28368484943138
GTF3C6P2	1.30337443058395	3.7161386132201	3.97982857622185	0.00248985017007815	0.0655134841193745	-1.56465561028903
UBAP2L	1.06788365129211	8.32602248042186	3.97959253010949	0.00249081304709906	0.0655134841193745	-1.83395741062033
ZP3	-3.57630077140354	-1.42326746152485	-3.97894114180376	0.00249347220583578	0.0655134841193745	-1.25552357154669
HS6ST3	1.46495914189512	2.12232812917872	3.9785303996069	0.00249515050339428	0.0655134841193745	-1.41653645050011
VAT1	-0.759317898467486	8.34333426624323	-3.97754489320273	0.00249918211669661	0.0655454491984482	-1.83778841768722
PCNX4	0.673149759306567	6.02640259946059	3.97644590755652	0.00250368600291554	0.0655454491984482	-1.76673112570455
SPDYC	-3.02687507669101	-2.57618338065468	-3.97622148856367	0.00250460676536577	0.0655454491984482	-1.25460574056158
PIK3CD	-1.26588515131019	4.7653861779659	-3.97490648831951	0.00251000916887246	0.0656148837168444	-1.68169990478209
XK	1.38644224097216	3.17201215729644	3.97352032475166	0.00251571713431464	0.0656921453442972	-1.51756884417668
FHIP1A	-0.816060448396279	4.96972923496164	-3.97251752256668	0.00251985495401657	0.0657282821721458	-1.70378683998163
TBC1D2	-1.9591270685028	2.33201885927798	-3.97130796812241	0.00252485536291121	0.0657868154438885	-1.44462446152531
PIF1	-1.22150202006353	5.25081371473373	-3.96909083703539	0.0025340481604756	0.0659543374548214	-1.73195428909061
HMGN2P5	1.75601421361477	5.39584053069443	3.96444372716893	0.0025534300742905	0.0663864004173109	-1.75012486878493
CEBPA-DT	-1.22558951424071	1.31953245499078	-3.96141278246183	0.00256615488045355	0.0665956657371066	-1.38953086099893
TMEM150B	-2.83325730918795	-3.65265563722503	-3.96119787462736	0.00256705964210576	0.0665956657371066	-1.29276747284497
SLC7A7	-1.14319781480918	2.29767401254659	-3.9595853630043	0.0025738589671262	0.0666372358767987	-1.46084338776923
R3HDM1	0.772343551437434	6.76897063622491	3.95923924336669	0.00257532087110214	0.0666372358767987	-1.82548727225775
GNG7	-0.936551739476983	4.08649808075033	-3.95626619801252	0.00258791393605817	0.0666372358767987	-1.64385808318592
LATS2	-0.875830208176746	4.25471296075537	-3.95605501881879	0.00258881088391354	0.0666372358767987	-1.66220003589477
TP53I13	-1.04652831263986	4.09528132027	-3.95561412002336	0.00259068457506804	0.0666372358767987	-1.64588616733891
SP9	3.68412691043691	-1.29198162602282	3.95533837567272	0.00259185712891538	0.0666372358767987	-1.2932620180522
PLA2G7	0.910427949452927	3.58850906267778	3.95485820471359	0.00259390029559686	0.0666372358767987	-1.59199003235798
FBXO6	-1.60330910838638	-0.899622099443334	-3.95479092168296	0.00259418672492062	0.0666372358767987	-1.30313102902049
FGD6	0.996049957453098	5.91271910242933	3.95460088503607	0.00259499590502818	0.0666372358767987	-1.79764803502949
CBR1	-6.82224342230554	2.96029718950466	-3.95376674243033	0.00259855082561953	0.0666372358767987	-1.52895494099242
ENSG00000296430	1.39978157021035	2.00078315272133	3.95357368713572	0.00259937430767585	0.0666372358767987	-1.44771697872145
ENSG00000310278	-1.93043308871844	-2.43221522363582	-3.95072050686617	0.00261157649094177	0.0668393311562095	-1.29097125442065
GAS6	-1.68671908699655	4.10935814224398	-3.95011327375669	0.00261418116450835	0.0668393311562095	-1.65652652278823
PDCL2	2.75746999185184	-2.72913418337969	3.94976900508669	0.00261565908157287	0.0668393311562095	-1.29391883125132
PCK2	-1.526490935109	7.00936092119495	-3.94791823648915	0.00262361926732105	0.0669710385595202	-1.85234263239397
TMC8	-1.76457430711227	-0.459027487439018	-3.94596622624616	0.00263204234928215	0.0669945184761421	-1.33031633594853
SYNE4	-1.88182244822289	2.73894478397638	-3.94556216734726	0.00263378942577803	0.0669945184761421	-1.5215078814077
ENSG00000288871	-2.334259701917	-2.03198364617138	-3.94526030670306	0.00263509540709323	0.0669945184761421	-1.29943582960484
FOSL1	1.60990431580377	3.42458378025252	3.94405150574757	0.00264033199816186	0.0669945184761421	-1.59221371928655
ENSG00000294780	-2.62453864876144	-3.4888855051881	-3.94366717848197	0.0026419992034816	0.0669945184761421	-1.31359946175224
UFC1	0.951588401920981	6.17555693098189	3.94278687253725	0.00264582210557624	0.0669945184761421	-1.83009479892923
MXRA5	1.32493609028632	4.77044492446312	3.94236143401129	0.0026476717288729	0.0669945184761421	-1.73640710089719
PDPN	1.22337392254318	7.43988804568296	3.94230397674536	0.00264792163189791	0.0669945184761421	-1.87445274276484
ETS2	0.815764879176149	5.98098893763496	3.94187181688992	0.00264980204640207	0.0669945184761421	-1.82246271438242
ZNF454	-3.84923204519085	-2.9642878485624	-3.93918696066319	0.00266151572073064	0.067069996143816	-1.31142822070086
CPZ	-2.66481597344076	-1.29939399786245	-3.9389560760302	0.00266252556479197	0.067069996143816	-1.31782756708498
MTHFD1	-1.76045472608282	7.15523800796576	-3.93816259529128	0.00266599914887123	0.067069996143816	-1.87321122750359
PAN2	-0.987792655527722	4.7080184404587	-3.9377074211939	0.00266799388166832	0.067069996143816	-1.73836918989472
RPS27P3	1.11138276226474	8.89068368394142	3.93770613832206	0.00266799950586794	0.067069996143816	-1.91649316469487
TGFBR2	-1.0008815509303	3.10092339944157	-3.93733016916367	0.00266964831510559	0.067069996143816	-1.5697551517515
PCOLCE-AS1	-2.4328912861815	0.968949572972323	-3.93397397852024	0.00268441414134236	0.0673700444915017	-1.41287668767606
ENSG00000304444	-2.96196662511318	-2.7539444624748	-3.93278810334654	0.00268965188476864	0.0674079618450287	-1.31862432480954
LARP7	0.739170594982924	6.66198727137389	3.9323536088945	0.0026915736220854	0.0674079618450287	-1.86694804864417
RNF24	0.893067227125227	5.49522504741406	3.92835353261104	0.00270933324508653	0.0677498540222796	-1.81719670327238
RING1	0.753918244162365	4.45847175012987	3.92800139543819	0.00271090252613555	0.0677498540222796	-1.72997544112512
RALGAPA1P1	0.83676799512203	3.86209210642325	3.92601622551165	0.00271976712568887	0.0677536006516839	-1.66959384029171
COL5A2	-1.69883347140633	3.89576236144989	-3.92547553803306	0.00272218676340522	0.0677536006516839	-1.67415942679224
KLHL20	0.765331998195206	4.20730916604313	3.92531861491707	0.00272288943329245	0.0677536006516839	-1.70826612611345
SYT1	0.954593769874604	6.2262685855123	3.92521616053865	0.00272334830550719	0.0677536006516839	-1.8618375742627
PDGFA-DT	1.47378223329106	0.0144927211154559	3.92450235346819	0.00272654754542094	0.0677536006516839	-1.38170064454953
NDUFB1	1.99457430143451	4.9093433404062	3.92415957984344	0.00272808523175381	0.0677536006516839	-1.77935837233092
GABRA3	1.77668311907991	4.29842978207461	3.92052346522914	0.00274445279520402	0.0680471395064369	-1.72589239205447
ENSG00000267127	2.93008356585381	-1.93625714299664	3.92017202070447	0.0027460402132321	0.0680471395064369	-1.33718350982626
SDHCP4	1.13503971354834	1.6906887891893	3.9196371880586	0.00274845780719006	0.0680471395064369	-1.48038496114261
STYXL2	-2.64823520557949	-2.45544111364654	-3.91454042516551	0.00277160851085561	0.0682347387119065	-1.34380191088579
RAB11FIP1	-0.847979688211359	5.44729863311774	-3.91363217765947	0.00277575533158461	0.0682347387119065	-1.83872834775024
TNFSF12	-1.32717108016915	1.04992483109028	-3.91339032573882	0.00277686065687602	0.0682347387119065	-1.45019690551188
HDDC3	-0.91498029787419	3.80715705754891	-3.91250504114877	0.00278091055882811	0.0682347387119065	-1.6859502882193
CCIN	-2.58456467740207	-4.21047215337968	-3.9124731323338	0.0027810566469237	0.0682347387119065	-1.3756046298172
BROX	0.746056732890485	5.37663361632386	3.91246397666776	0.00278109856578085	0.0682347387119065	-1.83580430625759
TTC22	-3.87963097421765	-1.68026062685576	-3.91063192190656	0.00278949985394482	0.0682347387119065	-1.35412375675161
ENSG00000237188	2.29666449043552	-2.1738424724497	3.91024883499068	0.00279125993247832	0.0682347387119065	-1.35045726069446
ACVRL1	-2.53983014432623	-0.638697871099886	-3.91008518912769	0.002792012150947	0.0682347387119065	-1.37948927223206
RPL6P10	-1.01140118014298	6.01118350260845	-3.90968110784779	0.0027938704678913	0.0682347387119065	-1.87799079526473
ENSG00000298294	-2.89305822926326	-3.86748667985582	-3.90963484029446	0.00279408332875541	0.0682347387119065	-1.36999147163547
ENSG00000304497	1.26296365419025	2.15052175710777	3.9094706873216	0.00279483867599978	0.0682347387119065	-1.53043991391264
PPP1R16B	-1.36529383739474	4.23945629736635	-3.9091289307333	0.00279641194793858	0.0682347387119065	-1.73860958343865
ENSG00000293050	-2.01338913810775	0.225800509138359	-3.90906976201561	0.00279668442430096	0.0682347387119065	-1.41501096043372
KHDC1	-1.53129091524912	1.26991064839841	-3.90858466143014	0.00279891939493679	0.0682347387119065	-1.47090322826859
ENSG00000307951	2.66077388086888	0.226561854392938	3.90650434196297	0.00280852508875311	0.0683990492788474	-1.41907287295396
B4GALNT1	2.33762675518988	2.12005993460798	3.90408571559738	0.00281973619733547	0.0686020834065298	-1.53680077796465
ZKSCAN8	0.95024170200826	5.78174206092756	3.90198353690349	0.00282951844542744	0.0687699763106076	-1.87889463776376
PYROXD1	1.04759294127876	3.04460362405013	3.90086949319972	0.00283471688570885	0.0687850480040642	-1.62398052624781
PKN1	-1.38550294774204	6.85927333184466	-3.90061569048975	0.00283590259504752	0.0687850480040642	-1.92710870184233
EGLN3	-0.989402865657115	4.78889525153455	-3.89814930010105	0.00284745203261088	0.0689950636165725	-1.81197336295009
ADCY7	-1.41776096976041	2.59615130141235	-3.89639817629122	0.00285568188748362	0.0691242998058536	-1.58890612121433
ENSG00000278915	-2.05994667070013	-0.807047120904881	-3.89507035922254	0.00286193886347081	0.0692055672284275	-1.39715386077765
TRIM15	-3.60736838298941	-2.74715684365501	-3.89293432673375	0.00287203439603754	0.0693793977026599	-1.37626019268835
WNT7A	2.35198441400025	-2.0113658063206	3.89169738434653	0.00287789755680538	0.0694507391185783	-1.37885423395728
APEH	-1.00918354045854	7.51912313944434	-3.89076462409592	0.00288232714760479	0.0694873757897813	-1.96347067517559
FNBP1	0.675118784952365	5.78814325547334	3.88939115451383	0.00288886259105521	0.0695052892755415	-1.90042551151764
CNTNAP3B	1.50395042465214	2.37204118712604	3.88938443961417	0.00288889458085797	0.0695052892755415	-1.58100677223288
LINC01515	1.75383678246832	2.29999879160235	3.8876519753704	0.00289716041861875	0.0695825560797925	-1.57785836594043
SLC16A11	-1.96505633384875	-1.21529377134977	-3.88699344151804	0.00290030885383055	0.0695825560797925	-1.39833620260255
GATA3	-2.77717519281878	-2.64934670703075	-3.88674695209151	0.00290148823288321	0.0695825560797925	-1.38480977232814
SPINT2	-1.51366773523913	6.77843016694373	-3.88627082249344	0.00290376779048365	0.0695825560797925	-1.94856457018642
MSH5-SAPCD1	-3.18189703549568	-3.53370868757165	-3.88513873791336	0.00290919536542066	0.0696163136033687	-1.39698201941118
MN1	0.944758356450048	5.52939660470861	3.88468753198562	0.0029113615422006	0.0696163136033687	-1.89271165748555
RASL12	-1.78149220092269	2.85620675032041	-3.88415359685772	0.00291392706623226	0.0696163136033687	-1.63299251346349
DOCK11	0.955989847577493	5.33800100103891	3.88334115219798	0.00291783534042889	0.069634034383989	-1.88192445824923
CDC73	0.655470653864315	6.45377886532413	3.88278705362927	0.00292050397697126	0.069634034383989	-1.94263503521835
TMEM125	-5.77487711836741	1.2642557766193	-3.88144493997168	0.0029269784007643	0.0697187559790834	-1.51401722751262
LMNTD2	-1.62232783522796	0.441461152858012	-3.88023452328713	0.00293283036450192	0.0697582023544246	-1.47054011020862
UNC5A	-1.06251107873627	4.58259328788851	-3.87960604689421	0.00293587365641776	0.0697582023544246	-1.82323266151164
MYO15B	-2.00111829845036	2.23171055411018	-3.87826285291508	0.00294238890731722	0.0697582023544246	-1.58758165068107
ENSG00000295948	-4.44201639552749	-0.686726604030579	-3.87805060056095	0.00294341983170195	0.0697582023544246	-1.42724342883917
ZC3HAV1	0.911065345342438	6.54496782732035	3.8780392709773	0.00294347487087513	0.0697582023544246	-1.95411389727433
PPM1J	-1.47509910814786	3.404159497668	-3.87748451404781	0.0029461711976059	0.0697582023544246	-1.69987240016984
PLA2G2C	1.97921646392013	-2.53419828629677	3.87568101834247	0.00295495469504697	0.0698355271047093	-1.40070135403462
CYP26C1	-5.11239532721433	-2.59500187957387	-3.87547686979468	0.00295595067306739	0.0698355271047093	-1.40109023609122
PEX11G	-1.56536396316949	1.04539925821695	-3.8750130068478	0.00295821502085981	0.0698355271047093	-1.51116836180455
A4GALT	-1.19939370988904	3.45534919745465	-3.87399793824415	0.00296317639920405	0.0698725473374414	-1.71118722969013
PRDX4	-0.846054525856095	6.54302209329268	-3.87347894666557	0.00296571644372115	0.0698725473374414	-1.96173023896186
CATSPER4	-4.03113937823424	-2.99193184004492	-3.87254813444559	0.00297027771310579	0.0698725473374414	-1.4074914435219
ADCY3	-1.00460601994142	4.990551246091	-3.87230028071506	0.00297149350766762	0.0698725473374414	-1.87318115927367
GAPLINC	-2.03744480949759	-3.33805559322234	-3.87136956082488	0.00297606359910515	0.0699111318108686	-1.41325092261322
TSPAN33	-0.859644086377993	5.16422129464764	-3.86982172678494	0.00298368014528997	0.0700211347371049	-1.89155554714357
HTR4	2.66247167003974	-3.32464294146833	3.86879160520371	0.00298876041852789	0.0700714586532468	-1.41673021185503
BRINP3-DT	2.22920948739084	0.389924098733557	3.86666525196912	0.00299927557629924	0.0702489795677469	-1.48946679902573
SLC22A18	-1.18610497898139	2.79171789893247	-3.86471423758908	0.00300895762539596	0.0704066584758093	-1.65876110397021
ELK3	0.924216919223044	5.47424535319712	3.86146693524778	0.00302514499385775	0.0706637319628178	-1.9281386596074
PLD2	-0.877095335120523	5.4301507937209	-3.86132280013742	0.00302586559123475	0.0706637319628178	-1.92542666926653
ELAVL2	1.23662266818073	4.80422248952374	3.86019270572911	0.00303152166231327	0.0707266153611249	-1.87697057416231
RUNX1	2.00120519720036	0.0365179499970081	3.8584600852098	0.00304021478399503	0.0708601623531341	-1.48603804134172
LINC03016	2.41608251045062	-3.59162526953672	3.8568532888142	0.00304829985475144	0.0709671222906802	-1.43802712965841
CAPRIN2	1.05806633573996	6.09864486339823	3.85624759426728	0.0030513534059424	0.0709671222906802	-1.97216473196895
MICAL1	-1.52750610771028	5.52743510585433	-3.8557777730515	0.0030537241627573	0.0709671222906802	-1.94121054910453
ENSG00000302174	-2.47350925128649	-2.08956356832712	-3.8494057022772	0.00308606864341093	0.071604060542203	-1.44105457046183
CYTOR	-3.40881376358885	-1.05771946248662	-3.84878103284286	0.00308925863129718	0.071604060542203	-1.4607001275526
OCRL	0.81483592086016	6.96266453711243	3.84860090081208	0.00309017914712367	0.071604060542203	-2.01823037990209
TRIP6	-1.0313317381672	5.93170841651312	-3.84802340578507	0.00309313220844728	0.071604060542203	-1.97780807829942
PIP5KL1	-1.81505474004246	2.76858262820239	-3.84590061789471	0.00310401255922979	0.0716676990381473	-1.687473138773
CALHM3	-3.32954266256697	-3.71801454995338	-3.84575163585032	0.00310477766469289	0.0716676990381473	-1.45609332543349
DECR1	0.752632229865525	5.04533840396518	3.84501881887291	0.0031085439514488	0.0716676990381473	-1.9236481271903
IPCEF1	1.37894505889443	0.653840617080975	3.84491784038395	0.00310906330029956	0.0716676990381473	-1.5373508515072
PTPRR	1.66910904868963	0.998199539250445	3.84456179552445	0.00311089521948802	0.0716676990381473	-1.55709669609565
NBPF9	1.8852020436624	4.33399553303313	3.84387603508704	0.00311442676233784	0.071679868405706	-1.85758713767741
RFTN1	-1.94932576217765	1.53380204790112	-3.84171492997248	0.00312558344708871	0.0717416437576186	-1.59534241526665
NSL1	0.787614630168634	6.19168064954978	3.84116634366288	0.00312842214797009	0.0717416437576186	-2.00186556462784
SH3BGRL	0.985462200663942	6.4546731531194	3.84003077704245	0.00313430677066621	0.0717416437576186	-2.01480565267016
SH3GL2	-1.57190038102794	1.89975778032862	-3.83952156160472	0.00313694932580288	0.0717416437576186	-1.62482853298956
FOXA3	-1.09525622462073	4.26383264455546	-3.83916186178063	0.00313881737555186	0.0717416437576186	-1.8579571827783
TRIB1	0.848404738507294	6.1649048715454	3.83885300638671	0.0031404222978899	0.0717416437576186	-2.00457058343708
ENSG00000300700	1.79856935394718	-0.908444187469958	3.83860795380956	0.00314169628709986	0.0717416437576186	-1.48076576012142
ANXA11	-0.865639477790301	5.84923275912219	-3.8381501601485	0.00314407772763589	0.0717416437576186	-1.9900726966071
EDA	-1.09905244651487	3.92904923373258	-3.83770668546328	0.00314638647639146	0.0717416437576186	-1.82374677971674
ANAPC1P2	-1.27146668429996	2.57947911623122	-3.83755630315082	0.00314716977476125	0.0717416437576186	-1.68373430244939
LAG3	-1.87859263736963	0.632570797983197	-3.83645657974413	0.00315290410454113	0.0718037807853846	-1.54967944813807
LINC00222	-2.42435865185145	-1.29127606779313	-3.83535540792008	0.00315865690672696	0.0718662196309364	-1.47509054797819
FGFR4	-1.61024253658054	6.24384364359678	-3.83472920091625	0.00316193325363173	0.0718722485375509	-2.01503723329891
RHOJ	3.4468467334612	-0.608993459736842	3.8338970889845	0.0031662923906393	0.0718999354235017	-1.49825856815311
LFNG	-2.00184092430244	4.11907247592284	-3.83334722793078	0.00316917635503095	0.0718999354235017	-1.85196916926149
ENSG00000301478	3.43124960429294	-0.567477464144196	3.8298285794456	0.00318769627541114	0.0721764583746669	-1.50611352857124
NNAT	1.68841238531416	6.20239625717372	3.82947275643657	0.00318957537407538	0.0721764583746669	-2.02209220281276
S100A6	-5.2844240658743	-1.96041411670566	-3.82924461993322	0.00319078076894901	0.0721764583746669	-1.47238611802902
LINC01414	1.41655775844443	0.435258902010368	3.82873762325991	0.00319346126633629	0.0721764583746669	-1.55174008805356
PPT2	1.09320096176243	3.87423133102748	3.82809466154906	0.00319686399009541	0.0721850074281998	-1.83368782833006
TMEM190	-2.96628153492579	-2.60701529388064	-3.82677822291714	0.00320384273268727	0.0722080389436683	-1.47235126435492
REEP6	-0.871612534158761	4.40086619985732	-3.82676086493025	0.00320393485739074	0.0722080389436683	-1.8932313460008
EVPL	-2.42814012313016	-1.34663781142338	-3.82355547765437	0.0032209943723647	0.0724727801562957	-1.49173603070199
CSF1	1.43295172357411	3.39066659640496	3.8230544719585	0.00322366934079398	0.0724727801562957	-1.78855435008941
SLC4A1	-2.10373855632841	-2.97640960444136	-3.82284447590301	0.00322479124003796	0.0724727801562957	-1.47921504300624
GRPR	-3.4805067679096	3.59606774238644	-3.82133816690517	0.00323285060461008	0.0725855553906198	-1.81393028258523
IL13RA1	1.08772092213809	5.39789009113801	3.81998844825569	0.003240089986398	0.0726797252869935	-1.9928014609759
NAPRT	-1.63133276061037	4.17427758644148	-3.817727042339	0.003252257220464	0.0726923291338171	-1.88415626992823
FAM83E	-2.59687261577939	0.0370150391615384	-3.81756468994434	0.00325313256944928	0.0726923291338171	-1.55036110807154
BAZ1A	1.14286868368634	5.62235007982529	3.81747322609651	0.00325362581962007	0.0726923291338171	-2.01181808028267
CREB3L2	-0.672667354067702	5.40950836458288	-3.81697299356656	0.00325632487474072	0.0726923291338171	-1.99869282480367
KDF1	-2.74338072672667	2.96113665856163	-3.81596865876108	0.00326175091461515	0.0726923291338171	-1.75548741663818
R3HDM4	-0.944695397969053	6.02743213767784	-3.81584832750594	0.00326240165073323	0.0726923291338171	-2.03692585446874
SERPINF2	-1.93481433018275	0.849456058844357	-3.81564552445918	0.00326349869008608	0.0726923291338171	-1.59476953400066
THBS4	-1.31995380245592	4.2330975399789	-3.81536483631465	0.00326501767425533	0.0726923291338171	-1.89447288959897
TULP2	-1.50451049002005	0.355726032888387	-3.81350868732366	0.00327508106031559	0.0727474643376068	-1.57190627175008
SPARC	-0.693957230772976	8.15008209054221	-3.81283549089998	0.0032787388794303	0.0727474643376068	-2.11137029081493
TFF3	1.78947677144858	-0.322191152075713	3.81232001470582	0.00328154260284521	0.0727474643376068	-1.54305230355761
DCTN4	0.623347511495546	6.67780941896333	3.81202483579249	0.00328314923384518	0.0727474643376068	-2.07048047760545
SSTR1	2.53213846707599	2.62475175363175	3.81136714758942	0.00328673191810674	0.0727474643376068	-1.73083819438602
SPAAR	-2.97958306916898	-3.46591720958321	-3.81135505850473	0.00328679781019638	0.0727474643376068	-1.50063985964906
SCUBE3	1.70102710404018	2.9803368408266	3.81079220825409	0.00328986717528126	0.0727474643376068	-1.76594918703642
CCP110	0.783798919617667	4.99367941650782	3.81019496490646	0.00329312736192419	0.0727474643376068	-1.97781846589442
GAS5-AS1	2.39046910282477	-1.85448538670612	3.80939920404924	0.00329747643422558	0.0727474643376068	-1.50350484641793
BCL9L	-0.953620280529693	5.89410122733877	-3.80930814899787	0.00329797445901415	0.0727474643376068	-2.04117318550933
GSTM2P1	2.12809933119559	0.239262688051332	3.80860943627287	0.00330179867195382	0.072764569624674	-1.57396359651998
HIVEP1	0.920936599944327	4.70441451618973	3.807973900845	0.00330528111522519	0.0727741184290403	-1.95527315482422
BMP8A	-1.95482265871925	-1.61381878062247	-3.8068404560128	0.00331150137924095	0.0728438741182891	-1.51140189449549
CCAR1	1.03431510934651	7.36634546136008	3.80518313995656	0.00332061858155373	0.0729119267490994	-2.10391382301416
EFCAB13	-2.07648867081492	-1.51152810083929	-3.80516746773103	0.00332070492212138	0.0729119267490994	-1.51599839267333
NECTIN2	-1.0108694920453	6.93081645244883	-3.80320523986009	0.00333153362695697	0.0730824568700203	-2.09400013978174
TSPEAR-AS1	-1.3413389238696	2.1313402647969	-3.8010830183167	0.0033432867020363	0.073272932706612	-1.70534543061796
LNP1	-1.05004032850881	3.36655087334348	-3.79182254615167	0.00339507996744797	0.0743397922780556	-1.83778016943995
ENSG00000276791	-1.54199303746256	1.44678129555196	-3.79057690353414	0.00340211029503801	0.0744254504231642	-1.67212141806587
LRRC61	-2.87961993818554	-3.39990638561134	-3.78674682717973	0.00342382216790752	0.0748318348731217	-1.53499763769612
ENSG00000233178	2.84024453552843	-2.36909097099536	3.78592543031637	0.00342849725745362	0.0748654565815604	-1.53330864203291
NDP	2.49201784947226	0.801472564689959	3.78466271986691	0.00343569711480402	0.0749540978418899	-1.64161200398065
RBMS3	1.48486884130189	2.66259762261329	3.78262474683381	0.00344735068799535	0.0750917219986453	-1.78163024124844
DOCK2	-1.53634440671206	1.96675159756425	-3.78224117865237	0.00344954861422619	0.0750917219986453	-1.72313964824555
RAB37	-1.44543414601602	3.02230971498296	-3.78191057513122	0.00345144421303532	0.0750917219986453	-1.81794083262966
GAL3ST2	-2.64000589161274	-3.96598702949007	-3.78102521359269	0.00345652600242698	0.0751337942622266	-1.55215934228612
ENSG00000299860	-2.45962207196292	-1.58923039205517	-3.77978351409012	0.00346366622986652	0.0752204930921058	-1.55289292478823
PAMR1	-1.87810940309956	3.45579891239309	-3.77532885414496	0.0034894088265982	0.0756124887321646	-1.87499850896175
PROSER2	-1.18067563111304	2.83647994239648	-3.77489863967285	0.00349190547932039	0.0756124887321646	-1.81097463814658
ADAM9	0.774675470507979	5.60060883843053	3.77474416676235	0.00349280238187796	0.0756124887321646	-2.08264010369722
TNNC1	-2.32056938169651	0.208192349427128	-3.77431139389004	0.00349531643098774	0.0756124887321646	-1.62676616680771
HSD3B7	-1.28344528246974	1.44928809956806	-3.77290766849549	0.00350348388060021	0.0756124887321646	-1.70088780799364
WDR18	-1.3484981664683	5.98761126985973	-3.772547711088	0.00350558146019645	0.0756124887321646	-2.10819858933788
AVPI1	-1.14483413683029	2.47129557790899	-3.77216671930236	0.00350780303809357	0.0756124887321646	-1.78143353342135
THAP12P7	1.0466509216009	2.54557045875871	3.77169198784303	0.00351057326733727	0.0756124887321646	-1.78887807617112
TMCO1	0.869185620202226	6.03708142953562	3.77120398785058	0.00351342329788759	0.0756124887321646	-2.11292186650712
ENSG00000287978	2.87586933916343	-0.98880820415912	3.77096149078382	0.00351484043170973	0.0756124887321646	-1.5824198130252
NAGLU	-1.12838089422926	4.26166556261991	-3.77066648306074	0.0035165652362133	0.0756124887321646	-1.97247593626861
NETO2	1.26076943345917	5.18663295709511	3.76856973179842	0.00352884961052206	0.0758029170123948	-2.06384007400316
TRIM54	-2.01340348012839	0.154619535708912	-3.76719692893308	0.00353691673833824	0.0758029170123948	-1.63543268958146
CRACR2B	-1.06850351042013	3.09091404016057	-3.76702657309626	0.00353791915443772	0.0758029170123948	-1.84966071811981
ENSG00000296499	-4.09832308514814	-2.65041430402558	-3.76667163957331	0.00354000862182666	0.0758029170123948	-1.56061231524863
UNC93A	1.7774787745091	0.431166894150823	3.76610668025716	0.00354333714613397	0.0758029170123948	-1.65105651873733
DYRK3	1.85547007154215	4.79102209100603	3.76537335979195	0.00354766245044414	0.0758029170123948	-2.03515024877181
SEL1L3	-0.669695713572112	6.50950705704211	-3.76450453579922	0.00355279410338687	0.0758029170123948	-2.1447666164033
IGSF21	-1.49885887891515	3.72136654093438	-3.76445580856926	0.00355308213640203	0.0758029170123948	-1.92272518029291
CSNK1E	-0.967373149234659	6.0729856849314	-3.76424513482162	0.00355432773623129	0.0758029170123948	-2.12645011341742
UNC13A	1.00647608737579	6.61138090033802	3.76376264027945	0.00355718217848419	0.0758029170123948	-2.14984018524609
RGS4	2.12123570861311	-0.32677478774957	3.76249736179075	0.00356467891897404	0.0758624192518287	-1.62089362512826
APH1B	-1.2458410784088	4.30697726711296	-3.7610337114415	0.00357337153012508	0.0758624192518287	-1.99354942352638
A2M-AS1	1.71670890234923	-0.000635055606398799	3.76054310756923	0.00357629015942331	0.0758624192518287	-1.63857080532948
RHBDL2	-2.71941887465648	-1.90685483887769	-3.75999630594045	0.00357954603677753	0.0758624192518287	-1.57703679821422
TTN-AS1	-1.06032085707393	2.78963587437166	-3.75966860446354	0.00358149878214951	0.0758624192518287	-1.83157622811776
GPR176-DT	-1.8849916448781	-2.46817233947811	-3.7595304441946	0.00358232239979996	0.0758624192518287	-1.57185147703471
KCNK12	-1.81030011816859	1.64167262737038	-3.75895208258071	0.00358577233962004	0.0758624192518287	-1.73691708818813
SYDE1	-2.11471388620414	2.77203936338071	-3.75842580019236	0.00358891463120988	0.0758624192518287	-1.83192655935874
POLL	-1.07745107489752	5.02156564896394	-3.75746390559719	0.00359466525645252	0.0758624192518287	-2.06911095275712
SIAH3	4.18112716213926	-0.0060934464091646	3.75720594134766	0.00359620910971465	0.0758624192518287	-1.64358748535752
PIWIL2	-1.9418788375267	-0.836788409285819	-3.75717578538539	0.00359638963086389	0.0758624192518287	-1.60895907413096
ENSG00000260633	-3.17587920966126	-3.75058402650297	-3.75671736152813	0.00359913503289238	0.0758624192518287	-1.58262844733701
AMFR	-0.75000826939043	5.15478593200533	-3.75635685605584	0.00360129555504764	0.0758624192518287	-2.08194866595151
CDH13	-1.77408473975101	0.535369567069625	-3.75500046183546	0.00360943657654664	0.0759057597565602	-1.67429556148513
GPR143	-1.25622962142621	4.37538642527949	-3.75495434261617	0.00360971371867834	0.0759057597565602	-2.01109391769958
GIP	1.87512195787694	-0.836140826013896	3.75245040781876	0.00362479379517487	0.0761557689343651	-1.61631238846738
RPS10P13	-1.02782299215351	3.62964097446737	-3.74881818296048	0.00364678570075437	0.0764249453117495	-1.93854418051441
ALOXE3	-1.85674347615555	-1.32846753860663	-3.7485939038533	0.00364814817936808	0.0764249453117495	-1.60668709166742
ID3	-1.40545941270909	6.41803864708646	-3.74854854570594	0.00364842379107969	0.0764249453117495	-2.16822980729938
MAPK8IP1	-1.32354053014153	5.08601976910096	-3.74753572731754	0.00365458367153111	0.0764249453117495	-2.0913049767949
NACC2	-1.1551610797872	4.2245694188695	-3.74748255856105	0.00365490733850648	0.0764249453117495	-2.0073917780671
HERC2P9	0.9896695599189	4.34876095153174	3.74716870922236	0.00365681851703264	0.0764249453117495	-2.0213638399602
NDUFA4L2	-2.10283886575733	-0.635964984030657	-3.74657096962038	0.00366046131608756	0.076434147183781	-1.63303682913205
SLC22A23	1.49486632805434	6.75255723328526	3.74370757595458	0.00367796411681044	0.0767324908880374	-2.18892157257151
ENSG00000231252	2.99345150361117	-2.57986874069791	3.7426825095644	0.00368425109452313	0.0767965247798983	-1.59623309152964
POLD4	-1.56768340434993	1.06216325643409	-3.73892087609703	0.00370741806685291	0.0772119956383756	-1.73066594116359
RFX7	0.749472889889058	5.99962593638636	3.73601965298867	0.00372538948771379	0.077416481134842	-2.17070183531238
FAM131C	-1.77530891147812	-0.331983040081681	-3.73578582921028	0.00372684183364063	0.077416481134842	-1.66261676970422
CD82	-1.28245714182067	2.44824984626068	-3.73506243945604	0.00373133874423396	0.077416481134842	-1.84043202301844
SMC4	0.61084938184402	7.63596456371311	3.7345849507526	0.00373431011764707	0.077416481134842	-2.23126462490953
CHRND	-2.86253496706892	-3.05902841260312	-3.73422842936927	0.00373653032635749	0.077416481134842	-1.60838961318509
ENSG00000186076	-1.45358882311254	6.27955738408937	-3.73392746534485	0.00373840562491421	0.077416481134842	-2.18728667481164
CAPZA1P1	1.6823214792167	2.43080055079224	3.73323405553246	0.00374272996994152	0.077416481134842	-1.8418909651215
HINT1	1.02425636271247	7.67327666915432	3.73316098651461	0.00374318595674394	0.077416481134842	-2.23469258441407
MAPKAPK3	-0.690633973411067	6.49778495757217	-3.73053681586876	0.00375960044485384	0.0776319191127571	-2.20197262298722
PCDHGB1	-1.76333530636647	-0.2041165016349	-3.7302016648701	0.00376170223847412	0.0776319191127571	-1.67709770097165
PTGIS	-1.01789796289102	5.56700080717808	-3.7296776235232	0.00376499104822279	0.0776319191127571	-2.15679543846142
SSU72-AS1	-1.98918142572981	-1.01297997112648	-3.7294192900588	0.00376661341318862	0.0776319191127571	-1.64581336368348
HSPA12A-AS1	-1.97500406361936	-1.65214340944885	-3.72651521832363	0.00378490144482482	0.077909721563647	-1.63249105862137
KCNMB2-AS1	1.09057319881229	2.04478981166889	3.72624295276524	0.00378662073213351	0.077909721563647	-1.82082647835503
GUCY1B2	3.09050765289588	-1.476790486988	3.72494107527784	0.00379485299063715	0.0779174970263029	-1.63901759580367
VEZT	0.650944355683946	6.67870554627692	3.72441380326541	0.00379819242305525	0.0779174970263029	-2.21910515141486
ENSG00000310379	-1.71531832065452	-1.88366683057391	-3.72418612679704	0.00379963533725948	0.0779174970263029	-1.6314603368627
RGL3	-1.78282941635931	3.5064420898743	-3.72363081141299	0.00380315707562054	0.0779174970263029	-1.96680730058459
CEP162	0.841341138445273	4.04241841099205	3.72278110913453	0.00380855235037567	0.0779174970263029	-2.02871248988073
ENSG00000289373	2.76171713661006	-1.24835054100497	3.72244327611092	0.0038106996680383	0.0779174970263029	-1.64911268250032
TRABD	-1.28325558924837	5.347691590623	-3.72218253084656	0.00381235786518406	0.0779174970263029	-2.15446889527305
ARHGAP32	0.733179725619831	5.59018618418527	3.72144938746147	0.00381702427821946	0.0779174970263029	-2.17222351266693
TPRA1	-1.29871366021619	3.97498058712675	-3.72112781981922	0.00381907291042457	0.0779174970263029	-2.02393355326516
SOHLH2	-2.37006348581039	-1.56534649872262	-3.72039172511304	0.00382376670324168	0.0779174970263029	-1.64379935059231
NEU4	-2.67167379250406	-2.06576417710278	-3.71979977371004	0.00382754570161331	0.0779174970263029	-1.63516598940269
RPL8	-0.764353972052927	10.3970175788497	-3.7194480832607	0.00382979272093829	0.0779174970263029	-2.31352573777692
RAB3C	1.17775152083509	4.69456282090945	3.71915290404141	0.00383167973777928	0.0779174970263029	-2.10394187581398
DAP3	0.742508290488723	6.60233745857396	3.71888580255173	0.00383338809307127	0.0779174970263029	-2.22570854770933
DND1P1	-2.3152898094693	-1.68607589075496	-3.71807922880027	0.00383855166959843	0.0779174970263029	-1.64458746221624
SHISA3	1.5351419754386	4.49002399741903	3.71797286991602	0.00383923310440911	0.0779174970263029	-2.0853153465047
CAPN12	-1.19473149904068	2.56431781567957	-3.71700989628554	0.00384540854548376	0.0779240788128013	-1.88072689961927
BTK	-1.85988992333418	-0.509117167841574	-3.71690415699689	0.00384608726867557	0.0779240788128013	-1.68462798949896
PIK3R1	0.858806348289173	4.90796108893067	3.71576153129928	0.00385342954710544	0.077964566465182	-2.12967068484943
ENSG00000242136	-2.67146952050008	-3.96692200807165	-3.71557665957041	0.00385461886407654	0.077964566465182	-1.64448625648254
HMGA2	1.17644252279953	8.69021880131457	3.71281613592906	0.00387242333809724	0.0782583639376518	-2.29358931111895
TCF12	0.723214691092121	7.62114015476718	3.71150086736892	0.00388093644508296	0.0783028979394092	-2.27015507353703
SLC52A3	-1.89543151438149	2.47790817740733	-3.71146195572907	0.00388118859774254	0.0783028979394092	-1.88199827365868
DNAJC12	1.41495372024696	0.95566854643724	3.71027692742771	0.00388887590431932	0.0783544582755757	-1.77027947001953
NRG4	2.13277300468533	-1.09088819221578	3.70957347986891	0.00389344667111884	0.0783544582755757	-1.67390821929288
MPZL3	-1.51915256180103	1.19194046947475	-3.70955095202407	0.00389359314177873	0.0783544582755757	-1.78639170633806
SEMA4C	-1.43711368837751	6.12116080699021	-3.70880674260315	0.00389843503534959	0.0783858036972945	-2.22281463167214
ENSG00000298422	-2.53695237565562	-3.64764587172186	-3.70638035611116	0.00391426484472448	0.078561258118836	-1.65302019337482
SINHCAF	-0.581060736676328	8.78148209581895	-3.70579300865555	0.00391810675087794	0.078561258118836	-2.30749828872145
ENSG00000275964	-1.358658921183	1.33662445794613	-3.70553908892846	0.00391976888199963	0.078561258118836	-1.80249275313324
CDKL5	0.941073255491041	5.03960105290349	3.70535641169936	0.00392096512076021	0.078561258118836	-2.15875782042346
RBM8A	0.919320872973902	6.8465212012623	3.70495131343114	0.00392361920968922	0.078561258118836	-2.25803856467764
AHCTF1P1	0.83561932469743	4.6627193590368	3.70353098198788	0.00393293958039882	0.0786818683699736	-2.12715996553695
ILF3-DT	-0.890193378551088	4.45992961418728	-3.70171249364266	0.00394490630705377	0.0788551748998763	-2.10959101303187
GIPC1	-1.09854493239941	5.75021766986769	-3.70008852351716	0.0039556249798259	0.0790032647644391	-2.21819767104995
GULP1	-1.82782689995475	5.89766515209628	-3.69776260424598	0.00397102947236729	0.079142695511328	-2.23036397183551
PTCHD1	0.995238018548443	3.48081180198467	3.69729758486356	0.00397411675325604	0.079142695511328	-2.00795427558196
RPL39P36	-2.6008427749635	-2.92334805073036	-3.69719673328133	0.00397478663975165	0.079142695511328	-1.66238874813731
MISP	-2.14536762112841	-0.628431114916214	-3.69653885343864	0.00397915935587277	0.079142695511328	-1.71152690157947
NFIB	-1.4825604223889	0.322202637942534	-3.69651046954116	0.00397934812699309	0.079142695511328	-1.75632261568772
RHOV	-1.72155915164403	0.85244449281409	-3.69554972654721	0.00398574317612168	0.079142695511328	-1.78774588184632
ZNF732	-1.38997889461204	2.74312801747051	-3.695534712231	0.00398584320150254	0.079142695511328	-1.93317656442074
FAM174B	-1.01358946376385	3.96517105738801	-3.69413558083039	0.00399517567328557	0.079142695511328	-2.06814796963535
SMAD3	0.665959581855848	5.16620004522812	3.69408417603263	0.00399551898520865	0.079142695511328	-2.18823123901614
CKAP2	0.678303097961862	7.34469285114562	3.69404718676169	0.00399576604060628	0.079142695511328	-2.29214117190369
GPM6B	1.00170852715151	8.46905608689126	3.69036121618426	0.00402046482698341	0.0795658656928798	-2.32705054036082
MYOF	-2.57244506929792	1.34472054742583	-3.68819256497283	0.00403507050465488	0.0797887553724921	-1.8312162411848
SPRED3	1.2239091895811	3.53434927467654	3.68733013764426	0.00404089419013857	0.0798377662549978	-2.03061012980589
ENSG00000287064	1.37173564275677	1.91110123845383	3.68629595042413	0.00404788923026765	0.0799098198997503	-1.87569061932342
VN1R51P	1.6653386432229	0.199907726483306	3.68556316400324	0.0040528532689566	0.0799416933637911	-1.76742305278798
ETV1	0.650532439274841	7.20572432717841	3.68425390467465	0.00406173819954295	0.0800507891069294	-2.3047181238169
MAGEL2	-1.12737313613015	2.66095104492619	-3.68311738771156	0.00406946726876853	0.0801369433198833	-1.94584110958921
CCND1	0.727544287714403	7.6798519139253	3.68248908974272	0.0040737466687109	0.0801523440770841	-2.32117970956493
AGTRAP	-0.996134239410265	5.61406183667052	-3.68194757359346	0.00407743874017019	0.0801523440770841	-2.24077412624314
FAM182A	2.55278442081966	-1.78800786607882	3.68152471539665	0.00408032421559715	0.0801523440770841	-1.69800426027215
SLC7A5	-2.05800978529907	7.99166110542774	-3.6809312505243	0.0040843774452775	0.0801659839526628	-2.33187436345042
NGRN	-1.10168661914966	4.50205264479887	-3.67967419488787	0.00409297666744701	0.0802687544140985	-2.15121078010287
ALDH1B1	-0.675429677283521	6.70121850256135	-3.67803819836516	0.00410419631005774	0.080422703885179	-2.29881043338288
CFAP44	2.31601965034033	-0.00943712261484873	3.67740162853697	0.00410857052721844	0.08044237307065	-1.76986770671201
CHST15	0.921315280272824	4.80590303343766	3.67579696183388	0.00411961856707996	0.0805578900358273	-2.18786624644469
SP6	-1.80205165358904	1.00204922047901	-3.67554335488291	0.00412136745854266	0.0805578900358273	-1.8292677499663
NME1-NME2	-2.97605274150851	-2.58081663524139	-3.6749375929023	0.00412554795763712	0.0805578900358273	-1.69668043221686
PCDHGC4	1.5420747320158	3.69955598780952	3.67458668647146	0.00412797165600272	0.0805578900358273	-2.07070845761257
ENSG00000290829	1.57928113534339	1.23320675130466	3.67336276795315	0.00413643679948254	0.0806496941317148	-1.84778888024441
MIR124-2HG	2.11809285120825	1.41427413373475	3.67293002188661	0.00413943416899278	0.0806496941317148	-1.86083903640156
ACOT2	-5.78971419792361	0.109545671144641	-3.67235860550842	0.00414339548000837	0.0806610276683196	-1.78384212542381
GRK6	-0.913548376159337	5.89874260349422	-3.6716897233654	0.00414803746910391	0.0806855829462942	-2.27474423222141
PIAS1	0.89116265352484	6.04279669623406	3.66915411052762	0.00416568352430223	0.0809336740347399	-2.28645426547353
GBA1LP	1.12852795678458	2.49384404200011	3.66888314401493	0.00416757386301987	0.0809336740347399	-1.95378290093264
KRT8	-1.09010516270018	8.31002304964706	-3.6667772903683	0.00418229528928832	0.0811535298125564	-2.36368114928015
TGFBR3	1.25500795318977	3.69585343378088	3.66598948362343	0.00418781649388615	0.081194651713713	-2.08471388160363
NHERF2	-0.834706497692736	3.61451504525995	-3.6637454848397	0.00420358468567012	0.0813950571711935	-2.07920338743571
ESAM	1.67193381525459	-1.64559301753345	3.66339330954521	0.00420606495199923	0.0813950571711935	-1.72891820616188
GAD1	-2.33009672225302	0.550442663610799	-3.66260496848655	0.00421162251416137	0.0813950571711935	-1.82311760405406
MAPKAPK2	0.827089748290399	6.62599805259271	3.66258061162573	0.00421179434392358	0.0813950571711935	-2.32242508912926
LINC02751	-3.9875442377226	-2.14356842852703	-3.66092902518832	0.0042234627488622	0.0815545189539596	-1.72267151127834
ENSG00000286976	-3.09040005822431	-3.4888855051881	-3.65954176882715	0.00423328960507031	0.0816560914818131	-1.71898528328962
RPL10P16	-1.79680268324167	7.86964990461252	-3.65831353174367	0.00424200983532323	0.0816560914818131	-2.36739962090738
GPR85	2.32583881631576	0.931724915111843	3.65771792978485	0.00424624519899105	0.0816560914818131	-1.85368822376846
ARHGAP29	-1.26990859608226	2.4850423769513	-3.65757107458352	0.00424729017026988	0.0816560914818131	-1.97168848831106
KLK7	-1.98515201007482	-0.651883640538016	-3.65707958640555	0.00425078937405405	0.0816560914818131	-1.77238401560181
SKA3	1.1882515674485	6.92325172002072	3.6568144296431	0.00425267842936503	0.0816560914818131	-2.34259080252702
MROH1	-1.67566099480851	3.47179452595112	-3.65639271006619	0.0042556846801015	0.0816560914818131	-2.07539194342362
ZBTB18	0.996134282230959	4.42717850868504	3.65633541817621	0.00425609325861547	0.0816560914818131	-2.18277383432088
NBPF20	1.62485603208405	1.11495571638722	3.65318971965597	0.0042785895019023	0.0819493671403586	-1.87272937700763
LINC01517	1.78427161218292	-2.67829818600147	3.65305494195288	0.00427955610841825	0.0819493671403586	-1.72850647907112
ESRP2	-3.07732564414484	4.02108147691482	-3.65227188957584	0.00428517653487861	0.0819493671403586	-2.1449328648147
LINC02965	-3.01976108972249	-3.58661550403355	-3.65189850019114	0.00428785926700617	0.0819493671403586	-1.73073817168424
ARHGAP31	1.26814840701407	3.50414282654845	3.65180277040657	0.0042885473481505	0.0819493671403586	-2.08672201663337
HS2ST1	0.748626964799859	5.89170111340604	3.65113451993169	0.00429335375489852	0.0819692534405129	-2.30934057561113
SEM1	1.07549822893335	6.31256744927184	3.65070349642255	0.00429645686739354	0.0819692534405129	-2.33027170081761
NSF	0.756698726145041	5.33165752817323	3.65018963211894	0.00430015942669732	0.0819743650455152	-2.27544454534808
AP1M2	-3.85214942106368	4.93652878192377	-3.64836334117851	0.00431334527024036	0.0821601049998618	-2.24634015679313
KIF1C	-1.10091934542304	6.58288313717472	-3.6454928474688	0.00433415515047674	0.0824307130812443	-2.34994576810234
UNG	-0.901978451789717	7.30473042753796	-3.64468875503369	0.00434000314741845	0.0824307130812443	-2.37514934315307
ZNF516-AS1	1.4919094396042	0.218770632739301	3.64399304427593	0.00434506951461517	0.0824307130812443	-1.83477132320029
PYGO1	1.40968624880686	1.97881316845378	3.64395592251518	0.00434534001845597	0.0824307130812443	-1.95060021331061
ENSG00000251615	1.58307883631867	0.270016121813631	3.64242190569172	0.00435653359562902	0.0824307130812443	-1.84001244853838
PCDH9	1.72140673435247	-0.44462827869248	3.64225983655813	0.00435771794537258	0.0824307130812443	-1.80487100209105
ATP12A	-1.33040388013793	1.17962049675284	-3.64204541012845	0.00435928541909865	0.0824307130812443	-1.89509264178437
TMED3	-0.85147004491536	5.51334394333012	-3.64202009189133	0.00435947053598067	0.0824307130812443	-2.30208646587949
DISP1	1.62261726700456	4.68907875816725	3.64188011463839	0.00436049414122933	0.0824307130812443	-2.23409258917772
HDC	-2.86998578373944	-2.66447148906894	-3.64166201548528	0.00436208952200157	0.0824307130812443	-1.7455387044529
ENSG00000290410	2.49150122015903	-3.30184481576786	3.6409401150791	0.0043673744973246	0.0824652904490872	-1.74510348063585
MUC4	-1.89264387165869	0.711829553345327	-3.64044380758634	0.00437101177895836	0.082468725793201	-1.86818305653943
ZNF581	-1.03079375543249	5.27533418130663	-3.63971318564455	0.00437637199836348	0.0824826177963474	-2.28905758164986
TNNC2	-1.68923884637796	-0.436410530608564	-3.63940161189135	0.00437865993832372	0.0824826177963474	-1.80975800493532
SIT1	-1.50850895657775	0.98086679868485	-3.63737325041751	0.00439358491991668	0.0826869110446002	-1.88972506861866
TGM2	-1.40323530971562	1.52112559035799	-3.63652215608678	0.00439986310927367	0.0826869110446002	-1.92781660235953
LINC02228	3.01673153043595	-0.156742689297951	3.63651736464659	0.0043998984801878	0.0826869110446002	-1.82757795009756
SLC25A5	0.817617391589394	9.57741243252547	3.63542847501338	0.00440794443484408	0.0826981398210811	-2.44326774926528
POLE4	-1.02186411998658	2.29566182093396	-3.63413589777158	0.00441751528530911	0.0826981398210811	-1.99345178067894
ATF6	0.849728731555521	6.06565436423362	3.63381252977225	0.0044199130241874	0.0826981398210811	-2.34776298002194
B3GALT5-AS1	-1.11236270270798	4.36733736520908	-3.63373936245445	0.00442045573926521	0.0826981398210811	-2.21464904226541
FRMPD3	1.32867019716758	3.34533609545908	3.63359510288346	0.00442152598027864	0.0826981398210811	-2.09937008343601
MRAS	0.915335420993534	4.44290954374667	3.63336422399055	0.00442323939704209	0.0826981398210811	-2.223276932393
RPSA2	-0.726739996719042	9.17380847029209	-3.63302259475148	0.00442577598695924	0.0826981398210811	-2.43976212871982
ZDHHC12	-1.19725803139767	4.59987761968629	-3.63246017435363	0.00442995523449521	0.0826981398210811	-2.24107873047137
KCNMB4	1.21320526246519	5.94856499472566	3.63121466529524	0.00443922497396375	0.0826981398210811	-2.34630359869008
ATP1B1P1	-1.97561105046598	-3.409105491917	-3.63100747020654	0.00444076898094637	0.0826981398210811	-1.75993062231935
KCNH7	1.46683871095555	0.258835854068528	3.63093364820741	0.00444131923323025	0.0826981398210811	-1.85780318450119
MRPL10	-0.752446946995057	6.43520196472434	-3.63046820938402	0.00444479013691393	0.0826981398210811	-2.36984664789367
SP8	1.91678702171319	4.65221724373109	3.63036764696198	0.00444554042780605	0.0826981398210811	-2.24990036650593
ENSG00000310042	-2.2940264286199	-2.50985852367788	-3.62858604185322	0.00445885469409835	0.0828812188349262	-1.7664533321797
TARBP2	-1.37297275272669	5.06259216397255	-3.62809146642985	0.00446255807881584	0.0828855047992978	-2.29173423861622
CYBB	3.17421027168263	-1.30618937610288	3.62637325147894	0.00447544890285564	0.0830602946846466	-1.79554165576664
DIPK2A	0.962946155812863	5.46182652483855	3.6237999722543	0.00449482709093604	0.0833551190204898	-2.32961184736931
UTP25	0.854029368000964	4.88062619179873	3.62176894259802	0.00451018328760894	0.0835749569296294	-2.28643962549053
MR1	2.90607064097709	-0.532317482853833	3.61916762628317	0.00452993081581652	0.0838470696742809	-1.83730008878256
ACKR3	2.38534209601967	2.17486898245453	3.61890962971883	0.00453189424225174	0.0838470696742809	-2.00815192631412
PLEKHJ1	-1.3966910563497	5.81467061607589	-3.61788141799161	0.00453972799451243	0.0838580113719564	-2.36174438680078
LINC01410	1.94084696442727	-2.19512429566153	3.61738879299099	0.00454348618647314	0.0838580113719564	-1.78756739052533
SRGAP1	0.8075302884401	4.25511864726773	3.61730233420882	0.0045441461055171	0.0838580113719564	-2.23014577780883
AXIN1	-1.10821590394851	5.66354587782357	-3.6167976414859	0.00454800028753656	0.0838580113719564	-2.35465703818028
ENSG00000254373	3.05030354675725	-2.52743318754192	3.61652897279796	0.00455005340958996	0.0838580113719564	-1.78430130337966
CALB2	-1.77654450434303	0.601675161839636	-3.61424408633513	0.00456755302913535	0.0839536108323179	-1.90391817933229
CLK2	0.929627270046072	6.09740378203082	3.61402112474739	0.00456926439344976	0.0839536108323179	-2.38306249208034
AMMECR1	0.907358005023072	6.73449385143064	3.61372271972448	0.00457155587199395	0.0839536108323179	-2.40969714933467
ENSG00000222000	2.20373629652708	-1.4314215922043	3.61310314683432	0.00457631743327001	0.0839536108323179	-1.81210017210236
CNOT6	0.704138608090053	6.27132696738594	3.61300547892566	0.00457706850287668	0.0839536108323179	-2.39276842420241
MSANTD2	0.893719406431606	4.30776891911617	3.61299668843031	0.00457713610836024	0.0839536108323179	-2.24323038045539
AIPL1	-1.88992145147818	-0.748865637864005	-3.61264217246559	0.00457986346435153	0.0839536108323179	-1.83799813319156
PIEZO1	-1.22726716282219	5.55107769747207	-3.61092555570631	0.00459309356418243	0.084131515039403	-2.35752481292806
COL23A1	-1.29524535807235	3.00350426245846	-3.60994728614359	0.00460065088425538	0.0842053179865974	-2.1018853715558
TWIST2	1.22275494398635	2.30863790700187	3.60895073134764	0.00460836271814535	0.0842708640110475	-2.03624558401702
LINC02325	2.5618310367471	-1.06991140483711	3.60835853874476	0.00461295174470103	0.0842708640110475	-1.83177765358631
MPPED2-AS1	2.6515856530178	-3.36536148405695	3.60811702804412	0.00461482462238401	0.0842708640110475	-1.79312589777515
P2RX2	-1.96159795924398	-0.0952143482278584	-3.60738628942209	0.00462049618870881	0.0843099254861721	-1.87696129454673
NBPF8	2.19845034248191	1.98318245338429	3.60668032373547	0.00462598234518148	0.0843455467016398	-2.01231379514972
BSPRY	-2.45848389576251	2.25172976267283	-3.60516372867794	0.00463779086255049	0.084496301157628	-2.03749567336209
TMEFF2	1.92584135157038	2.25744605048591	3.60388896464854	0.0046477406045535	0.0845537725800671	-2.04010392286216
CTSV	-0.972228046398631	6.00200585910544	-3.60385183511669	0.00464803073805036	0.0845537725800671	-2.39569470557663
GLIS1	-1.91074186475565	-2.76691855805506	-3.60251965695371	0.00465845292881938	0.0846788241067267	-1.80297570969664
SULF2	0.788027917209162	5.83944862386293	3.60177932768887	0.00466425530540088	0.0847192911746313	-2.39057819964584
EFNB2	0.823771869625446	6.12330802997826	3.6013302748648	0.00466777843443416	0.0847192911746313	-2.40595445791409
YIPF2	-0.887388005080358	4.94234697446178	-3.60066358250047	0.0046730141843355	0.0847498704692518	-2.32784699025064
DOK5	1.00616575127185	4.15722692101192	3.59988379869919	0.00467914580241774	0.084796638470998	-2.24870103922894
FOXL2NB	-1.61859331117841	-0.489413835925092	-3.5980773626397	0.00469338227843773	0.0849901023061254	-1.87257657232552
LRRTM4	0.890016808338411	3.19177515545026	3.59532755619244	0.00471513967307685	0.0853193620753033	-2.14651632009049
TMC4	-1.85606937704112	0.797371557680886	-3.59456250871299	0.00472121155448461	0.0853645122506698	-1.94754255865831
LINC01768	2.06834580652108	-1.63686266342969	3.5936311927742	0.00472861398117692	0.0854333381541939	-1.8360969665693
ATRNL1	1.01649652936662	3.96766779010557	3.59318343576147	0.00473217719193214	0.0854333381541939	-2.23848758239716
CORO2B	0.950284505874592	4.302335384853	3.59155769019781	0.00474513814120097	0.0855582608723313	-2.27891655363788
OVOL2	-3.2021831033731	0.860640909925261	-3.5910452987261	0.00474923070512235	0.0855582608723313	-1.95720090586521
RAB26	-1.36989194908102	1.36782364120683	-3.59059368402192	0.00475284086655224	0.0855582608723313	-1.99189931023609
MAGI2	0.82634487479323	5.38605038575971	3.58963842901875	0.00476048644872264	0.0855582608723313	-2.38246489119635
KCNJ2	2.17683379569136	1.38884378829527	3.58947326202965	0.00476180968881268	0.0855582608723313	-1.9952266986007
MFSD3	-1.55857156556719	4.7976403503652	-3.58927563845507	0.00476339345661292	0.0855582608723313	-2.33382589341658
ENSG00000291101	-2.34855475440823	-2.39242819204926	-3.58900330798882	0.00476557682453343	0.0855582608723313	-1.82732753697996
TSPAN15	-1.13160306654252	3.21381476497002	-3.58872925574896	0.00476777504337372	0.0855582608723313	-2.15997737371972
LY6S	-2.1016652196914	-1.36980421276128	-3.58550211355452	0.00479373966116649	0.0859595676131185	-1.85672793209093
PTPRB	2.9820186687878	3.71162560124244	3.58364657585789	0.00480873505401722	0.0861637233740458	-2.22498696412699
MTMR14	-0.674781166491292	5.86731763591642	-3.58286544375918	0.0048150622438279	0.0861699283443667	-2.42439638400751
CARMIL2	-1.48461947460164	3.93086224141946	-3.58230549110581	0.00481960318144529	0.0861699283443667	-2.25260219497548
KLK5	-4.24570406390608	-1.90595987944831	-3.58226735431028	0.00481991261322033	0.0861699283443667	-1.84665729072115
ZNF800	0.994302842184256	2.3611111192252	3.57980955730445	0.00483989798829428	0.086462459046871	-2.08921775061407
ENSG00000278727	1.85337522716972	-2.1515165253189	3.57661749480866	0.00486598220054111	0.0868634234706916	-1.85007137064322
OSTM1	0.843082552448081	5.36654574124893	3.57509995140165	0.00487843396423106	0.087020615414277	-2.40580771354728
VPS72	0.758269158277002	6.56413756903954	3.57323349788774	0.00489379387962953	0.0871329416833948	-2.47264814865822
EPC1	0.722281850030632	5.11100144900624	3.5728972693679	0.00489656618075144	0.0871329416833948	-2.38964461923556
SNHG15	-0.937059003964912	4.06475246184396	-3.57283138188493	0.00489710963262578	0.0871329416833948	-2.28394724505432
ENSG00000240376	-1.09840564938793	4.11215092223836	-3.57235242033871	0.00490106207214465	0.0871329416833948	-2.2901399604592
ENSG00000289106	1.31831935095156	2.5531833563381	3.57211955392306	0.00490298490303763	0.0871329416833948	-2.11980842562858
SH3BP2	-1.0258958995076	4.82904731383543	-3.56762944976029	0.00494021387290171	0.0877292295420723	-2.37360096099818
SMYD1	-2.57889825539359	-3.60527601929066	-3.56697272563753	0.00494568348379209	0.0877610614926883	-1.85376425543548
FKBP1C	0.977571203655904	4.00617047736501	3.56583550182934	0.00495516983410747	0.0878587623803062	-2.28912940158519
KCTD15	0.696681741418952	5.71396284910008	3.56541507911078	0.00495868163202102	0.0878587623803062	-2.44536106582352
ENSG00000306520	2.20452821480855	2.80330338333906	3.56458587549849	0.00496561553952839	0.0878587623803062	-2.15692580387851
CP	-1.65149162523892	-1.455619647862	-3.5645502054214	0.00496591404244493	0.0878587623803062	-1.88637457760155
GRB7	-0.848941042862749	4.70152032978525	-3.55763487710109	0.00502413696253868	0.0887050278289811	-2.37831389456365
TLE6	-1.69027069459676	0.51362075598116	-3.55755269007814	0.00502483316189985	0.0887050278289811	-1.99021127629329
RPL6P19	-0.930947176502679	3.62513515196425	-3.5574245669334	0.00502591868149549	0.0887050278289811	-2.25917387815447
PKN3	-1.02494174583066	4.81648627391619	-3.55710670096446	0.00502861284001389	0.0887050278289811	-2.39031250462181
TMA7	1.05040156373946	6.57991447369972	3.55587101844667	0.00503910041043685	0.0888243792436458	-2.50294598501455
ENSG00000291073	-1.73195110482792	-0.424405044608536	-3.55181371325578	0.00507369535616263	0.089308804480123	-1.94897437904892
TOP2A	0.752419266058256	9.60159935166788	3.55177037156651	0.00507406623685619	0.089308804480123	-2.58712446711673
RALGAPA1	0.732934081688654	3.96534214651561	3.55118515580327	0.00507907675556584	0.089331116378106	-2.30918337572585
RBP1	1.06394691047864	4.83831787913169	3.55053219717464	0.00508467332236378	0.0893636952760356	-2.40356991768555
TMEM131L	0.637717052202	5.69332858444284	3.54952807500076	0.00509329220113354	0.0894493046096057	-2.47124554446078
TNFSF9	1.22045120343835	1.98639617647735	3.54864736787942	0.00510086419436228	0.089516415975621	-2.10833668865479
ZNF101	-0.858688395316386	4.64274900103778	-3.54689032444172	0.00511600542926736	0.0896652680537544	-2.39065294312397
FUT1	-1.27858115139441	3.7555133580375	-3.5466061038616	0.00511845905327978	0.0896652680537544	-2.29254487697634
BEX2	0.904979222067998	5.60365799197777	3.54635627725331	0.00512061676613178	0.0896652680537544	-2.47109032444482
SLC13A4	-1.38794008388799	1.62788013969901	-3.54569502574026	0.00512633243504912	0.0896995426886491	-2.08465779489114
PKIA	1.13900611605404	5.44157596028313	3.54515726282354	0.00513098557167996	0.0897151887467293	-2.46228407043488
MCPH1-DT	-0.979186914907665	2.92578472095137	-3.54428960946838	0.00513850239029132	0.0897808466684356	-2.20346140107194
ATF2	0.733843130753777	5.93847793100848	3.54370084145567	0.00514360960590352	0.0898043383058517	-2.49515846535169
ATXN2	0.691451788434446	5.99880982375713	3.54281157983212	0.00515133338695983	0.089873445867376	-2.49980217032274
FAM83G	-1.05813454682503	5.40726320353168	-3.54213844689485	0.0051571879383116	0.0899098645169343	-2.46500121689212
PCDH10	-2.00055527024847	3.35767415355809	-3.54148791620033	0.00516285244972631	0.0899429192829328	-2.25530899762491
SRI	0.593999002052042	6.64618643730911	3.54102608343954	0.00516687777671522	0.0899473901508842	-2.53084243782944
AQP3	-1.44224709604218	0.931405144368748	-3.53979024892224	0.00517766527011844	0.0900694876107266	-2.04502542260713
AQP5	-1.52647583694389	0.0744396595733665	-3.5387844308751	0.00518646216959324	0.0900914166334251	-1.99552952948134
ENSG00000306181	-3.21074141943445	-3.49515747759844	-3.53878292864715	0.00518647531966004	0.0900914166334251	-1.89454475438799
SGMS1	0.684681053358099	4.76618888524109	3.53620804298099	0.00520906590234032	0.0904180188299319	-2.42106584774248
ENSG00000294638	-2.29769764627378	-4.2476493207934	-3.53368352230952	0.00523131345500543	0.0907347881642955	-1.90670160549857
SLITRK1	3.25191714629145	2.19119619738836	3.5332754726463	0.00523491864508463	0.0907347881642955	-2.15125523948984
RPS6KA2	0.675022193135865	5.92666529628057	3.53201373765553	0.00524608256360651	0.0908623022827261	-2.51451809974247
INTS6	0.790700529227894	5.84603083481797	3.53095794494142	0.00525544321608408	0.0909584214925879	-2.51190405619511
ENSG00000287938	3.19467580248205	-1.22059164894026	3.53041776531794	0.0052602391251476	0.0909754544926796	-1.94762751845651
RAB36	1.30874765213533	2.76340618171969	3.52988376054425	0.00526498466155364	0.0909915922645189	-2.21082731975111
POMC	-1.69020005798565	0.287553174910928	-3.52909638486486	0.00527198990739819	0.0910104445475103	-2.02297900753645
RGN	-3.31452229331788	-3.65057379693819	-3.52859650771756	0.00527644229441427	0.0910104445475103	-1.90969182277794
CASP2	0.736121471737837	5.37933230126987	3.52847611611294	0.00527751519896737	0.0910104445475103	-2.48630224332129
HEPHL1	-3.1772357448125	-2.80030265991679	-3.52607137197298	0.00529899310374444	0.0913148508354286	-1.91664571803669
SYDE2	-2.84619122205387	1.13695920547087	-3.52489795448979	0.00530950624893354	0.0913896002145968	-2.08312964501641
TRIM47	-1.14367393807826	2.35780145379232	-3.52473264679505	0.00531098904335048	0.0913896002145968	-2.18036205801853
H1-3	-1.97396712748973	-3.22511337835308	-3.5224536765119	0.00533147489753421	0.091616541025504	-1.91892682699658
NALCN	1.83912982568166	0.330490141341447	3.52240091141582	0.00533195017414754	0.091616541025504	-2.03623893339243
SWT1	0.803482605789693	3.81825388766967	3.52198552023863	0.00533569330143925	0.091616541025504	-2.34150252090001
NTMT1	-0.966785846728975	4.79113683544778	-3.52036608892332	0.00535031210987352	0.0917847886865321	-2.45043887283173
CDH9	3.44539734261164	1.98526976935275	3.52004856388475	0.00535318330128012	0.0917847886865321	-2.15552870355625
EFCC1	2.40299949011473	-0.0237713218471786	3.51713095605694	0.00537964020305657	0.0921214059710076	-2.02492566087423
ENSG00000286787	2.03069200569537	-2.48773505444035	3.51703248836302	0.00538053546418002	0.0921214059710076	-1.93436350089379
APOBEC3G	-1.40780435764383	0.684440695657867	-3.51587428788164	0.00539107730844772	0.0922357291187969	-2.06809831870291
C1orf167	-2.14077289348376	-1.6280179279394	-3.51502545695053	0.00539881685591433	0.09225681450434	-1.95751093920781
ENSG00000272927	-2.18358098669904	-0.0630425364670759	-3.51489135468237	0.00540004063613202	0.09225681450434	-2.02639850545094
RPS15	-0.714178801294655	8.0537589041627	-3.51235402637828	0.00542324972152445	0.0925870537221917	-2.62199161510588
ENSG00000266709	-1.53794801447874	2.09381463188415	-3.51143621049719	0.00543167041296643	0.0926023206074846	-2.17899578189837
ENSG00000296549	-2.26084078134436	-2.50265152032418	-3.51141078945414	0.00543190383586033	0.0926023206074846	-1.94260903162275
GNPDA2	0.988724189545107	3.38292139920998	3.51069863446491	0.00543844725190895	0.092647694904576	-2.30998675020617
ZDHHC14	1.35969215331319	4.02402358180764	3.50939659536794	0.0054504317123064	0.0927412902079751	-2.38671012173768
MB	-2.09038951202303	-0.853146403051776	-3.50840302366078	0.00545959528514674	0.0927412902079751	-1.99738950183741
GPHA2	-1.54860343351914	-0.736461446063554	-3.50833683780003	0.00546020627356905	0.0927412902079751	-2.0028599789238
AIDAP1	2.82286543410548	0.525606416044936	3.50809705047838	0.00546242043918328	0.0927412902079751	-2.07091819219384
GRIK1	2.32354444911692	-0.751075044547149	3.50799423657495	0.00546337009395454	0.0927412902079751	-2.00272112593242
SLC25A39	-0.962700306003152	7.6541248469336	-3.50453853778447	0.00549538859676761	0.093210251129446	-2.62501312110437
HP1BP3	0.665794818940318	7.02685548726105	3.50417079473561	0.00549880728999288	0.093210251129446	-2.60710739705206
HMOX1	-0.981153264444877	4.29382847594169	-3.50362536231171	0.00550388190646466	0.093230056395736	-2.42711232215698
TCERG1L	1.18480706673473	4.2362358257847	3.50259849650317	0.00551344884097088	0.0933258748137958	-2.42241947052357
ENSG00000300209	-2.24520680530381	-3.07593945174375	-3.50115890737629	0.00552688991368134	0.0934870882847857	-1.9512889398584
NCKAP5	2.15848512572549	1.48565427616136	3.50042124304776	0.00553379041317601	0.0935375182657732	-2.14834444513063
WIF1	-1.72234121358517	0.28381808789254	-3.49955438928738	0.00554191079901614	0.0936084819816831	-2.07039687507019
NAIPP4	1.66391185585469	-1.6774685684426	3.49758996371687	0.00556035846203053	0.093807856811155	-1.98292214815606
RAB9B	1.79982471349112	1.27470739431313	3.49728680641785	0.00556321101958868	0.093807856811155	-2.13801184666094
LY75	-1.21024263500223	0.349157541696113	-3.49704305128345	0.00556550572944214	0.093807856811155	-2.07826157291887
TSPAN17	-0.914107290891661	6.08480343980746	-3.4952422559956	0.00558248874126672	0.094027705566558	-2.58552143403118
TBC1D8	0.93251344433997	5.55926938588349	3.49423905139932	0.0055919730193452	0.0941210296563553	-2.55728657944802
ENSG00000309115	-1.49222545321102	-0.780410929253229	-3.49358935148705	0.00559812415175648	0.0941581600634052	-2.0241054436694
TBCK	0.877356554956479	4.85483624275179	3.49310787824464	0.00560268708250548	0.09416854408321	-2.50298722637921
ELP2	-0.686702741554512	6.79171583104924	-3.49222871567218	0.00561102883947973	0.0942423823447309	-2.61970222668187
ENSG00000300906	2.21504212785796	-2.94634970304645	3.49103201423566	0.00562240412610668	0.0943635962832092	-1.96747044513819
NSUN5	-0.747704459877918	5.46957428189339	-3.49024318715301	0.00562991537549371	0.0943635962832092	-2.5580428515002
IL17C	-3.30938386085405	-2.21419675617677	-3.49022308878726	0.00563010688847739	0.0943635962832092	-1.98015757327723
CPLANE2	-1.4144768986484	1.19439421583866	-3.48910182501193	0.0056408018373303	0.094419440654469	-2.14570585134359
OAZ1	-0.747586858477142	8.4694436526209	-3.48871610940866	0.00564448575801956	0.094419440654469	-2.6724608328095
NEBL	-2.15639252352571	3.84664301817144	-3.48836573422214	0.00564783430121091	0.094419440654469	-2.40170364530551
COA6	0.724655634888317	4.68312098171653	3.48821630207135	0.00564926305168566	0.094419440654469	-2.49463856788986
PAWR	-0.745950445223834	7.44548001730845	-3.48742782860442	0.00565680798828539	0.0944793815650157	-2.64855314557793
GLRX2	0.852187859380186	3.22530460245624	3.4857739937176	0.00567266744042837	0.0946760302167974	-2.33411291434194
LINC00899	-1.43568823548247	-1.18925968335746	-3.48537341880461	0.00567651565928843	0.0946760302167974	-2.01924298480645
TMEM131	0.751177721747499	5.95404156296789	3.48480949781055	0.00568193767220004	0.094700283814524	-2.59677766431723
ZNF280A	-1.63654056826917	-1.1139185905123	-3.48309913029498	0.00569841533185472	0.0949086383289439	-2.02588420422347
GSTT2B	-3.58803008200241	-1.70559915986532	-3.48146733909691	0.00571418199846043	0.0951048687289086	-2.00696531589465
ZNF385B	-2.36701988033178	0.399455736140863	-3.48095338552687	0.00571915723747896	0.0951213420117842	-2.10725801999072
ABCB1	2.23439341092454	0.650380171718599	3.48029111300776	0.00572557485036438	0.0951617652880548	-2.12375005766575
MKNK2	-0.909392699244611	6.8902135214454	-3.47858643484975	0.005742127909336	0.0953274197925017	-2.64649259986215
PPCDC	-0.799555464290843	4.0597152834503	-3.4780455457493	0.00574739046639358	0.0953274197925017	-2.44395884955854
CLDN11	2.82270302027477	5.00416258830855	3.47803182009826	0.00574752407430385	0.0953274197925017	-2.54228022346798
EFCAB2	1.06721466648076	3.5587262989941	3.47754385510685	0.00575227609631243	0.0953399816602005	-2.38621187479197
ENSG00000251161	-1.70115515811719	-1.03943404666991	-3.47622307743784	0.00576515878665954	0.0954720074373623	-2.0398328325507
ENSG00000235192	-4.61217897718233	-1.98657144332089	-3.47451953862862	0.00578181888887748	0.0954720074373623	-2.00961386661738
POLR3C	0.721091145020531	5.73705331070223	3.47442830086577	0.00578271256842268	0.0954720074373623	-2.60236450464084
TGFA	-1.72467923121232	2.43039821090047	-3.47436690105054	0.00578331406371411	0.0954720074373623	-2.27095064440061
GLRA2	3.50670311713451	-3.03763351208556	3.47436189996405	0.00578336305905177	0.0954720074373623	-1.99144875784762
SCIN	-2.48706022759259	-2.60420463998465	-3.47427211052808	0.00578424279358218	0.0954720074373623	-1.99702183599546
KANK3	-1.6973407894322	0.704579685776579	-3.47208677239013	0.00580569685451395	0.0957598941442187	-2.14053423738962
SYNPO	-1.49764650245491	2.7148523505955	-3.46997740658113	0.00582648300874022	0.0960363742883997	-2.30608130716413
GARIN1B	-2.90059434471233	1.42143166883225	-3.46740868495154	0.00585189955465094	0.0962383678162924	-2.19783384048511
MISFA	1.55603383840439	-0.856287812663936	3.46718646972113	0.0058541036644021	0.0962383678162924	-2.06227889874426
ZNF425	1.03362231401922	4.38464799150851	3.46693466684916	0.00585660228408401	0.0962383678162924	-2.49955008138847
CACNA1I	-1.3792114419024	1.92855655088967	-3.46657271786481	0.00586019580364513	0.0962383678162924	-2.23931463924384
FAM124A	0.819923196409999	6.74849481558939	3.46649469767357	0.00586097070568404	0.0962383678162924	-2.66233529371057
CPNE7	-1.85871892675688	2.65361557503167	-3.46629732180149	0.00586293152909411	0.0962383678162924	-2.30608611008307
PARP1P1	2.13066186673285	-0.862160687864222	3.46476547270525	0.0058781726706836	0.0963706284230887	-2.06583081225216
ENSG00000237464	-2.85021192663273	-3.19951057418478	-3.46467595341166	0.00587906460736654	0.0963706284230887	-2.00452759468952
TMEM141	-2.16310060167375	3.43194440406043	-3.4640352509501	0.00588545240614795	0.0964091232515671	-2.39430103423875
PHF7	-0.902983014537539	2.7166283520779	-3.46095470139692	0.00591626564805059	0.0968474020727184	-2.32136262759085
PSMG3	-1.26702574638731	3.709502894148	-3.4587923474892	0.0059379940500202	0.0971364660670543	-2.43560642129822
RNF122	-0.827747532955639	4.66537903176429	-3.45811737912946	0.00594479332029425	0.0971810836818239	-2.54414012816477
MBD5	0.731482986607181	4.09968320062658	3.45733736250621	0.00595266079997441	0.0972430905633054	-2.48371688624152
MAL	2.36419416093717	-3.32105430227723	3.45647779623855	0.00596134308765197	0.0972560561914512	-2.01589356451241
ENSG00000288612	1.64754014895638	-0.255256108759903	3.45645195407005	0.00596160431592128	0.0972560561914512	-2.10969010596278
ENSG00000299166	-2.48063478882001	-2.34212946736269	-3.45499032252958	0.00597639861823609	0.0974308099873229	-2.03107521737531
CALM2P2	2.03715854251645	1.57923829659197	3.45190851762301	0.00600771623565195	0.0978096804853478	-2.23539726041935
KCTD8	1.20505604181424	2.194922190427	3.45189688834084	0.00600783473379645	0.0978096804853478	-2.28674875167089
SLC17A8	-2.24890868518069	-2.43369933080656	-3.45072954535719	0.00601974181328037	0.0978534137400474	-2.03568859389627
TSPAN4	-1.11486924311614	5.28920604030285	-3.45020886887945	0.00602506064436701	0.0978534137400474	-2.61336787121576
SPMIP5	-1.0249382831134	3.08438697942315	-3.45017065683022	0.00602545118026449	0.0978534137400474	-2.37837794885258
EDN1	-2.74990915329089	-2.51923848242293	-3.45002688673943	0.00602692077755351	0.0978534137400474	-2.0351262153883
LAS1L	-0.760296080164388	6.42431467092318	-3.44816768219191	0.00604595864971469	0.0980957818441472	-2.68144335338521
LINC02570	-3.7910734846677	1.50098664827139	-3.44559778911625	0.00607237603525648	0.0984174136370442	-2.2397730018401
TTC9-DT	-2.34784756667237	-3.90004547387044	-3.44543737114595	0.00607402900604877	0.0984174136370442	-2.03121750839836
DRD3	2.20926256904468	-0.813113663756691	3.44378541202254	0.00609107806790093	0.0986267030166835	-2.1013190783244
CD81-AS1	-1.4809449170065	-1.18254004048191	-3.44162653212173	0.00611343325479961	0.0988950505525533	-2.08809321020272
CCDC61	-1.13837618542719	2.87320103636181	-3.44138514237704	0.00611593809928222	0.0988950505525533	-2.37036391000533
SLC24A2	1.03027826557637	3.05871090034701	3.43988723485571	0.00613150521774678	0.0990536790669199	-2.39284854420083
SEZ6	-3.29833943970418	1.54194489177385	-3.4396428781474	0.00613404858846557	0.0990536790669199	-2.25274161487031
PALS2	0.75843760440927	6.60606913930126	3.43750946993497	0.00615630030431482	0.0992780526498668	-2.70689178973429
TMEM114	-3.16973886633334	-1.55039361249457	-3.43739148642731	0.00615753331392854	0.0992780526498668	-2.0804781999033
TRAP1	-0.687910900956475	7.75974189340645	-3.43682748344804	0.0061634310568333	0.0992780526498668	-2.74422951041265
COASY	-0.877782396692122	6.4064441263364	-3.43671750159667	0.00616458180865222	0.0992780526498668	-2.70036507943097
MAGI2-AS3	1.31459850163386	4.38891541179335	3.43558683868905	0.00617642491172029	0.0994017082724397	-2.55339543237525
GPD1	-2.59623424892629	-2.28186233742367	-3.43424208957638	0.00619054101221665	0.0994812025531101	-2.06401400528948
ENSG00000289511	-1.81330689144429	-1.66232625581715	-3.43400403767314	0.00619304335489892	0.0994812025531101	-2.08186314572932
ENSG00000293254	-1.83230132760607	-3.06655669602586	-3.43392553213193	0.00619386881442668	0.0994812025531101	-2.05143793709198
PCDHA13	-2.46801011924135	-1.73070704939297	-3.43246263330044	0.00620927148076536	0.0996615214737234	-2.08198675481685
PEAK1	1.31489944717578	6.55336021108466	3.43204514449807	0.00621367440535881	0.0996651660165985	-2.71426563690537
DYNLT2B	1.76788849900364	1.41788169828173	3.43086187353257	0.0062261709315233	0.0997752469614112	-2.25773792175177
HSPA1A	1.320680274936	4.00773294873948	3.4302076782882	0.00623309101034081	0.0997752469614112	-2.51920005092308
PDLIM3	-2.26500907332412	1.65648699311601	-3.43015072331304	0.00623369385537694	0.0997752469614112	-2.27740612477456
CDC42BPA	0.977393527852846	6.18170406114943	3.42952288834153	0.00624034321642237	0.0997752469614112	-2.70284622106163
LTBR	-1.37391790601515	1.04015405907401	-3.42917024834939	0.00624408121175072	0.0997752469614112	-2.23306421936764
ZFP91	0.668146442002208	5.62394422599033	3.42902511797078	0.00624562026900525	0.0997752469614112	-2.67318453644754
OCEL1	-1.03127573776219	3.57369627233263	-3.42831013354662	0.00625320814268889	0.0998296446431811	-2.4711969636386
MTR	0.837217155079129	5.84146652355601	3.42768119458583	0.00625989070475631	0.0998695263706009	-2.68855401945874
ZNF558	-1.06109317131621	3.94353334930319	-3.42633506645845	0.00627421825595986	0.0999726302858449	-2.51822188640249
CYBA	-1.68057320557792	5.60947380481967	-3.42628696907828	0.00627473080689637	0.0999726302858449	-2.67694799933543
PRR5	-1.32419986558295	2.80530219183196	-3.42406587369523	0.00629844705318739	0.100283546243111	-2.39230371558169
GNAQ	0.797021597365965	6.80834851314841	3.42359792162903	0.00630345549205081	0.100294088660518	-2.73814332983658
ENSG00000304354	1.53451086429572	1.07496922817781	3.42321904264164	0.00630751359950715	0.100294088660518	-2.24526419575263
ANO6	0.541837796642263	6.8551216136273	3.42177319494464	0.00632302459124584	0.100413207674849	-2.74290376233613
ENSG00000300289	-1.968409032439	-1.32399641028144	-3.42145436451564	0.00632645027868432	0.100413207674849	-2.11391939652653
ST7-AS1	1.2266626028214	1.13255928473024	3.42134492365984	0.00632762661176408	0.100413207674849	-2.25242537351808
RNASEH2B-AS1	1.18231626291085	0.273640457954226	3.41980668023417	0.00634418441116956	0.100609069329823	-2.19870430663445
CBS	-1.68316068558644	4.32678960012817	-3.41907178829145	0.0063521106177245	0.100667877897231	-2.57466333521829
RAD51	-0.657985755307364	4.99626681569343	-3.41779789285883	0.00636587445980574	0.100819061534296	-2.64453608323653
MALL	-2.34828341426778	-1.41812048447365	-3.41581451297848	0.00638736516685741	0.10108149275519	-2.11903288407472
CCDC181	1.10456927134617	3.07280359554542	3.41548754401274	0.00639091517859727	0.10108149275519	-2.43546333442921
SLC27A6	-1.26352757660528	2.43810821612779	-3.41501988686065	0.00639599622380002	0.101094862167838	-2.3707425449127
PTGFRN	0.729236625754097	6.12145615735684	3.41114390761509	0.00643826890407024	0.101695674343775	-2.7315629527599
RCOR3	1.01525526708721	4.44616825874464	3.40943455967999	0.0064570029907567	0.101867012718047	-2.60415538932484
HTATSF1P2	-2.70917816661223	-3.81244011266603	-3.40924482943424	0.00645908585423516	0.101867012718047	-2.08381163835059
OTUD5	-0.587109141046612	6.03499883756807	-3.40898671720199	0.00646192052855923	0.101867012718047	-2.73099220961012
GTF3C6	0.710933638029125	5.47392680698661	3.40782081845642	0.00647474079780683	0.102001741664195	-2.69949433045958
GATAD2B	0.999299345918184	5.64483086964327	3.40580811097737	0.00649693431861988	0.102214245411666	-2.71430583295179
NPM3	-0.934496646358875	6.06202552098847	-3.40570003245928	0.00649812828315252	0.102214245411666	-2.73798547541519
MGAT3	-1.30420954662173	3.42121001062421	-3.40543312519148	0.00650107782858799	0.102214245411666	-2.49203473841567
LRRC8C-DT	-2.21708995622078	-2.77003907431533	-3.40468526952579	0.00650934959991131	0.10227692356885	-2.09929426898645
BUB3	0.589488777758986	8.19394279181094	3.403733153881	0.0065198963128409	0.102375240328009	-2.81224593631274
LAMTOR5	0.742981515378693	5.38483681025905	3.40286504938833	0.00652952776664396	0.102434493371462	-2.70164688931947
ARHGAP10	-2.39965787599269	2.01055126061664	-3.40261959497804	0.00653225369386033	0.102434493371462	-2.35246093623784
PRRC2C	1.03913391734737	8.43937974812069	3.40172804080826	0.00654216483659092	0.102522552957922	-2.82148814725933
USF3	0.692178419003175	4.29477589424604	3.40105805438136	0.00654962307092283	0.102572082568055	-2.60174438436574
ITGB5	-1.25229027878456	7.08695619963324	-3.39977803112482	0.00656389654811449	0.102728209123835	-2.78838957088955
KAT6A	0.632964408937117	5.6510499504938	3.39930849663505	0.00656914033383287	0.102742904552811	-2.72584641420951
ENSG00000301982	1.68100191386964	-1.23603421706499	3.3988337986194	0.0065744461729453	0.102758550628478	-2.15303567750046
IDI2-AS1	3.70595969967023	-1.15817479698315	3.39763859779936	0.0065878248420558	0.102855025178925	-2.15827967191485
STAG2-AS1	1.59877096220795	-0.72374533554916	3.39751253432799	0.00658923758740421	0.102855025178925	-2.17915950968266
ENSG00000260400	1.58468435615547	2.43819487250845	3.39703620746604	0.00659457841907216	0.102871113155552	-2.40080998204732
RNF2	0.827609886705783	6.22159081254937	3.39569623311052	0.00660962685674168	0.103038513513947	-2.76278640732219
DPYSL2	0.638706078860449	7.85511521772854	3.395105345904	0.00661627398490683	0.103074811486796	-2.81857361235365
DBNDD2	-1.89622128867063	-0.19043160798999	-3.39442069322685	0.00662398453005668	0.103127618251052	-2.21276404209452
ZC3H11C	1.01988464966794	1.91486806664169	3.39358653942295	0.00663339126235798	0.103206746583245	-2.35924236999192
GPHN	0.707697149610756	4.66795502059249	3.38960382588961	0.00667849424954325	0.103840796256579	-2.66137997157998
AMACR	1.90021864662007	-0.730997148995524	3.38836344600602	0.00669260556597873	0.103992459012509	-2.1933382902205
GCDH	-1.44653377418233	4.75457703760512	-3.38778574211708	0.00669918835355038	0.104027019150414	-2.67319513256466
MMRN1	3.77940987300544	-0.936406805660156	3.3861380666276	0.00671799984198213	0.104228990334423	-2.18666444820195
ANP32E	0.808302964397731	8.46877607376768	3.38580632875985	0.00672179386180765	0.104228990334423	-2.84959589419141
ENSG00000286332	2.16503878225387	-1.026405494977	3.38550026316109	0.00672529622973193	0.104228990334423	-2.18339749210435
DEF8	-0.804095712544774	5.57899990009847	-3.38432023507939	0.00673881711631208	0.104317308921397	-2.74694566985296
ENSG00000259203	1.419581505422	3.70442254412707	3.38424008741498	0.006739736471144	0.104317308921397	-2.5613429164762
ALB	2.97213502512886	-2.90600711453717	3.3824088129799	0.00676077780596482	0.104575167786755	-2.13068888738978
ETV7	-2.11879096595571	-1.03351710748156	-3.38180873738679	0.00676768737396423	0.104614245177723	-2.18889806087627
ENSG00000293161	-1.29947055889249	-0.899851692481787	-3.38141705896058	0.00677220127452078	0.10461626396051	-2.19591628823277
IRAK1	-1.70595746658692	4.43538432024134	-3.38067677101288	0.00678074119476118	0.104669994489933	-2.65205185362609
MRPL9	0.681063819431693	6.28235175476897	3.38035552162123	0.00678445055834105	0.104669994489933	-2.7919002935061
OBSCN-AS1	2.0394752797862	0.258078125491412	3.37983084742016	0.00679051329544623	0.104695853244454	-2.26253933672889
CAPN15	-1.28636096944654	5.57299955690585	-3.37782575677553	0.0068137340322649	0.104986049159501	-2.75769795795202
APOBEC3C	-0.869733661479873	5.33275746970086	-3.37659927814642	0.00682797802330722	0.105137646117596	-2.74278775990094
GALNT13	1.03579490707217	4.32272228156481	3.37448908216442	0.00685255704316728	0.105383509266072	-2.65020320760047
EIF2AK2	0.611854280971802	6.52679877669556	3.374470313268	0.00685277606657494	0.105383509266072	-2.81220862422816
TRIM69	0.875595784311815	4.37253533407135	3.37386979588453	0.00685978760144668	0.10542340675063	-2.65682832671116
CC2D2A	0.717977411520354	4.28187482003663	3.37338804633532	0.00686541776145976	0.105442037138198	-2.64745695992995
ACADS	-1.92259807173957	2.23172348521834	-3.37296597583349	0.00687035436690225	0.105449998504731	-2.42160658667064
EML3	-1.20165369102744	4.4784261098322	-3.37081764296	0.00689553830035718	0.105744559455171	-2.67355622775624
PPL	-1.46892253989018	4.87373293707809	-3.37057344184284	0.00689840696659411	0.105744559455171	-2.71417084302797
ENSG00000236528	-2.08521214828668	-3.41643253890147	-3.36909523210102	0.00691579795022508	0.105915961038634	-2.144583522806
TMEM123	0.94620629694655	7.90264362584482	3.36886894917506	0.00691846412449118	0.105915961038634	-2.86501375707574
IL34	-1.35655302438844	1.65731926735243	-3.36705500848666	0.00693987510672327	0.10609780541715	-2.38189714152494
ENSG00000293476	-2.32960682716276	-2.47379160932391	-3.36702642616164	0.00694021302541613	0.10609780541715	-2.16216387417873
ENSG00000287790	-2.43134773178082	-2.64675819086102	-3.36673339658051	0.00694367838696058	0.10609780541715	-2.15893157059103
TAGLN2	-0.91086529643293	6.15437117874632	-3.3660664943885	0.00695157179668149	0.1061156631464	-2.81060105539794
SYTL2	-1.31282749119153	1.74126581144252	-3.36588349712654	0.00695373935396023	0.1061156631464	-2.3906924487228
FAM13B	0.731241815643966	4.38821655632749	3.36503809794388	0.00696376192891527	0.106200706682058	-2.67362695722824
ENSG00000278730	0.732255411922097	3.7445722227159	3.36401361093039	0.00697592759094759	0.106290824831525	-2.6004468128212
HK1	-0.700330314897565	8.40559492001613	-3.36379065535858	0.00697857805802993	0.106290824831525	-2.88610058491247
GLS	0.966260371150909	5.87136700603811	3.36278757321916	0.00699051539197307	0.106404739069019	-2.80165407252828
ENSG00000294611	2.59649226959811	-2.71216129505705	3.3615884140342	0.00700481374550948	0.106488537706614	-2.1654509295449
ENSG00000294831	-1.4134730459571	-0.663096966109064	-3.36157748137867	0.00700494424097642	0.106488537706614	-2.23951241850784
TUSC1	1.52564593823869	1.45684067101001	3.36050957750679	0.00701770312452698	0.106512491044685	-2.37682047415329
ENSG00000237640	-2.35611317021678	-2.25326539917433	-3.36043124137715	0.0070186399936141	0.106512491044685	-2.17764836543805
SAP130	0.576502374714043	6.62233318964104	3.36032521976543	0.00701990817502364	0.106512491044685	-2.84022353963383
SFT2D2	0.933564898878942	4.78398107576268	3.35993710851707	0.00702455259330229	0.106515245707971	-2.72369792217486
KIFAP3	1.00831388606195	3.30437606791542	3.35914689398679	0.00703401864133382	0.106591062166803	-2.55671742143657
RFTN2	2.43161803815668	2.42395389547919	3.35667347555855	0.0070637328403148	0.10697342112931	-2.46695755655456
GEMIN7	-0.824530833892086	4.62021117996783	-3.35575301313835	0.00707482367550017	0.107073441130731	-2.71431089294261
RASL11B	-2.64796625179693	0.765060157869945	-3.35490834759462	0.00708501697903186	0.107159759340021	-2.33573641579116
ADAMTS2	-0.995496871738377	3.4011180601744	-3.35436677258128	0.00709156057582637	0.107190801939992	-2.57605988114596
MYADML2	-2.92603411275658	-3.30016260235178	-3.35345081158168	0.00710264185332756	0.107271839543038	-2.16892148779276
GUCY2D	-1.81955795280761	-1.09849148484236	-3.35318086814083	0.00710591102013419	0.107271839543038	-2.23109384399484
CPE	1.0529207059582	5.20312209042459	3.35186710360536	0.0071218435551316	0.107389671025699	-2.77506452766617
SLC6A12	-1.21524975396101	-0.30266433001363	-3.3517952976011	0.00712271543275996	0.107389671025699	-2.27495372027785
CEP170B	-1.23263542166846	5.53938332396222	-3.35095485991877	0.0071329282990838	0.107436854269002	-2.80155308147983
OLFM3	1.75921922965591	1.52845001387623	3.35071662107817	0.00713582607866719	0.107436854269002	-2.39863095867669
MYO3A	0.793669738678438	3.13238711519884	3.35028937091012	0.00714102589980483	0.107436854269002	-2.55204071315178
KCNJ8	1.10704505728358	0.805636955124762	3.34949658588522	0.00715068476574506	0.107436854269002	-2.34735915238146
LINC00654	-2.12256013763451	-2.42205121239627	-3.34944972250425	0.00715125614434458	0.107436854269002	-2.1901937465993
ENSG00000300625	-2.98790985855487	-3.7090883962065	-3.34896387907854	0.00715718252467883	0.107436854269002	-2.17240942144207
ENSG00000301899	-6.0132395940621	1.60751530159925	-3.34873130240229	0.00716002131209976	0.107436854269002	-2.40823378467665
ENSG00000290043	-2.00491838509771	-0.0453571185785384	-3.34850500761361	0.0071627845353713	0.107436854269002	-2.29507525160423
GRIA3	1.91940459062434	2.89419924033767	3.348212471771	0.00716635823506312	0.107436854269002	-2.5292289782415
CYP27B1	-1.26201907832378	0.421274522225312	-3.34764994092127	0.00717323542298444	0.107472448110715	-2.32499009191813
BRD7P5	2.02041968167602	1.72871613245328	3.3469852712854	0.00718137005010985	0.107493262674045	-2.42100930834241
CLDN7	-3.80215807774211	4.34023263158717	-3.34646312376752	0.00718776705826488	0.107493262674045	-2.70000843119856
IRAK4	2.50870879309587	1.02224687863219	3.34643300578098	0.00718813622272496	0.107493262674045	-2.36756509682133
EPHB6	-1.31296656714225	3.95480253768841	-3.34563560045034	0.00719791733412974	0.107572130878945	-2.65675087214748
ZNF730	0.870087798624838	3.80062473050702	3.34516006905444	0.00720375679734645	0.107592029713559	-2.63920686042242
PDCD5	1.18642276942835	5.68640130838692	3.34463068392874	0.0072102633073887	0.107621860135989	-2.82194508770772
FER	0.768576177970394	3.85845674563871	3.34422702444463	0.00721522862227409	0.107628663454885	-2.64770804923389
ENSG00000224174	-1.47549775839339	-0.0377413230783158	-3.34379344139419	0.00722056593595365	0.107641003868461	-2.30313391708232
FUOM	-1.32487865844396	3.17286906751716	-3.34287751413098	0.00723185415186751	0.107741986917991	-2.5691216153613
ENSG00000299092	-1.83824129017607	-3.07792922071231	-3.3413906279949	0.0072502177188177	0.107921713203034	-2.18974216778451
CCDC66	0.803801153101528	4.3712099263669	3.34098999443143	0.00725517387834518	0.107921713203034	-2.71280580267565
GNA14	-2.60544204382279	2.38736723928039	-3.34080342161698	0.00725748312275819	0.107921713203034	-2.48999781410992
ENSG00000298875	1.60140565327875	-0.141028468753943	3.3401509081137	0.00726556534105071	0.107958394817624	-2.30296380407815
SELENOW	-1.07905248890262	7.18905664951397	-3.33987411756674	0.00726899654216791	0.107958394817624	-2.89475362619713
NECTIN3	0.768633811228116	6.26792536744797	3.33940819781747	0.00727477602349393	0.107977039398464	-2.86168306804487
CDH22	-1.45821784317651	-0.784636055297537	-3.33810152104379	0.00729100985345816	0.108150734724976	-2.27053510566946
SFN	-1.79412869205269	2.03566201941737	-3.33526895521091	0.00732632893589524	0.108607138331063	-2.4667782809338
ERVK3-1	0.982333030161596	2.26555894370338	3.33457918091649	0.00733495628403731	0.108667536704605	-2.48885867667835
CEP350	1.04877399018763	5.82350784541564	3.33250646269504	0.0073609436822885	0.108984890114876	-2.85099139173135
CTCFL	-2.90273084170746	-1.56385192522901	-3.33157915614012	0.00737260071875491	0.109089808651285	-2.24501214889762
COL4A1	-0.561527238914944	6.9761857185372	-3.32888855003545	0.00740653144240536	0.109523968981344	-2.9068481552957
SNRPG	1.74205630774642	4.55416978166642	3.32769301644338	0.00742165954481338	0.109665836636656	-2.75539833972352
NMRK2	-1.43585493728029	5.03391862438468	-3.32740451486006	0.00742531495390436	0.109665836636656	-2.80272394129976
TMBIM4	0.773300546808943	3.36450979083069	3.32660298940217	0.00743548025566003	0.109748056438985	-2.61876541040183
USP33	0.727296044062818	7.21362483773633	3.32509959232051	0.00745458558749797	0.109834527737354	-2.92097161308183
ENSG00000241042	-1.92070424239197	-1.83648325769931	-3.32482847657677	0.00745803632032281	0.109834527737354	-2.24537923171921
TCHH	2.52252710402641	-0.699090112544535	3.32414701255258	0.00746671717234487	0.109834527737354	-2.29730375183405
M1AP	-0.966318937935641	2.51951532238483	-3.32388922532824	0.00747000370925293	0.109834527737354	-2.5312648957927
ENSG00000299140	-1.68635118371032	-2.72560378019799	-3.32351211842269	0.0074748141339635	0.109834527737354	-2.22289585255816
CHILL1	-2.42753425656128	-2.66066688422535	-3.32340835256272	0.00747613834306014	0.109834527737354	-2.22442156154034
NME3	-1.66610982288437	3.90698371289007	-3.32304977394712	0.00748071620363876	0.109834527737354	-2.68949103921958
NDUFS5	0.670834562155145	7.1620409920022	3.3230199140675	0.00748109754522164	0.109834527737354	-2.92295244296603
ATP2C2	-4.55012175241045	0.0488766314030331	-3.32289005637121	0.00748275619478517	0.109834527737354	-2.34211840562659
MT-ATP8	2.52443875019409	5.74651527420545	3.32227570807749	0.00749060828113195	0.109882205191012	-2.86406033029924
ZNF544	-2.15096334294102	4.35623145334426	-3.32112711814731	0.00750531131379677	0.109975072680757	-2.74505977515355
LINC01366	-2.27629939135493	-2.87881645285552	-3.3208625756762	0.00750870190539601	0.109975072680757	-2.22392139054637
BCL2L12	-1.13334441418307	6.00497731553353	-3.32070186324388	0.00751076249506153	0.109975072680757	-2.88119856195769
ANKRD63	-1.54045754236351	0.168968072758239	-3.31957166056653	0.00752526991319899	0.110119936859792	-2.3548303263169
PCDHA9	-2.58918950553295	-3.5841365971752	-3.31819342894453	0.00754300002457593	0.110123479126485	-2.21859804730472
NGB	-1.86376031153186	-1.53275827824209	-3.31809089351742	0.00754432079428183	0.110123479126485	-2.26735921045481
ATP11B-DT	-1.69140862042312	-2.32838845377111	-3.31782441148215	0.00754775448875469	0.110123479126485	-2.24099948008427
PRPF3	0.651855145731433	6.03979982086529	3.31773522581445	0.00754890402917827	0.110123479126485	-2.8880866399028
GFPT2	-0.535978600334864	6.58592939137894	-3.31753943417813	0.00755142827626018	0.110123479126485	-2.91249058036733
ENSG00000289004	-1.47825668519837	-0.353292437905369	-3.31740234103608	0.00755319626807125	0.110123479126485	-2.32735747222041
UBE2E2	0.801282274044509	5.69176100218023	3.31658827309895	0.00756370348009803	0.110166216545257	-2.87046760401957
IMPACT	-0.672278511691529	5.79494185505051	-3.316174965123	0.00756904381025137	0.110166216545257	-2.87743698700194
SULT1A2	-2.33753914453312	-3.44657547386294	-3.31610292169685	0.00756997507580433	0.110166216545257	-2.22295075765038
LINC02988	1.61252339865243	-1.3306564279056	3.31524087999163	0.00758112734621874	0.110261283590617	-2.28037629272056
THEM4	0.985941137980347	5.00938754560663	3.31416211934608	0.00759510709566142	0.110365895378607	-2.8232237642284
DNAJC8P4	2.33259463699799	-2.37637692383228	3.31351570790318	0.00760349667943847	0.110365895378607	-2.24632844777781
ENSG00000269993	2.5919536071014	3.0924055616627	3.3130245295896	0.00760987790169153	0.110365895378607	-2.61043421731213
LTC4S	-2.7631212350367	-2.35666630814814	-3.31299912143414	0.00761020814542465	0.110365895378607	-2.24764264211936
LINC00571	2.12552524687443	-3.27061239243888	3.31290427392247	0.0076114410605936	0.110365895378607	-2.22974729269321
SLC25A29	-1.18512750838077	5.65520305815113	-3.3124082546199	0.00761789211809506	0.11039236865973	-2.87535762578648
ARHGAP36	-1.16489219513118	0.508035147499097	-3.31182213766069	0.00762552219348673	0.110435884825211	-2.38900260109912
LINC02293	2.73827286573382	-0.73839169269827	3.31017582698109	0.00764699589136778	0.110679715548378	-2.31749200971069
LINC02795	2.86851266525992	-2.8671247577867	3.30889492920663	0.00766374626474866	0.110749008669499	-2.24222799871348
YIF1B	-0.774700458708976	5.8586529791404	-3.30881989792347	0.00766472862054545	0.110749008669499	-2.89372677588321
ENSG00000299955	1.72623751129984	-0.583419080372591	3.3086007165156	0.00766759901926036	0.110749008669499	-2.32847896129334
ENSG00000202343	-1.80459348032872	-3.97600656049642	-3.30839115529107	0.00767034446435171	0.110749008669499	-2.23087728190315
ENSG00000288856	-2.36573136742292	0.523750947303373	-3.30793034662006	0.00767638503336585	0.11076921498872	-2.39639233315575
ENSG00000303938	1.14597776175012	0.521250379750606	3.3074415498144	0.00768279782756833	0.110794764803972	-2.39702510834636
MKLN1	0.56898769749087	6.1897783204989	3.30656106922832	0.00769436321968856	0.110829623314002	-2.9146249714088
C17orf67	1.11917001995066	0.925233604041934	3.30609709647972	0.00770046483987024	0.110829623314002	-2.42690689738704
CYS1	-1.69068159975498	-0.527545761557228	-3.30609528731583	0.00770048864157322	0.110829623314002	-2.33561502684719
NDUFB3	0.94371012054644	4.40243277206523	3.30584444171372	0.00770378954531064	0.110829623314002	-2.77627995340014
TREML2	-2.61945002120256	-2.06023523478813	-3.30485286182188	0.00771685207890347	0.110847359075153	-2.26885576189779
GNG2	1.07076273739609	5.43698880309799	3.3043615625238	0.00772333261155351	0.110847359075153	-2.87449058865004
TBC1D9	1.12975590649166	2.50899132600369	3.30405280839638	0.00772740812283106	0.110847359075153	-2.56349195871204
MAP2K1	-0.732845678893118	6.2836527792645	-3.30341806589295	0.00773579357230488	0.110847359075153	-2.92433271637403
ADISSP	-1.19692538002047	6.01122842024781	-3.30256437037371	0.00774708629866628	0.110847359075153	-2.91272611487187
ZNF275	0.608224312537775	4.68935687901183	3.30243704115757	0.0077487720656765	0.110847359075153	-2.8127083273873
GOLGA8J	-1.90141514740781	-3.79217284561039	-3.30223829866219	0.00775140405693516	0.110847359075153	-2.24069555301445
ENSG00000288840	1.28538451492555	-0.382098365294524	3.30219910711871	0.00775192318763347	0.110847359075153	-2.35014046655579
LRIF1	0.95178908421429	5.14005670922196	3.30200027401582	0.00775455747841387	0.110847359075153	-2.85539341344123
FN1	1.10541670923602	7.47908396088988	3.30196165126161	0.00775506928835812	0.110847359075153	-2.96877888336475
ENSG00000259865	0.875898381047342	2.20581210394865	3.30188308518904	0.00775611051474864	0.110847359075153	-2.53795235459453
ENSG00000270149	-1.7019812977285	-2.91694243715226	-3.30059264602571	0.00777323309777749	0.111009517103347	-2.25383448443547
RXRG	3.48780359729719	-0.20225441906703	3.29963172518024	0.00778600857093903	0.111009517103347	-2.36473504364278
MCAM	-0.817284025197373	4.85973462968618	-3.29955845852183	0.00778698353744886	0.111009517103347	-2.83447406219854
DACT2	-1.46471559933237	2.06354395508762	-3.29916072248452	0.007792278436677	0.111009517103347	-2.52948428309145
KHDRBS2	1.18010189570723	3.55087205052099	3.29894438011723	0.00779516006702735	0.111009517103347	-2.6877461172824
RBFOX3	-0.823296483087802	3.66389147310419	-3.29883218128293	0.00779665496033468	0.111009517103347	-2.70152813368792
SGSM1	-1.11882254751746	2.26892603588152	-3.29858006810338	0.00780001509122695	0.111009517103347	-2.54937679631477
CDH3	-2.30887469787883	6.68499135016917	-3.29804230424673	0.00780718730432783	0.111045375084858	-2.94981816593817
MMP19	-1.84204002363073	0.351193600196828	-3.29751930880944	0.00781416904300923	0.111078482757297	-2.40213974106368
TEX30	0.931976640981945	3.34484919732009	3.29572641398189	0.00783815201254047	0.111280263901065	-2.66874707718607
UBR3	0.729095309245237	4.9659971306046	3.29547406172194	0.00784153370688484	0.111280263901065	-2.85135109263108
MYH2	-3.25189575723602	-2.62694740290732	-3.29541305032649	0.00784235152644198	0.111280263901065	-2.26777515034842
ITK	1.69365503952006	-1.35296877484393	3.29402981997555	0.00786091637348171	0.111280278265489	-2.3127717538591
FAHD2A	-0.610458342857908	5.31260744760867	-3.29378673985226	0.00786418349887636	0.111280278265489	-2.8833763799106
ENSG00000299812	2.49376556332409	-3.31570648587986	3.29316100756403	0.00787260008443174	0.111280278265489	-2.25865283256063
SEMA6B	-1.09195704582381	6.1643779014335	-3.29302055483842	0.0078744905528754	0.111280278265489	-2.93674555699382
FOXRED1	-0.92308229217803	5.5939636422362	-3.2923428038613	0.00788361950988737	0.111280278265489	-2.90592406234379
POLR3G	1.2711711866128	8.37690114750453	3.29166746759812	0.00789272674586303	0.111280278265489	-3.00987443419939
AKAP11	0.739306028726237	5.80566979896912	3.29132606664132	0.00789733481090707	0.111280278265489	-2.92079288951932
ENSG00000285973	2.47401986854847	-2.94156795286231	3.291257233094	0.0078982642272555	0.111280278265489	-2.26747420774266
BHMT	-1.39073996172523	0.444693421595516	-3.29120458320387	0.00789897520156715	0.111280278265489	-2.41849297999932
FSTL4	-0.911939115157593	2.76472109075119	-3.2907421659475	0.00790522242042841	0.111280278265489	-2.61213094071145
ENSG00000272103	2.29935071021289	-3.36677987815544	3.29063636841516	0.00790665244895522	0.111280278265489	-2.26176664390924
AMZ1	-1.93454889067561	-0.259232302047434	-3.29058841838088	0.00790730066035004	0.111280278265489	-2.37596611674723
TSEN54	-0.989273620735164	4.44316962655072	-3.29026194121675	0.0079117155841162	0.111280278265489	-2.80737354751109
PANTR1	3.77303123473407	-0.818964269434988	3.2902211819905	0.00791226694536539	0.111280278265489	-2.34498264955978
PLAC8	1.51526034361018	-0.600409411686858	3.29021945672703	0.00791229028434802	0.111280278265489	-2.35695269287556
ENSG00000288048	-1.61387397242946	-3.14558089408554	-3.28919238165635	0.00792619687626505	0.11141021251226	-2.26705894565116
PCDHB15	-2.41909500718784	2.07653509276598	-3.2881939528559	0.00793973964096434	0.111487703189114	-2.54896274318206
PEX16	-1.27982148099397	4.05373679150762	-3.28809727055537	0.00794105230743259	0.111487703189114	-2.76647189860297
KCNC3	1.5392015752208	3.65582151561389	3.28642076094554	0.00796384991172897	0.111742037532766	-2.72164319669991
PTGER4	-1.62731280128997	-0.930812354201072	-3.28580575185163	0.00797222978881648	0.111783106657443	-2.34614188293372
SMYD5	-0.921635078263665	6.00037416708763	-3.28528787298344	0.00797929322353445	0.111783106657443	-2.94190017978514
ENSG00000284672	-1.93965319441515	-1.65039047809893	-3.28458113780229	0.00798894286240757	0.111783106657443	-2.31506399023011
GNPNAT1	-0.717451955451244	6.48555599149428	-3.28405935988309	0.00799607480949981	0.111783106657443	-2.96623163709635
CFAP144	1.6785616366472	-0.513051153062553	3.28405744492999	0.00799610099615788	0.111783106657443	-2.37177040960678
PRSS8	-1.05341404866492	6.67987099358797	-3.2840497168331	0.00799620667746298	0.111783106657443	-2.9737434511844
C10orf67-AS1	1.60373754581367	-1.84774223833089	3.28380440878325	0.00799956199651875	0.111783106657443	-2.30875395633969
AHCTF1	0.728479298907187	6.50114015694108	3.28276388742568	0.00801381029489115	0.111916682450654	-2.96909366759771
ENSG00000272024	2.2748807277274	-3.31055585969188	3.27933993231067	0.00806088002594429	0.112508200923516	-2.2793752790109
ATP5MK	1.20869210976816	4.91617186724886	3.27612782284123	0.00810529530993225	0.113062000679224	-2.87998170959311
LHCGR	1.38472673143225	-0.842912213118234	3.27436510615171	0.00812977578328887	0.113337242184437	-2.36897551349174
ENSG00000224984	-2.65755876128894	-3.98042889472508	-3.27333869375602	0.00814406544160395	0.113403495233759	-2.28215265819501
TOM1L1	0.628201816236379	5.96204615542777	3.2727077449684	0.00815286225864571	0.113403495233759	-2.9615560433978
TMEM132B	1.53253728548082	7.23599063759231	3.27266879009266	0.00815340569478381	0.113403495233759	-3.012058834483
OBI1	0.902809654228183	5.06526784064363	3.27265958770365	0.00815353407722509	0.113403495233759	-2.89939556034181
RAB22A	0.681267958064745	4.07389833991251	3.27131761744026	0.00817227810406355	0.11359799738479	-2.7974579994712
ENSG00000229839	-1.72810733520934	-0.587045054557552	-3.27001089082415	0.00819057232946615	0.113786024323265	-2.39008215321524
CES1P1	-3.041757932538	-3.50749429008608	-3.26767397124513	0.00822339407665996	0.114175536025389	-2.29427720721008
LRCH2	0.938355136504297	4.9934831745584	3.26700213635436	0.00823285485173683	0.114209468468646	-2.90268853088829
SMARCA1	0.559778801218735	7.90010883712982	3.26682092896543	0.00823540852367449	0.114209468468646	-3.04097151037679
TSPAN9	-0.954612130763276	5.37620087559094	-3.2664287686227	0.00824093783916929	0.114219781305141	-2.93520659777203
BCL2L14	-1.85272460379412	-1.07389734506127	-3.26588892735042	0.00824855562820928	0.114244240711631	-2.37046482261963
ZNF8-DT	1.0766910764659	2.47394554263732	3.26530611126175	0.00825678794732936	0.114244240711631	-2.62501810944302
PAIP2B	-0.673204779521155	5.35235632945867	-3.26528667081133	0.00825706269022345	0.114244240711631	-2.93536756028568
TMEM271	1.95662283246195	-1.61302256090249	3.26125416012335	0.00831425539748496	0.114968907052013	-2.35308696154487
RHBDF2	-0.897329120257382	4.38159558737406	-3.26086425473301	0.00831980687689122	0.114973260206881	-2.85088471292389
CLIP1	0.732448903124739	5.29924502824718	3.26055556491351	0.00832420470262244	0.114973260206881	-2.93943667082066
RNF26	-0.626296777382509	6.8677475238907	-3.25985524237333	0.00833419085866392	0.115044611465432	-3.0221659987794
YY1AP1	0.668909807246904	6.3266783010675	3.25878387004363	0.00834949171939586	0.115189201657122	-3.00311925178157
NFKBIZ	1.09257433468863	2.53659583024019	3.25764457397714	0.00836579422986986	0.115270152366404	-2.64417606734043
ADGRG3	-2.88324537496488	-0.656341118286293	-3.25746062920207	0.00836842940535013	0.115270152366404	-2.40625210033541
OTOA	-2.06264944991631	-3.87982349234346	-3.25695181291654	0.00837572309199351	0.115270152366404	-2.30676401790826
SREK1	0.568856878896596	5.78860855718892	3.25685766061398	0.00837707344343289	0.115270152366404	-2.97910478192511
RPLP0P9	1.54965728511047	6.13531895169216	3.25668796116624	0.0083795078709394	0.115270152366404	-2.99792443313779
LINC01963	1.35110589123832	3.01530240542064	3.25621638105472	0.00838627674278835	0.115296812799614	-2.69769734574525
ZNF532	0.543460245825943	7.94971845001865	3.25548731432479	0.0083967525056737	0.115320506482443	-3.06182047086837
ENSG00000305847	1.69232103480662	-1.65983834299665	3.2554141852376	0.00839780401761766	0.115320506482443	-2.36030707027801
LGALS3	-1.49747410112637	1.39283721241681	-3.2550880208984	0.00840249552825947	0.115320506482443	-2.5462088770711
LHX5	-4.10258907351133	0.996354948912716	-3.25403260991799	0.00841769485665525	0.115462714450455	-2.5176994177486
CRB1	3.03587808247304	-1.21023415622849	3.25337408182832	0.00842719281420725	0.11552660017041	-2.38355588392501
ENSG00000290705	-1.6852395147684	0.803213396046908	-3.25293443004372	0.00843354002987439	0.115547244485082	-2.50556405047621
SMARCD2	-0.848956771182036	6.60366651879463	-3.25250396448213	0.00843975937164436	0.115566114126813	-3.0252352712144
SCN8A	0.818111527653241	4.98280587835102	3.25191982241088	0.00844820654033857	0.115615450400379	-2.92760738208086
DIRAS1	-0.930122013089814	4.83820912219703	-3.2513759234465	0.00845607955032338	0.115621713782732	-2.91498162763073
LRRC37A3	1.43422512247691	1.27931610347885	3.25121895751316	0.00845835305085058	0.115621713782732	-2.54371120386516
FAM120B	0.70815283822259	5.26135465165679	3.25078339524634	0.00846466503241934	0.115641763210505	-2.95328911956565
CCT7	-0.652666045673456	8.79154198499921	-3.2496825065475	0.00848064016541185	0.115720319258338	-3.09170015909072
MID1	0.860689489099364	6.94109356207401	3.24935471189165	0.00848540280093481	0.115720319258338	-3.04277309940759
HAPLN3	-1.44764411154223	4.95109312200298	-3.24912694511715	0.00848871371242843	0.115720319258338	-2.92949709094056
PAF1	0.668316676366119	5.49257843578079	3.24883220590953	0.00849300012767583	0.115720319258338	-2.97383442667265
LRP1B	1.95296348741255	-2.98851342350282	3.24844150133773	0.00849868559345889	0.115720319258338	-2.33125870718824
LAD1	-2.12933195401212	3.21697567025618	-3.2483851165453	0.0084995064172232	0.115720319258338	-2.73397764799154
ADAMTSL1	1.88983794188485	2.05348753218858	3.24803959192202	0.00850453817947706	0.11572281227456	-2.61393275585083
ENSG00000287215	-2.15963976341556	-3.9430480431048	-3.24422601914731	0.00856027715823192	0.116377067804723	-2.32505816691444
PSMB9	-1.55205402254453	0.31528649668347	-3.24401228385675	0.00856341215599694	0.116377067804723	-2.48701159157794
ENSG00000304031	-2.12413901143081	-3.15271493939842	-3.24375087553533	0.00856724800489789	0.116377067804723	-2.33524496883141
ENSG00000231856	-1.16245787791819	0.500198118590416	-3.24255556716874	0.00858481013901421	0.116492102954067	-2.50164452516286
MT-ND3	2.68450974460117	8.00041363629068	3.24251014473205	0.00858547823757505	0.116492102954067	-3.08553219957882
SERPINE1	-1.59429750132469	2.66769614586026	-3.24161790137301	0.00859861265557058	0.116590248388361	-2.68460672195492
ANAPC13	1.09223255813055	5.45349640010737	3.2413553462392	0.00860248156081215	0.116590248388361	-2.98396159460326
N4BP3	-1.07850308969127	5.74429740484465	-3.24086084588995	0.00860977315879112	0.116622846754181	-3.00397268087764
ZNF423	0.71685841360264	6.82048063721795	3.23953466558619	0.00862935947048336	0.116821850528659	-3.05556156783967
ENSG00000310216	2.41950640188469	-3.343263749158	3.2390482515004	0.00863655473818673	0.116830414062094	-2.33917148248889
BRMS1L	0.702554180916004	4.13665501860446	3.23881787975991	0.00863996465031106	0.116830414062094	-2.86033707833977
RFX8	-1.96579975862073	-2.11585213131476	-3.2384996543819	0.00864467722100216	0.116830414062094	-2.3696878753613
DAAM2	1.36251949197307	4.01829965570694	3.23700458208306	0.00866685287639046	0.117016112533842	-2.84944957366061
TMEM101	-0.883415123929464	4.18543069637309	-3.23691231323745	0.0086682233611192	0.117016112533842	-2.86935329054532
NABP2	0.575359320040319	5.5895456845651	3.23406829147272	0.00871057513121256	0.117484448697639	-3.00585485124477
CRY2	-0.721750836334851	4.45725963516915	-3.23372861191222	0.00871564761896102	0.117484448697639	-2.90564087415907
DANT1	-6.59330789205907	1.98523638967851	-3.23359231753623	0.00871768377439635	0.117484448697639	-2.63190134030267
TAP1	-0.942961972761891	4.09996664662235	-3.23227638976491	0.00873736801298834	0.117683274472908	-2.86716520096184
MGAT1	-1.03198082880409	6.25770697356048	-3.23105907242824	0.00875561771808433	0.117798278595644	-3.04779964770839
ENSG00000295762	-2.05394291429987	-2.74066550380053	-3.23084894844208	0.00875877179030576	0.117798278595644	-2.36342891504258
TMEM229B	-1.37231023082201	0.37411079944502	-3.23071964328474	0.00876071330738121	0.117798278595644	-2.51256282519214
TMEM82	-2.25166512977405	-0.588164791537776	-3.23008585051503	0.00877023608206356	0.117839019598443	-2.45404602373616
VAMP4	0.845193751990175	4.00179022856126	3.22986094321702	0.00877361787515958	0.117839019598443	-2.85966904802829
ZNF518B	0.706456847926445	5.63498930242353	3.22909963812702	0.00878507506538849	0.117926539137023	-3.01736423822505
BAK1	-1.05012366095903	5.347422203077	-3.22819365967326	0.00879872946873214	0.117930194387912	-2.99875111935951
BAZ2B	1.05748859622432	5.24063617904266	3.22802669759087	0.0088012481986393	0.117930194387912	-2.99073643279098
PCDH11X	1.14663464198176	5.72896841318188	3.22764847453315	0.00880695666625873	0.117930194387912	-3.02576615753443
MDFIC	1.14646172804333	4.42430907453689	3.22750196593589	0.0088091689184634	0.117930194387912	-2.91266389343108
ENSG00000298775	-0.920617875399599	3.58827140554495	-3.22744342273671	0.00881005306882501	0.117930194387912	-2.81369423462936
ENSG00000295221	-1.6546677509996	-0.985076695507681	-3.22683142567725	0.00881930121315523	0.117950020874386	-2.43709847473184
ENSG00000300379	-2.01607478432341	-2.1125375509313	-3.22669142878041	0.00882141816151085	0.117950020874386	-2.3880869414125
HAMP	-2.06484635730013	-3.99777547271589	-3.22586733021087	0.00883389023039916	0.118009668968511	-2.35166523539134
PAK6-AS1	-1.92782947649311	-1.48169533286712	-3.22554035830655	0.00883884368809703	0.118009668968511	-2.41481578285796
FOXJ1	-2.15992435800983	-0.0356621584515271	-3.22541704101501	0.00884071262059316	0.118009668968511	-2.49487432078108
LHX5-AS1	-3.51572984670164	0.505786625323877	-3.22456056141269	0.00885370414572514	0.118086287814466	-2.5314567898197
LAMA4	1.23982006856131	2.17597837073146	3.2242117783565	0.0088590002658528	0.118086287814466	-2.66509853474923
MIEF2	-1.30282535767619	3.00550006793478	-3.22406068404246	0.00886129557446302	0.118086287814466	-2.75092158539842
TPM2	0.736602770257536	6.66828345651523	3.22337826204866	0.00887166999117288	0.118158564553194	-3.07790819692178
ENSG00000301535	1.84590984414716	-1.08693888788959	3.22259399321041	0.00888360807575441	0.118163953477869	-2.43851316512852
TPR	0.858868305424435	7.74586215840453	3.22234419482453	0.00888741394103836	0.118163953477869	-3.11364652773722
KAZN	0.622203533462542	4.37214854568395	3.22158769472561	0.00889894997007402	0.118163953477869	-2.91701141511667
ZMAT3	0.797481701871628	4.45040587824875	3.22153255730951	0.00889979137117543	0.118163953477869	-2.92576006595223
ENSG00000183308	1.85013264167364	-3.28775773399142	3.22148154703511	0.00890056986430282	0.118163953477869	-2.36638080200556
EVI5L	-1.06291618709938	4.19719157010336	-3.22140224873797	0.00890178021339964	0.118163953477869	-2.89722636075362
ARRDC1	-1.11386833311293	3.53197036633251	-3.220696112917	0.00891256556777891	0.118190941585898	-2.81836248361177
ENSG00000226578	3.10016446511218	-3.11214465123703	3.22038891599284	0.00891726179647833	0.118190941585898	-2.37118986390733
CMTM1	1.64549800539003	-0.0276174458717003	3.22029686308527	0.00891866953518253	0.118190941585898	-2.50368222604346
MRM1	-1.31805205969764	2.89530529788315	-3.21907920759357	0.00893731221056694	0.118372269994229	-2.74705364473805
ARL2BP	1.02080155663009	5.46814638821414	3.21589897148481	0.00898619093579333	0.118953643407975	-3.02876561130233
MANEA	0.990996846372632	4.212882445227	3.21508692121745	0.00899871555483229	0.119025785071463	-2.90984382258029
WNT5A	1.24429835202283	3.40122616244869	3.214440118916	0.00900870425983116	0.119025785071463	-2.81325172534419
ENSG00000289971	-1.72397142248656	-0.305376167839368	-3.21435727788831	0.00900998441078746	0.119025785071463	-2.49618554292869
RHOD	-1.36363880699004	2.25911289595804	-3.21401119119016	0.0090153345379466	0.119025785071463	-2.69005298978011
C17orf50	2.58728056205885	-1.9720738013251	3.21393091402923	0.00901657600072087	0.119025785071463	-2.41288365843097
NPAS2	1.01274772873509	2.10845560365824	3.2130032687859	0.00903093445966773	0.119149426616302	-2.6775497133839
UBXN10	1.12684644323004	1.92328376140588	3.21243534948036	0.00903973648346	0.11919966334295	-2.66166594723998
ZNF528	-2.27030875084355	-3.60396208202435	-3.21207781820247	0.00904528226384944	0.119206930862117	-2.37578839852826
WDFY3-AS2	0.973431969416503	2.42606281282995	3.21146548017387	0.00905478852046427	0.119225345462098	-2.71063112077867
ENSG00000258702	2.90809132254617	-2.35285751489502	3.21134434139147	0.00905667035332399	0.119225345462098	-2.40399461358218
CNOT4	0.78769970086043	4.92271963161457	3.21071636779714	0.0090664320378585	0.119268763385569	-2.99281922953985
PTPRN2	1.30782490423355	3.8142615670082	3.21048939346771	0.00906996294233908	0.119268763385569	-2.87005153126257
CHD3	1.16964161543254	6.47586536565769	3.210036633382	0.00907701046446095	0.119280061749703	-3.09341895443544
FTH1P2	2.18384664161803	2.76306916961377	3.20979220179818	0.00908081753882807	0.119280061749703	-2.74831671452695
NDUFA3	1.03049856886376	5.41145880923669	3.2092165828466	0.00908978938249713	0.11933223497913	-3.03619076479056
NETO1-DT	2.23181456141233	-1.01078212729468	3.20878151056303	0.00909657662309893	0.119335196780947	-2.46445665704117
CAMK2D	1.18699677229024	5.3564233927481	3.20808899997035	0.00910739066479352	0.119335196780947	-3.03399989607579
ENSG00000258317	-1.70234933029776	-2.88759956607746	-3.20794210884123	0.00910968616374354	0.119335196780947	-2.39478950665885
VWCE	-1.09534385487285	2.7024672141162	-3.20772430433126	0.00911309093078136	0.119335196780947	-2.74533475915008
EEF1D	-0.807984630542508	7.72958760581488	-3.20750975258171	0.00911644612284181	0.119335196780947	-3.13882293517626
SNAI2	2.60615780030398	0.651682993922518	3.20701021297465	0.00912426289473562	0.119335196780947	-2.5702764724114
ENSG00000289074	-1.65129235070781	0.335832510175415	-3.20672279715394	0.00912876347092313	0.119335196780947	-2.54919836877672
GNB1L	-1.22337762163092	2.92410578715141	-3.20630006127451	0.00913538711879209	0.119335196780947	-2.77181827105388
MTATP6P1	3.09404242945908	6.82695325677687	3.20582833665059	0.00914278415249789	0.119335196780947	-3.11392845429539
GPR50	2.38481107326069	4.01842388866443	3.20518817195595	0.00915283226698905	0.119335196780947	-2.90375360990571
SATB1-AS1	1.07632758248253	1.95649516734957	3.20502232035633	0.00915543733886998	0.119335196780947	-2.67701966128093
ENSG00000301971	1.8948195222985	1.41808483373132	3.2048460216527	0.00915820733763645	0.119335196780947	-2.6314923491784
NAPEPLD	0.978522116466436	2.7655778727946	3.20477319446676	0.00915935184591504	0.119335196780947	-2.75704742394216
ENSG00000289218	-2.41252792674329	-3.57849734156802	-3.20454630352782	0.00916291846559382	0.119335196780947	-2.38732422901347
SNX11	-0.852898259634245	4.50300214986015	-3.20441296721782	0.00916501511289546	0.119335196780947	-2.96087904620226
NCS1	-0.858465778825322	5.8644127107884	-3.20333618844587	0.00918196491882622	0.119399400943596	-3.07560970330018
ENSG00000303022	2.84701601550299	-0.447291086061067	3.20332982838714	0.00918206512907573	0.119399400943596	-2.50539052688531
THBS2	0.935335267589845	5.56046497964118	3.20314650249511	0.00918495412630169	0.119399400943596	-3.05710857595068
CCDC160	1.32386208365893	3.81409263065216	3.20102463182737	0.00921846001179826	0.119702674081203	-2.8861559776105
PLAC9	-1.2600399860504	-0.254008627438557	-3.20093376198801	0.00921989770124514	0.119702674081203	-2.52100468255336
LYG1	1.29223385716764	-1.062574556175	3.20019344372751	0.00923161913191762	0.119702674081203	-2.47537726012132
TMT1A	2.58125837499369	5.3131583132736	3.20015724063138	0.00923219272488121	0.119702674081203	-3.04432544725317
SNAPIN	1.19095572052736	4.96556148688894	3.19997568274731	0.00923506983321918	0.119702674081203	-3.01519029993585
TMEM191C	-1.41737890395599	-0.923037825560758	-3.19976710588219	0.00923837623738117	0.119702674081203	-2.48357950277799
SLC52A2	-1.17317004005206	5.17836969227105	-3.19912289952813	0.00924859597782367	0.119737894891797	-3.03527944938929
PGBD5	1.26396553352748	5.92621478151137	3.19896338842634	0.00925112825996033	0.119737894891797	-3.08659948855692
RPL24P7	3.07519742793492	-1.27776460755396	3.19785611683965	0.00926872605409566	0.119900642131762	-2.468103539182
MEIG1	1.89908263368275	-2.42615706022968	3.19736086925473	0.00927660806784735	0.119937597375576	-2.42327868081581
ENSG00000295497	-2.61421436554818	-3.83110062792315	-3.19697514962896	0.00928275165938405	0.119952048648901	-2.39559683921186
ASIC2	1.2391554294552	1.9566759469137	3.19561869508471	0.00930438980129236	0.12011231776484	-2.69273929683917
ALG1L9P	-1.8816671376408	-2.64132835742585	-3.19506184375201	0.00931328761181871	0.12011231776484	-2.42061658904068
ENSG00000260871	2.41483578336795	-3.00114592404442	3.19500338434692	0.00931422222691084	0.12011231776484	-2.41185223112276
SMIM27	1.25552694614973	1.40699991936251	3.19493693416481	0.00931528471038332	0.12011231776484	-2.64702913471667
ENSG00000301903	-1.92730893306592	-4.11182794064491	-3.19459691394746	0.00932072329237559	0.12011755011832	-2.3967909565177
PIK3R3	0.683660347897014	4.90279945362206	3.19351492916054	0.00933805112120796	0.120194825508065	-3.020474971861
FSTL5	1.40079604677684	-0.367714330427865	3.19312973689771	0.00934422786669036	0.120194825508065	-2.52665360137866
POGZ	0.802963849938006	7.06692992593038	3.19301987700634	0.00934599028906439	0.120194825508065	-3.14413434583462
PCDHGA10	-3.04963872752983	2.24203900381966	-3.19296544057424	0.00934686370901115	0.120194825508065	-2.72368541360664
SHMT2	-0.74183407272372	8.37190520271824	-3.19214134031744	0.00936009640679034	0.120300172827606	-3.18166891569476
ARHGEF15	-1.29251439218768	1.27985725284016	-3.19142600079241	0.0093715982465501	0.120383172955011	-2.64269217256859
MPST	-1.07677426455655	5.7908924175155	-3.19065527290385	0.00938400684075825	0.120407216981	-3.09320915834341
BACE2	0.781056417054877	4.6322688236707	3.19060325247138	0.00938484496619789	0.120407216981	-2.99835525542725
RBBP8NL	-3.87390239188674	-2.31184888814865	-3.19036994694688	0.0093886048016777	0.120407216981	-2.43762967008979
SPR	-1.49468679167688	1.87561501045476	-3.19002389456066	0.00939418444570402	0.120414070980461	-2.69482710464244
DENND3	-0.880812164694376	2.37080812144887	-3.18847317543138	0.00941922943595759	0.120670289290392	-2.7437581599652
KRT222	1.97935630055265	-0.278604925959221	3.18748439762658	0.00943523438429068	0.120810482322889	-2.54122970926049
ENSG00000279059	1.2586813026302	2.22616793451323	3.18638176400677	0.00945311506083755	0.120974529306708	-2.73320060075561
EIF4BP6	-0.616477695822058	6.98982915406081	-3.18593721602486	0.0094603337943074	0.121002029297286	-3.1538232587173
TYRO3	-1.01437026090872	6.71492093006563	-3.18516873513605	0.00947282596183299	0.121096913353545	-3.14552764557833
RNF224	-2.05170190999033	-3.20645286309596	-3.18485251720985	0.00947797118973645	0.121097825688137	-2.42292487185707
OAS1	3.11827995912553	-1.27199081044138	3.18426073764271	0.00948760779766418	0.121156091656956	-2.4899098086642
TRPV6	-2.10017881940648	-0.0821851922507998	-3.18315905073756	0.00950557448116664	0.121295343580484	-2.5604864744043
DGKE	0.762281909608078	3.28170624549605	3.18296904070069	0.00950867674358257	0.121295343580484	-2.85241529303818
POLG	-1.00231599832407	5.63163188029663	-3.18151114249056	0.00953251406215831	0.121451393914696	-3.09905210896063
ENSG00000286132	-1.06055254768552	2.55268543861326	-3.18141417612945	0.0095341016720881	0.121451393914696	-2.77397240704162
ENSG00000288559	1.04483838711673	1.34919332117639	3.18128750839795	0.00953617598341396	0.121451393914696	-2.66500357169715
KCNB1	1.19078260481708	2.48462075943278	3.17953627743794	0.00956490146327931	0.121507546091663	-2.77016949380011
SEC1P	-1.80337339889225	-0.946442179260444	-3.17888603933144	0.00957558983231358	0.121507546091663	-2.51558812922799
PKMYT1	-1.16762493148415	5.36378609024717	-3.17866672407293	0.00957919760589619	0.121507546091663	-3.08515624296957
AURKAIP1	-1.12313449454332	5.96913450308319	-3.17859023801375	0.00958045614134143	0.121507546091663	-3.12402438826755
KIF11	0.502007337110959	7.44312981008525	3.17804525618748	0.00958942840588846	0.121507546091663	-3.18158845947821
IFITM2	-1.22955731923022	5.75323973250678	-3.1779673872066	0.00959071109651115	0.121507546091663	-3.11278739107872
KHDC4	0.75537249403569	5.77688614911377	3.17788962819849	0.00959199215057182	0.121507546091663	-3.11434974342887
SPDEF	-1.77389146216896	-2.2507278371633	-3.17787510290482	0.00959223146938474	0.121507546091663	-2.45895630811883
PTPRN	-0.980505427171173	2.96078424576127	-3.17730216673874	0.00960167603700764	0.121507546091663	-2.82491346968161
STRA6	1.01407494387319	4.87781161747806	3.17719502626713	0.00960344324873374	0.121507546091663	-3.04610875977638
RTN1	1.79454124118998	2.83181141983932	3.17698097693283	0.00960697484731022	0.121507546091663	-2.81111886238888
ENSG00000288996	-2.05740778814474	-3.20645286309596	-3.17643328648414	0.00961601723167126	0.121507546091663	-2.43561044509935
HDAC9	0.962249017440153	4.41821436957471	3.17604560327346	0.00962242314842604	0.121507546091663	-3.00006566939804
ENSG00000293752	1.91716659332925	-2.22889038524338	3.17601382368622	0.00962294845449155	0.121507546091663	-2.46257838329811
TIGAR	1.18243461552124	3.37098165647779	3.17594859617958	0.0096240267353964	0.121507546091663	-2.87495056287978
CTSH	-0.706870859818493	4.17286992874382	-3.17568779986367	0.00962833921300691	0.121507546091663	-2.97248822123319
DCP2	-0.652649055879061	6.89345963413111	-3.17561151197937	0.00962960106798353	0.121507546091663	-3.16836918677825
ENSG00000276772	-1.9224954735713	-3.76272244855812	-3.17527999243741	0.00963508659610036	0.121507546091663	-2.42846435752606
LAYN	-1.38873000497847	1.15014482785806	-3.17514540452261	0.00963731448240325	0.121507546091663	-2.65948414501806
ZNF652-AS1	2.25813066696098	-3.11302454783919	3.1745989843963	0.00964636499591574	0.121548544533192	-2.44030056058361
APOO	0.726673038664821	5.73801906504787	3.17433432512799	0.00965075174468511	0.121548544533192	-3.11811307772424
KIF6	1.03465793713894	1.48464648127265	3.173557669879	0.00966363663875743	0.121640125004845	-2.68884540744778
UBQLN4P1	0.960487710598041	3.79518580391725	3.17328188240985	0.00966821624561906	0.121640125004845	-2.93109907493237
PTK7	-0.862928327182926	7.59572122495768	-3.172824305018	0.00967581946895054	0.121671645556081	-3.19499640137007
KCNA7	-1.65267255312577	-2.31349902012033	-3.17238798525319	0.00968307515983727	0.121698765055206	-2.46533611231895
B3GNT2	-0.743783530745369	5.35779585556181	-3.1720788883614	0.00968821858736124	0.1216993226445	-3.09603046052229
MYOZ1	-1.15268166566699	2.27140382343795	-3.17116494120763	0.0097034431652308	0.121826448198087	-2.76306398413901
FAM3B	-1.39987552307927	0.0640199288808834	-3.17085562841667	0.0097086012472366	0.121827121959935	-2.58983519894678
KREMEN2	-2.1574015675542	2.00509990991243	-3.17037720462222	0.00971658493191921	0.121863233089919	-2.73931245353921
ZNF664	0.572419940609307	7.33015816133053	3.16954411586143	0.00973050309016318	0.1219736960362	-3.19290720281031
RPL7AP30	-1.75879025256883	4.38055737556584	-3.1690795939605	0.00973827255717103	0.122007008462993	-3.00780733250692
RPS25	0.910552188476342	8.43048950162384	3.1686262002408	0.00974586200850797	0.122038031771805	-3.22368027400348
ARMCX2	0.63416184483332	7.39019639937671	3.16683377787893	0.00977592494201765	0.122350288721099	-3.19938451785158
SULT1A3	-1.68221466574543	-2.62482520549622	-3.1655299253505	0.00979785296514155	0.122477473702821	-2.46628935332256
PSD	-1.36957860587137	2.26402120698132	-3.16519305621194	0.00980352654893427	0.122477473702821	-2.77236202760571
PPM1D	0.636898025963513	4.88187387168329	3.16510439810056	0.00980502029542534	0.122477473702821	-3.06725015720115
PKD1P6	-2.41296741178223	-1.5655023670698	-3.16500983257467	0.00980661382855365	0.122477473702821	-2.50626104935437
CACNA1F	-1.85419253495499	0.319183916843536	-3.1645686340414	0.00981405200574923	0.122487637838189	-2.61691990999657
RFNG	-1.31530522854346	4.10634963088147	-3.16435286011708	0.00981769184164144	0.122487637838189	-2.98392401514804
ITPR3	-1.02128781083939	5.89832336551823	-3.16372134243385	0.00982835267869177	0.122556579614596	-3.14574886754256
ENSG00000270127	1.83665719575792	-2.10407426249525	3.1628846868885	0.00984249471869669	0.122668836266911	-2.48735636308039
FITM1	-2.39289859370456	-3.19773112345356	-3.16213624066895	0.0098551633612677	0.122762622099883	-2.45734180825304
CD24	0.720933653466974	11.6679247681591	3.16156650656473	0.00986481817902338	0.122818787417189	-3.29248219105815
RPLP0P6	-0.823378146171711	9.64182214816844	-3.16116370376676	0.00987164997661648	0.122839765376385	-3.26172338547907
ZNF516-DT	1.25563317372805	-0.181712342269408	3.16080472111109	0.00987774262775573	0.122842111186391	-2.59044466648004
ENSG00000261799	0.972773386075783	2.49553383507042	3.16032550652144	0.0098858818393599	0.122842111186391	-2.80357953285045
RNF152	-1.37292005932533	0.848977675676026	-3.16024326705486	0.00988727932245598	0.122842111186391	-2.66130915941044
HMBS	-0.904873662066768	5.54457612534482	-3.15912476146847	0.009906305964004	0.1229691554864	-3.13176688977013
ATP5IF1	0.91889220603665	6.3912755484104	3.15903647592221	0.00990780936021899	0.1229691554864	-3.17782651165349
ENSG00000307397	-2.0603158406929	-3.84460751457659	-3.15713154657073	0.00994030481160403	0.123276988035644	-2.45437116505996
TMEM151A	-1.73487554219967	-0.0468560902342609	-3.15697721702122	0.00994294222016238	0.123276988035644	-2.60522973652101
TIMM13	-0.848258923285447	6.39961258123734	-3.15663081021849	0.00994886472712183	0.123286373022958	-3.18232564814019
ENSG00000273361	-1.80680468380889	-4.28793488516948	-3.1549288384206	0.00997801565301537	0.123583445558131	-2.453826550197
ENSG00000297393	-1.4522616541843	-0.144058168226975	-3.15455290102842	0.00998446635960289	0.12359920052108	-2.60295690945829
ENSG00000239922	2.43578028718173	-1.1525001516011	3.15313606821045	0.0100088160657696	0.123827424158779	-2.54541088394397
BICDL2	-3.00527795265495	1.56671460021585	-3.15287676880625	0.0100132789469328	0.123827424158779	-2.7300393729789
SLC39A5	-2.90011419860289	-3.18811294684368	-3.15205881567716	0.0100273703036282	0.123937466098754	-2.47274744944358
GPT2	-0.718074129505165	6.89978543497468	-3.15116919689221	0.0100427192692882	0.124026202746565	-3.21076277253892
LPGAT1	0.759083973990011	4.94289533309343	3.15079521403296	0.0100491789105594	0.124026202746565	-3.09754557100834
ENSG00000248927	-3.10509332772435	-0.262903734621173	-3.15073962946573	0.0100501393602823	0.124026202746565	-2.60162442800636
PKP1	-3.76874906752874	-2.36847736184405	-3.14988683389006	0.0100648866283946	0.124144004733796	-2.49825679315179
ETFB	0.73270144212928	3.55813229243289	3.14818160788295	0.0100944411261168	0.124296784032642	-2.94479325439605
ENSG00000277954	3.65758499289729	-1.97697394495488	3.14775289023052	0.0101018854644567	0.124296784032642	-2.51573773091064
VILL	-2.11511805592004	0.906730491224572	-3.14755503314236	0.0101053229836498	0.124296784032642	-2.68650124707967
KIF18A	0.575472446169282	5.57672502391899	3.14749747627668	0.0101063231862772	0.124296784032642	-3.15398036058414
METTL27	-1.29622992192644	2.06218065587317	-3.14717843188285	0.0101118692582543	0.124296784032642	-2.78337057896583
LIMS2	-1.11719119161964	0.700975562709066	-3.14689638939444	0.0101167746985603	0.124296784032642	-2.67248440726114
SLC25A48	-1.52469353617635	-0.181229781061293	-3.14678830707469	0.0101186551701989	0.124296784032642	-2.61318427530992
MRPL12	-1.57520549923871	3.64932608554541	-3.14666684229585	0.0101207689024548	0.124296784032642	-2.95855970099329
ENSG00000299737	1.8248536502862	-2.75069220241193	3.14647293936074	0.0101241441387462	0.124296784032642	-2.49190524752996
TERF2IP	0.817136222719136	4.47709581611452	3.14575471691888	0.01013665612928	0.124386412255797	-3.05846763978296
LIMA1	0.81204880697024	6.59989653703065	3.14516464242218	0.010146947491427	0.124448713143828	-3.21019542493855
SOBP	0.823147533405725	3.45323744511059	3.14386376610208	0.0101696734774096	0.124663377958569	-2.93938775986467
NCOA6	0.812598611715125	4.81467443345045	3.1427456957524	0.0101892473915665	0.124711511035485	-3.09904622827419
HS6ST1	-0.907113729594573	6.2754640115889	-3.1426563216839	0.0101908137103511	0.124711511035485	-3.20098860326652
SCML1	1.72210165129841	2.75365224290911	3.14258759922889	0.0101920182678697	0.124711511035485	-2.86061680124542
EIF4A2	-0.6128575269226	8.52817416734593	-3.1423707803769	0.0101958195905556	0.124711511035485	-3.27130966389928
F11	1.67003358322426	-0.712176073312951	3.14212890865403	0.0102000618536476	0.124711511035485	-2.58787627646181
DTL	0.728977114294366	7.05437954137335	3.14181190871255	0.0102056245411832	0.124711511035485	-3.23210249134428
ENSG00000289478	-1.81402450900456	-2.51661361030602	-3.1415526141876	0.0102101769205739	0.124711511035485	-2.50633346054616
RABIF	0.842485679748775	4.1030472619947	3.14110724123809	0.0102180010763118	0.124743238715261	-3.02324201567177
MIF4GD-DT	-1.7492201781793	0.994583187903226	-3.13944811802996	0.0102472018547302	0.125035770279574	-2.70650337101137
ENSG00000287763	1.39593791754299	-0.617878243421676	3.13856370852134	0.0102628023500378	0.125162137807027	-2.59927554937825
ST6GALNAC4	-1.14316975042076	3.83921996415185	-3.13768090335646	0.0102783987119543	0.125286492569706	-2.99719016230392
MSNP1	1.16490992823682	0.549434510175183	3.13724448091983	0.0102861178393573	0.125286492569706	-2.67751750497026
ENSG00000264456	1.43025231437084	-0.818948919859958	3.13695954099701	0.0102911608435852	0.125286492569706	-2.58983835718056
C19orf25	-0.948225152485238	5.06701877254667	-3.1366629937305	0.010296411958811	0.125286492569706	-3.13311846690859
ADAMTS3	0.879727286165764	3.13761307184251	3.13650302432114	0.0102992457544627	0.125286492569706	-2.9142292285158
CLASP1	0.551668190466652	6.67154474666538	3.13567240163579	0.0103139727076335	0.125331749369022	-3.22931031787417
TUBA1A	1.04702919938555	9.51175699547725	3.1354306829822	0.0103182624172388	0.125331749369022	-3.30379028811124
OPRK1	1.46774748566261	1.67547869243823	3.13515533131993	0.0103231512195191	0.125331749369022	-2.76880082022391
SLC2A4	-1.07080578640627	2.94483623907786	-3.13510916387905	0.0103239711425608	0.125331749369022	-2.89442219424219
NT5C	-0.844557408568347	4.41441166237672	-3.13461081403261	0.0103328259502524	0.125375473794954	-3.07058261091806
FBXL6	-1.6357767274727	3.6128452624908	-3.13270480868161	0.0103667638797134	0.12572335036439	-2.97782545164979
EMD	-0.781248078431177	6.02023246419346	-3.13199752162344	0.0103793865899037	0.125782811357311	-3.20696633584515
ZNF37BP	1.29678300619971	3.41676275189961	3.13183959662703	0.0103822071636109	0.125782811357311	-2.95536510190443
HMGN5	1.70252995048194	5.58721575883552	3.13122426913121	0.0103932045017749	0.125852162274917	-3.18269075908786
PARP8	0.698142606154205	5.04985267837329	3.13011653118473	0.0104130323204044	0.126028317642541	-3.14284549058957
TFE3	-0.848175762366745	6.6509800786092	-3.12962177257425	0.0104219006507634	0.126071719630903	-3.23896784806204
ENSG00000295821	2.73693738990935	-1.3138652220394	3.12851171757035	0.0104418259378148	0.126216036945144	-2.57607893175027
CNN3-DT	-1.10691452759358	3.14233078994125	-3.12827114940647	0.0104461492126287	0.126216036945144	-2.92871919838234
FAM174C	-0.872008909881256	3.87762144195845	-3.12807387725909	0.0104496957725564	0.126216036945144	-3.01823931952633
CHCHD2	0.534353265905999	7.20713483134294	3.12727224321009	0.0104641201925511	0.126268736440448	-3.26209738863758
PCDHA11	1.63130197596123	2.84355638231829	3.12724338118383	0.0104646399077892	0.126268736440448	-2.89637211042688
WWC2-AS2	-1.75369593892545	-0.707510146686232	-3.12634956939607	0.0104807477120695	0.126338042710622	-2.61347469251753
MAX	0.783176454843057	5.34491742491653	3.12633721304167	0.0104809705688621	0.126338042710622	-3.17371998523926
RBMS3-AS3	2.08357788378636	-2.1176796692575	3.12377464067371	0.0105272931979976	0.126832360805961	-2.54760959054515
HCRTR1	-1.8518117242679	-2.36719321076272	-3.12333054813673	0.010535342085594	0.126865292410127	-2.53930116667772
DCXR-DT	-1.47696312041586	-2.08684102437777	-3.12213850816167	0.0105569780726219	0.127061722470634	-2.55133786059826
NF1	0.698429420179564	5.94404054299453	3.12145683107351	0.0105693711311063	0.12714676450913	-3.22109143978249
PRRG2	-1.74577226194226	0.202485360710843	-3.12111520524893	0.010575587551743	0.127157454960932	-2.68000813967636
SORL1	-0.918447378180057	6.52920836031526	-3.12052194873187	0.0105863916482837	0.12722326760805	-3.2499257481961
ENSG00000234026	-3.31689630301294	-2.85750630797136	-3.11986210882492	0.010598421547676	0.127263224060323	-2.52959837442091
PEA15	0.885049677418663	7.33585457386371	3.11955230535453	0.010604074549736	0.127263224060323	-3.27938605219819
PHF14	0.702022202554425	6.24263814376102	3.11946254314369	0.0106057130203202	0.127263224060323	-3.23945908378244
WDR25	-0.922241082845226	3.37407702759056	-3.11883233490646	0.0106172237680706	0.127307813629287	-2.9722756105899
GABBR1	0.55024777911943	5.81979207765297	3.1186751311758	0.0106200970769645	0.127307813629287	-3.2188514488471
TKFC	-0.628204006870991	5.32991467365569	-3.11760630523908	0.0106396536911544	0.127478220204208	-3.18758635054886
ENSG00000284624	1.41778341362049	1.4902578967563	3.11653715347983	0.0106592529958877	0.127523209773975	-2.78403774584366
PFKP	-0.679633592370379	6.82757805850817	-3.11626594499956	0.0106642305412393	0.127523209773975	-3.26847308386243
ACBD4	-1.59440433001039	2.78476608711633	-3.11613863146152	0.0106665679700382	0.127523209773975	-2.90863519758753
VSTM2B	1.12110501725378	0.530816887136588	3.11547757584137	0.0106787131013339	0.127523209773975	-2.71189669367357
ENSG00000268912	-1.46426072187681	-0.638184796867066	-3.11496390045506	0.0106881602457632	0.127523209773975	-2.63597106543043
NCLN	-1.34732916080654	6.46760729459792	-3.11492353191141	0.0106889030356246	0.127523209773975	-3.25709246430361
SMIM10	-1.02050602027297	0.512807763451761	-3.11467757942974	0.0106934297510272	0.127523209773975	-2.71193061363869
NFAM1	-1.22933773074444	0.917487859806624	-3.11446197276321	0.0106973995638331	0.127523209773975	-2.74187183214535
DPF3	1.75263603606296	-1.60172274445108	3.11419658072109	0.0107022881019904	0.127523209773975	-2.58455342327016
LRP4	0.73405505135837	5.76782380431766	3.11415611232557	0.0107030337324363	0.127523209773975	-3.22355478436958
ENSG00000286180	-2.21958552551979	-3.8632680298337	-3.11355973571447	0.0107140281168335	0.127523209773975	-2.5186601209966
MAP3K1	0.739189870415013	5.20160000817421	3.11350569477581	0.0107150249465976	0.127523209773975	-3.18438284121966
TBC1D1	-0.529810507806817	6.81368981983015	-3.11331112089663	0.0107186148054908	0.127523209773975	-3.27307613408026
ISG20	-1.46125467415741	-0.117581120109697	-3.11320548443819	0.0107205642956885	0.127523209773975	-2.67173046035467
SLC46A3	1.36061779373084	-0.10458888190304	3.11304347779309	0.0107235547834402	0.127523209773975	-2.67283677856049
GALC	0.927424027657471	4.78035098251407	3.11256481951253	0.0107323953253632	0.127564780493249	-3.14741634042607
XKR4	2.37306925569073	0.858317145158313	3.11173287695185	0.0107477785021859	0.127684036591175	-2.74191144044215
ILDR2	2.13382152179596	2.45849712989825	3.11123747522729	0.0107569494855917	0.127729409638118	-2.88232589220775
ASTL	-3.45229858936615	-1.93756233986011	-3.10849524602568	0.0108078586652354	0.128270095854388	-2.57858791402048
DPEP1	-1.731676445267	1.48048202599162	-3.1075393937243	0.0108256616054769	0.12836026742522	-2.79817201307801
B3GALT1	0.676842786162282	4.99266148342798	3.10750983105188	0.0108262126922935	0.12836026742522	-3.17646929095563
ENSG00000305620	-5.04701016269998	-1.01265419462459	-3.10712997969061	0.0108332961614898	0.128368269466766	-2.62633586272051
TCAM1P	-2.88304016380157	-3.44566299410297	-3.10689692137493	0.0108376445709781	0.128368269466766	-2.53547695161817
SPRED2	0.982145115376018	5.64881740259946	3.10639298037427	0.0108470531995987	0.128384258412802	-3.22945979871793
TMEM120B	-0.830908351246118	4.7128149740188	-3.10621077354837	0.0108504570673466	0.128384258412802	-3.15149680344738
ENSG00000308943	-1.28286956439349	-0.519104826947221	-3.10518594474113	0.0108696225288811	0.128384258412802	-2.65910244993298
YAF2	1.34241587771364	2.10951568052215	3.10498126640258	0.0108734543763164	0.128384258412802	-2.85846042554028
ITPR2	0.936900419652697	5.87457256814682	3.10489376681674	0.0108750929034482	0.128384258412802	-3.24573948562651
SNRPGP10	1.18290237892592	4.17606322937333	3.10462037593437	0.0108802140731038	0.128384258412802	-3.09433952612905
RARG	-1.30316197525262	5.62833554812707	-3.10453518810176	0.0108818103172382	0.128384258412802	-3.23134655676397
NELFA	-0.648637387502855	5.82610026105454	-3.10452358865029	0.0108820276854694	0.128384258412802	-3.24358865388911
PTRH1	-1.04291932521097	2.09446239755311	-3.10418342820568	0.0108884040986465	0.128396018094069	-2.85836749178646
TTC8	0.657093136689259	4.47774177101753	3.10382832279425	0.0108950647210608	0.128411115900029	-3.13035117230485
NMBR	2.28638643017078	-3.25681951371377	3.10241840205092	0.0109215512327744	0.128628542625205	-2.54617020658422
PPP2R3B	-0.872444470188923	5.03582745140298	-3.10210166223168	0.0109275104668026	0.128628542625205	-3.18971119732093
PCDHGB5	-2.60149985419278	-0.93907119611411	-3.10175299942475	0.0109340741392629	0.128628542625205	-2.63915670471227
ALMS1-IT1	-1.67258241332124	0.711678014163716	-3.1017001238669	0.0109350698867281	0.128628542625205	-2.74756509006835
RBM26	0.533069657851884	6.65455171425445	3.10048789536997	0.0109579238110874	0.128765613698117	-3.28935612832611
LIX1L	2.73366985049343	4.14589489201425	3.10030021844516	0.0109614663971994	0.128765613698117	-3.09810423331412
MAN2B1	-0.72560787659872	5.97266949527454	-3.09995613613354	0.0109679643188646	0.128765613698117	-3.25968741062037
ENSG00000307094	1.59302088968536	-3.65391784413221	3.09993819678391	0.0109683032072851	0.128765613698117	-2.54209372515168
ZNF385C	-0.937317916203003	2.84169727708639	-3.09923443436084	0.0109816062529007	0.128858405328408	-2.94345755729983
LINC01819	-1.90622483279785	-2.59461927741966	-3.09818250223101	0.0110015213126553	0.128980701538708	-2.57054689831258
COX20	0.6508316805824	5.26536100389674	3.09811307989489	0.0110028369016973	0.128980701538708	-3.21606341389108
ADRA2B	-1.39448606123599	2.98812430690772	-3.09744449570872	0.011015515122101	0.129019631240204	-2.9630173750258
MIR1282	2.22742115200732	-2.94091569332989	3.09709075299862	0.0110222290881372	0.129019631240204	-2.56203813393189
ENSG00000306685	-1.79919893794927	-3.3112769154997	-3.09629450008116	0.0110373570632538	0.129019631240204	-2.55420196296504
POU3F2	3.06098037079595	1.0791145904277	3.09602633768173	0.0110424566279708	0.129019631240204	-2.7847559117171
SPTSSB	-1.18230542623572	2.30145981213209	-3.09573996394486	0.0110479051619366	0.129019631240204	-2.89256031961965
NRXN3	1.47482100128474	3.07169325426003	3.09559266828742	0.0110507086687883	0.129019631240204	-2.97579802477246
TULP1	-1.91176164905979	1.19018683753058	-3.09556905089511	0.0110511582505974	0.129019631240204	-2.79428744840608
MYEF2	0.590001551051168	6.77214347351648	3.09540632304772	0.0110542564520658	0.129019631240204	-3.30246622831326
ENSG00000279561	2.29608024408645	-1.87090061615259	3.09537726340506	0.0110548098163245	0.129019631240204	-2.60192937919435
RNPEPL1	-1.11111379471053	3.92122854757206	-3.09395943769497	0.0110818428620949	0.129183515540816	-3.08175057235458
CDT1	-1.02388376661562	6.22390575133266	-3.09382956419979	0.0110843224649977	0.129183515540816	-3.28277403649167
ERMN	-2.71790811439937	-2.89497355678088	-3.0937893762481	0.0110850898658227	0.129183515540816	-2.56832592561191
ZNF512	0.977972207182157	5.69277577713082	3.09328185419698	0.011094785806863	0.1292193867328	-3.25483606691357
HAPSTR2	-1.05954826714802	0.645321715434682	-3.09306160591877	0.0110989962208171	0.1292193867328	-2.75691885719465
PLA2G4C	-2.95698624201803	0.137934138451847	-3.09222242367196	0.0111150535080178	0.12934323845727	-2.72278122604818
NAT2	-1.42609112354211	-1.29287884654692	-3.09093114357858	0.0111398076548749	0.12956812344001	-2.63674065179071
CC2D1A	-0.808542957412104	4.85500470441823	-3.09029228878697	0.0111520754027131	0.129572855911111	-3.19305261104019
ENSG00000225173	1.65520629801417	0.793104672601316	3.0901627642091	0.0111545643032687	0.129572855911111	-2.77256746146957
MT-CYB	1.69256091451282	10.0391903153074	3.09000670364961	0.0111575638615586	0.129572855911111	-3.39192094545215
IL1RAP	0.967290927193361	3.50137559542126	3.08977960079956	0.0111619303537622	0.129572855911111	-3.03717217263346
ENSG00000286478	2.36174070048854	0.4825909967595	3.08882876016569	0.0111802310069723	0.129690955934069	-2.75216288860469
VIL1	-1.42844413940168	2.02993455375016	-3.08825858565162	0.0111912196993097	0.129690955934069	-2.87895205901257
SNAP25	1.67864497578036	-0.900846053509629	3.08816048462691	0.0111931114604405	0.129690955934069	-2.66312876905562
OCA2	-1.59363630564763	-1.14982500796979	-3.088122731111	0.0111938395786727	0.129690955934069	-2.64893150449167
LINC01202	-2.46343677765414	-4.17519635450677	-3.08777458427511	0.0112005562478533	0.129705810755708	-2.55298824912726
SMG7	0.578092242304559	7.15334786850398	3.08730968881196	0.011209531703803	0.129746795913999	-3.32937074762761
ENSG00000290775	1.58630951594942	-1.00084120184521	3.08615072014993	0.0112319391064672	0.129943136526443	-2.66049043487896
ENSG00000271727	1.60127481492557	-1.35777893532757	3.08446245819128	0.0112646614407976	0.130143054981797	-2.64358728303242
HDX	0.698065781748199	3.31127471702714	3.08396196641595	0.0112743807398841	0.130143054981797	-3.02389043916884
CNGA1	-1.94232786593564	-1.086565795042	-3.08329920616733	0.0112872643491733	0.130143054981797	-2.6601551681781
ENSG00000280056	1.28642133503234	1.16684444622803	3.08327076960926	0.0112878174717341	0.130143054981797	-2.81278528052206
TADA1	0.779313850200681	5.51065841369878	3.0832321401194	0.0112885689023094	0.130143054981797	-3.26001739095625
PHYHD1	-0.86748043480672	3.23563130596628	-3.08315263283754	0.0112901156582544	0.130143054981797	-3.01617825617018
KCNC1	1.95325996657009	0.687962202993507	3.08314965481345	0.0112901735977235	0.130143054981797	-2.77632862985429
ANKS6	-0.59813076497733	6.02307772881535	-3.08301250401091	0.0112928422871455	0.130143054981797	-3.29151380548142
TRPM2	-3.16030720823376	-3.30939101787706	-3.08238091952772	0.0113051399890247	0.130221899670875	-2.57521779152021
SCARA5	-2.05399909808264	-1.8324927625079	-3.08162297524916	0.0113199160630458	0.130231134253784	-2.62514861866597
CDC14B	0.857919327558199	7.25448934403508	3.08146973043427	0.0113229059488401	0.130231134253784	-3.34262412893704
ADRA1D	2.2165776397662	1.62124958923483	3.08123576845803	0.0113274722187211	0.130231134253784	-2.85390613113478
ENSG00000225486	2.76434912506492	-1.23492809553861	3.08114058552502	0.0113293304541784	0.130231134253784	-2.65537910241633
GAB1	0.79852383992491	5.04388028229466	3.08094118247876	0.011333224361885	0.130231134253784	-3.22678614663499
AFF2	0.922515421431952	4.93435240775495	3.08021830645092	0.011347351981619	0.130330726537681	-3.21793747646563
LRATD2	-1.29754765214068	5.66467860727117	-3.0795421833934	0.0113605821012414	0.130419919677888	-3.27669679852725
ZNF185	-1.11959881063283	4.33579214542247	-3.07899433521399	0.011371313699925	0.13044340977717	-3.15688470307007
ARHGEF12	0.617471413515076	6.3333921372105	3.07883801222552	0.0113743777456152	0.13044340977717	-3.3135985133928
NUP54	0.589402368206737	7.21038075074546	3.07860102056556	0.0113790245592688	0.13044340977717	-3.34620478012382
AGBL2	-1.9048585200199	-0.32534419019185	-3.07804670625595	0.0113899008218965	0.130505407064908	-2.71526624172179
ENSG00000232211	-2.44424189669238	-3.9517643193798	-3.07675501905318	0.0114152862280793	0.130716695825125	-2.57195272827216
WNK1	0.55967988274837	7.90211208951176	3.07655131407049	0.0114192948755766	0.130716695825125	-3.36963920676435
MYL11	-2.57982156602394	-3.60527601929066	-3.07575621419587	0.0114349551130176	0.13072451611128	-2.57907894888724
ENSG00000290995	1.15009407373483	0.421187878988991	3.07544747656294	0.0114410418790383	0.13072451611128	-2.76974147837361
C11orf86	-1.95027860029346	-1.1646381359065	-3.07543519774811	0.0114412840241715	0.13072451611128	-2.66829653421629
VANGL2	0.756266489401799	7.45028085647764	3.07540462900416	0.011441886879644	0.13072451611128	-3.35900998686273
PTPN6	-0.811396133917407	4.16659567618099	-3.07470706786576	0.0114556524823974	0.130802281199391	-3.14433802018582
UBTD1	-0.75307689963958	4.24308357635269	-3.07450443718744	0.0114596543339308	0.130802281199391	-3.15371820579537
DOCK10	1.26095122055512	1.47355399340964	3.07363432748461	0.0114768547274565	0.130935990334706	-2.85393434555088
LENG9	-1.30205083742924	1.37908046356633	-3.07241197799816	0.0115010626053806	0.131121717482834	-2.84805215194257
ENSG00000289562	-1.74884952610674	-0.888671888145469	-3.07225769077862	0.0115041218590127	0.131121717482834	-2.68929542508084
FBXL17	1.10944301879844	2.62767859088316	3.07159415731672	0.0115172880407507	0.131178722406558	-2.96672930309151
ENSG00000288543	2.39233404646535	-1.26527398356979	3.07145175141582	0.0115201157315182	0.131178722406558	-2.66912976202006
FAM157D	-2.27169719760486	-2.64741964699014	-3.07073100748456	0.011534438061367	0.131269940116884	-2.61102890875312
PODN	-2.90313387691709	-2.59737769658853	-3.07049526393575	0.0115391265917469	0.131269940116884	-2.61301953581618
CADPS	-1.2267725343889	2.7526729793735	-3.07009715821561	0.0115470486263102	0.131297479544614	-2.98278873651946
PHKG2	-0.83496163711786	4.38014962903574	-3.06965681992528	0.0115558175052875	0.131334617332713	-3.17794235881782
SIX1	-2.40849267544337	-2.84705858713569	-3.06857083837958	0.0115774726650801	0.131418075043298	-2.60818683916008
FLII	-0.780249901215332	7.4100023005463	-3.06847808602021	0.0115793241182939	0.131418075043298	-3.36977274676565
POLR2E	-1.22940172708966	7.14207695422391	-3.06846028167142	0.011579679549841	0.131418075043298	-3.36153623311655
ETV2	-1.98447532948068	-1.45219214061399	-3.06815403788444	0.0115857948893877	0.131424984137365	-2.6645302487048
DHRS11	-0.676393250361664	4.68158771412933	-3.06782574748293	0.0115923541233246	0.131436919649115	-3.21406531232127
DPPA4	0.699134978182981	10.1493020826606	3.06733979349622	0.0116020704067219	0.131463685838324	-3.4330098007598
ARHGAP23	-0.830170620469773	4.92016562009542	-3.06694639357694	0.0116099422087087	0.131463685838324	-3.23940396349741
RBFOX1	1.008522009016	1.89284072665497	3.06683084542218	0.0116122553210059	0.131463685838324	-2.90207728316335
TXNDC12	-1.06706481007904	3.48807347909256	-3.06637230209519	0.0116214393387652	0.131463685838324	-3.07533330466012
TMEM117	1.09496915312091	0.869736719068499	3.06633155963961	0.0116222557136994	0.131463685838324	-2.81760861647936
CUTC	-0.715997107610709	4.57140131594772	-3.06600612278054	0.0116287787328339	0.131475159647819	-3.20543680772622
ENSG00000279711	-1.22492217792927	-0.863408519024185	-3.06551505291139	0.0116386287308606	0.131524219658831	-2.70160091306111
STK11	-1.34331575639837	5.54745702911352	-3.06488435471306	0.0116512918774611	0.131605008631975	-3.29414277921957
WDR4	-0.998810070583672	4.08977795126367	-3.06438544282682	0.01166131894753	0.131630723193862	-3.15271040524975
ANTXR2	1.02231246501891	4.01390049759494	3.06422234356306	0.0116645987998081	0.131630723193862	-3.14385815660222
FMNL1	-1.12785142910982	3.146158239853	-3.0635583633052	0.0116779608293155	0.131719230204761	-3.03877891050236
SLC39A6	0.621545003583529	6.58759795660463	3.06293661062092	0.0116904871790208	0.131751533361317	-3.35152830904537
ENSG00000259005	-1.3543090843215	-1.595383310151	-3.06286825118244	0.0116918652390023	0.131751533361317	-2.66570668253239
GJB5	-1.13785800827699	-0.553756902874986	-3.062268166585	0.0117039694552465	0.131774399073291	-2.72607505731616
ARHGEF9	0.711493831395351	6.13962514048574	3.06195501249404	0.0117102910990831	0.131774399073291	-3.33369490894447
GOT2P2	2.11023938830652	1.99960779532914	3.06194674843599	0.0117104579727008	0.131774399073291	-2.92013324909705
RALGPS1	-0.791037963001739	4.50311436810828	-3.06054667507726	0.01173876416815	0.132030671254117	-3.20732361543055
ENSG00000290791	1.04129316485401	1.67896919804302	3.05992400287713	0.0117513754818462	0.132097004744379	-2.89443398063705
LINC00677	-2.16132814785726	-4.10681817514174	-3.05970909794546	0.0117557312639653	0.132097004744379	-2.59507315679394
SLC39A14	-0.653601468158685	8.12541444066049	-3.05941423871634	0.0117617102646214	0.13210199476975	-3.40498174770901
NUDT16L1	-1.11588547905244	4.43211135185175	-3.05913313973121	0.0117674131213895	0.132103880041488	-3.20178469234392
ENSG00000286024	1.89586294757715	-2.36713163478616	3.05812549297196	0.0117878790884977	0.132197450893056	-2.6401087867433
ATXN1	1.25908742055932	2.26720457695348	3.05797869896419	0.0117908635900542	0.132197450893056	-2.9525304013869
ENSG00000309085	-2.88658232114988	-2.73075440638596	-3.05790487090416	0.0117923648950985	0.132197450893056	-2.62805538765898
ENSG00000288932	-3.92921388449828	-2.26276669847482	-3.05744206133576	0.0118017806286946	0.132208613444834	-2.64508074749275
TRIM50	-2.03216989345373	-2.61444621221103	-3.0572938388384	0.0118047977905551	0.132208613444834	-2.63275496232197
YBX1P10	0.841206436439465	6.69291217664078	3.0570394043168	0.0118099787934967	0.132208613444834	-3.36572848478909
BCAM	-1.35281309896254	5.46550112807202	-3.05653766615226	0.0118202023705098	0.132261026712122	-3.30274355530619
CMKLR1	-1.16143640478343	1.61965630323966	-3.05581809267911	0.0118348803380483	0.132363209479006	-2.89608771325677
CDHR3	0.823031331604487	3.1714526558348	3.05511367494835	0.0118492671063766	0.132462041230862	-3.05606666500367
TCF3	-0.745168364050425	8.22815498181796	-3.05463174823386	0.0118591200423817	0.132488280690374	-3.41579832986292
ENSG00000254365	-3.72653593231492	0.145015086351011	-3.0542165843398	0.0118676146984893	0.132488280690374	-2.78524471908036
SNRPB	-0.699509423749559	7.5897030067606	-3.05418468456193	0.0118682676547542	0.132488280690374	-3.3996796019596
HPCAL4	-2.84971118745912	-0.196923147238784	-3.05364782252039	0.0118792621603065	0.132549018223485	-2.76317911883386
ZIC3	1.29040172158286	7.28540442920367	3.05314500741689	0.0118895688017628	0.132602027379286	-3.39245969549152
KCNH4	-1.86112317966214	-1.7505624552837	-3.05245014117643	0.0119038270471728	0.132650963910219	-2.67465372729083
TAF7L	1.86302093771815	-1.26141496273162	3.05219634444431	0.0119090391391138	0.132650963910219	-2.69991519167244
ZNF75A	0.623842739666189	4.49701638641822	3.05211888254968	0.0119106303959274	0.132650963910219	-3.22107216424464
SERPINA11	1.32398385719785	-0.236209886432197	3.05165690356755	0.011920125063729	0.132694787731353	-2.76381765924703
SV2C	1.51105751483896	-0.883041044513852	3.05135770355087	0.0119262783761962	0.132701392076772	-2.72308919235999
LIN9	0.606373553642714	4.79919709680847	3.05075518175585	0.0119386795685936	0.132777476823682	-3.25534716977273
PNPLA5	-1.50410479549954	1.71185205371343	-3.04964329494049	0.0119615990102818	0.1329704161986	-2.91446576271497
ENSG00000290792	1.05506041486033	1.82336163524969	3.04931793196762	0.0119683142065712	0.132983126242195	-2.92500763493116
LINC00937	1.19547586186361	2.01095090144822	3.04872145310149	0.0119806349417022	0.133006050219651	-2.94331966048145
DFFA	-0.624013024195796	6.79498941062772	-3.04812696634088	0.0119929273553681	0.133006050219651	-3.38484353554423
NEMF	0.653025570505708	5.66219656887644	3.04802760112825	0.0119949832151239	0.133006050219651	-3.33077557784637
TGIF2	-0.836203298730725	6.36329669586844	-3.04795393282232	0.0119965076387727	0.133006050219651	-3.36812647461515
ENSG00000300926	1.99823045685482	-2.55929937056024	3.04787016254272	0.0119982413425612	0.133006050219651	-2.64911746998898
LRRC42	-0.836099983225823	5.66818548800312	-3.04715661466179	0.0120130192052962	0.133108045205573	-3.33265990558364
KCNQ1	-0.856783159315866	2.06615411843756	-3.04673796721041	0.0120216981710584	0.133122507667679	-2.95185328084672
ICAM5	-2.18528711288003	0.211372524091462	-3.04646587890371	0.0120273422406704	0.133122507667679	-2.80246740679833
SAP30	0.942097670828819	4.03760157046045	3.04628684578599	0.0120310574868724	0.133122507667679	-3.17733436892721
ENSG00000274922	-1.60372968352323	-1.72408052043056	-3.04464857500533	0.0120651086460759	0.13341739027985	-2.68816362434576
ATXN7L3-AS1	1.59352745208735	0.228427546952532	3.04429899120307	0.0120723873514157	0.13341739027985	-2.80718902243966
LRRC8C	-0.96847412205479	2.54365211097291	-3.04365647272694	0.0120857769067757	0.13341739027985	-3.00486140478657
ENSG00000287769	-1.15159456353792	0.311845122708671	-3.04325229199734	0.0120942074311287	0.13341739027985	-2.81472932365808
ZBTB42	-1.31197613074447	2.15777624424578	-3.04307197838429	0.0120979703945708	0.13341739027985	-2.96680994613212
ATP5ME	1.54131697385242	6.13335669291986	3.04304626720749	0.012098507057833	0.13341739027985	-3.36595961684869
SPRY3	1.11188177980492	3.41644622825004	3.04264120162196	0.0121069650885062	0.13341739027985	-3.10681537574851
ST6GALNAC5	1.56319508460373	4.71163636321902	3.04235276047468	0.0121129915879654	0.13341739027985	-3.26088104164058
UBE2HP1	1.38700870526917	2.47137282155071	3.04234400716408	0.0121131745215215	0.13341739027985	-2.99950388839595
HMGN3	0.565395459950918	6.51472162556703	3.04232326068422	0.0121136081089552	0.13341739027985	-3.38418299548156
CCDC82	0.733228140756376	4.99084778461166	3.0414151322771	0.0121326028411211	0.13348890631745	-3.28979783499235
FAM234A	-0.698328846842297	7.08326107607226	-3.0412800649933	0.0121354305399408	0.13348890631745	-3.40652097229712
ENSG00000290117	-1.78708533001088	-2.34041453304007	-3.04121081926892	0.012136880492264	0.13348890631745	-2.66728663376043
ARMCX3	0.824615950087848	5.45726793068005	3.04092682481261	0.0121428289597729	0.13349281381064	-3.32900811089919
SUMF1	-0.885140698258504	3.85006715267551	-3.04022030898124	0.0121576402948425	0.133549704315295	-3.1646727791645
ALG9	0.839419147398391	2.90960875683789	3.04014619785312	0.0121591950172681	0.133549704315295	-3.05091101103445
PROC	-2.10722567971617	-1.68892941724434	-3.03953027554123	0.0121721238127553	0.133630211149509	-2.6978985666938
RPL10P9	-0.756966955812909	4.82598413247359	-3.03849863397441	0.0121938102474107	0.133806744448254	-3.27904020823589
PCGF7P	-0.983249413401781	1.74628584191404	-3.03747810442649	0.0122153017149361	0.133980977036021	-2.93781558678881
ATP2B2	1.6932190340315	1.44940077790979	3.03672519579688	0.0122311819815611	0.134093532546587	-2.91322302978876
ENSG00000274276	-1.6615192940668	4.01906059754397	-3.03618274612399	0.0122426362674497	0.134126995823453	-3.1923441092054
SLC13A5	-1.08642270016246	1.08041981470531	-3.03604844511157	0.0122454738299453	0.134126995823453	-2.88402519025757
ENSG00000298107	-2.11433535408804	-2.63800486382406	-3.03463008219376	0.0122754823532385	0.13439400794713	-2.66681205929898
ENSG00000289579	-1.552355283184	-0.566828572050818	-3.03334103594143	0.0123028196931004	0.134631544069339	-2.77185126392647
MKI67	0.788891410691989	8.05301131201127	3.03296169951128	0.0123108762084931	0.13465796630069	-3.44882765398977
LRRC17	1.72301006216201	3.11044862018353	3.032326627928	0.0123243761374448	0.13474387781603	-3.08744723239276
RTL5	1.83829029072617	3.34494524092603	3.0319277756132	0.0123328623602578	0.134774920307817	-3.11624979067084
BOLA2-SMG1P6	-1.89996211303919	1.05907441208894	-3.03032379130215	0.0123670496645002	0.135086670179692	-2.89179205893667
PERPP2	-1.94174547390692	-1.34201160041203	-3.03002104768719	0.0123735131279772	0.135095442738075	-2.73071183025396
NTN4	1.03857107384142	0.468619315010375	3.02882579090182	0.012399064941528	0.135312520786214	-2.84953000084617
PSORS1C1	-1.78253438934965	-2.59267729999156	-3.02810486355086	0.0124145025934176	0.135388134961354	-2.67840035507758
SHD	-1.32508300574509	1.36756583111017	-3.02797250923786	0.0124173388959821	0.135388134961354	-2.92085423274257
ENSG00000253683	1.09111718429432	3.93745752317657	3.02766420169755	0.0124239483611529	0.135393040454524	-3.19683659193972
VDAC2P5	-0.795565393097428	6.91879388354319	-3.02732430763271	0.0124312391151913	0.135393040454524	-3.42507004387013
HDGF	0.715546600338277	9.24125388215161	3.02715803530991	0.0124348072516997	0.135393040454524	-3.48569226674508
CCNI2	-1.22853730054288	-0.186947329189218	-3.0264476643616	0.0124500632399317	0.135441889250401	-2.80796973297812
MOSPD1	0.640091669205861	4.80751641211643	3.0260648872934	0.0124582916716092	0.135441889250401	-3.29853061764863
TERT	-1.17080765331321	3.73352810332093	-3.02596932533658	0.0124603467965218	0.135441889250401	-3.17442716291323
CPB2-AS1	1.96177179195105	-0.946411108191198	3.02589278587198	0.0124619930780525	0.135441889250401	-2.76000384184343
DDX3ILA1	-2.06688300431839	-3.26176293559833	-3.02475203525702	0.0124865555871535	0.135511150317944	-2.66338924664812
ACTBP2	3.04337956038769	0.514548624560189	3.02428108020698	0.0124967104665329	0.135511150317944	-2.86032198293069
AZGP1	-2.86307838087757	-1.93495978197449	-3.02427325458681	0.0124968792757932	0.135511150317944	-2.71036443817299
KLHL13	1.00080074226306	5.12454481846863	3.0242156206086	0.0124981225903312	0.135511150317944	-3.33127417120866
STUB1	-0.878080796013808	5.42817372902007	-3.02406286988001	0.0125014184276628	0.135511150317944	-3.35589078908793
NDUFA6	0.730811711025164	6.19418449092265	3.02383243679034	0.0125063920539015	0.135511150317944	-3.40198229332311
NRARP	0.713384213939452	5.19161841729232	3.02353521768947	0.0125128101441642	0.135511150317944	-3.33815496006807
TRAF2	-1.11543576238731	4.78266694897158	-3.02348995279425	0.0125137878786922	0.135511150317944	-3.30044369233256
GABRA5	1.00721776756329	5.46152353597686	3.02250548667844	0.012535071823446	0.135659201246106	-3.36098562665794
IQCA1	-1.66429912719881	1.64438245301087	-3.02210648677223	0.0125437085778715	0.135659201246106	-2.95439036410888
TENM2	1.8750400989031	1.83541476982034	3.02197446889748	0.0125465675675114	0.135659201246106	-2.97174526871159
GYPC	1.02322647513187	5.24720510462235	3.02169256494552	0.0125526747166559	0.135659201246106	-3.34594352302902
TIGD7	0.642541007606764	3.89768765915884	3.02128700607555	0.0125614660121339	0.135659201246106	-3.20280257012404
UPP1	-1.74151824044926	4.33856239811701	-3.02128251290679	0.0125615634455061	0.135659201246106	-3.25593822806988
PCED1B	1.22242441288089	3.5746948922808	3.02091684690867	0.0125694954042813	0.135683467577558	-3.16326196941373
ZPLD2P	-1.09283689086728	0.57065133207916	-3.01998362430698	0.0125897617490948	0.135840797317199	-2.87149041535544
RPS21P4	1.90363100491716	-2.99156199935914	3.01923930782352	0.0126059494863743	0.135953997465565	-2.67919706075033
PDE1B	1.14828426749519	3.39068903407364	3.0179508504931	0.0126340214067594	0.136165365416861	-3.14556466996773
CYFIP2	0.574404678144603	7.08639241641855	3.01769635848826	0.0126395735831058	0.136165365416861	-3.44729801169995
SPATS2L	-1.61476309196584	5.47059883881073	-3.01733594220407	0.0126474409154311	0.136165365416861	-3.37051822448767
ENSG00000309767	2.29599887608131	-3.37022299513289	3.01729345498324	0.0126483686734479	0.136165365416861	-2.67194241737542
CCND2	0.840067726457709	7.11739874464665	3.01604668335914	0.0126756241610315	0.136280289639237	-3.45114978972344
KLF16	-1.33530728763856	4.72897135132898	-3.01587815580099	0.0126793128871584	0.136280289639237	-3.30805852357313
COQ3	-0.741136725690224	3.75803145901446	-3.01586081158015	0.0126796925787683	0.136280289639237	-3.19469532306483
KHK	-1.14431093588964	3.38221156394899	-3.0157607223815	0.0126818839103676	0.136280289639237	-3.14824127753947
ELMO1	0.834220082709907	4.14200005819691	3.01545155997138	0.012688655073804	0.136291687959712	-3.24260313043129
ZDHHC18	-0.862019084295826	5.37525457324866	-3.01271834012104	0.0127486768960884	0.136769407802601	-3.37141122177942
ENSG00000280010	1.60870760566738	-2.78516971819872	3.01214852085785	0.0127612264438478	0.136769407802601	-2.69643801062102
FLVCR2	-1.15467393440073	2.85851647979792	-3.01212845538846	0.0127616685888172	0.136769407802601	-3.09242733503528
ENSG00000285712	-2.545242751167	-2.25860826148298	-3.01212644862089	0.0127617128090307	0.136769407802601	-2.71557524729116
PPIAP31	2.39316445635467	2.4523728425887	3.01212327028898	0.0127617828456191	0.136769407802601	-3.04833639576636
ENSG00000286458	-2.18788471990376	-2.55216855500304	-3.01081682955526	0.0127906041616337	0.137004408473098	-2.70645975528746
CKS1BP3	1.50675960603433	5.35972674606412	3.0101480713402	0.0128053831476871	0.137004408473098	-3.37463136594914
RGS20	2.29342729533789	0.388076631561513	3.00995424303658	0.0128096698256334	0.137004408473098	-2.87464465134964
PHACTR1	0.642633614915556	3.68083695499003	3.00963611948374	0.0128167085549219	0.137004408473098	-3.1956891415277
WDR26	0.616539698792395	6.99104077576613	3.0094472807506	0.0128208886136817	0.137004408473098	-3.45836091849426
TAT	-2.21915001399264	-4.34187119929951	-3.00933580092946	0.0128233569357509	0.137004408473098	-2.66663189653325
ENSG00000223461	-1.56049347704759	-2.47886293006247	-3.00905241287831	0.0128296337218309	0.137004408473098	-2.71185091690731
PITPNC1	0.687785013755	5.85068420086265	3.00867675666476	0.0128379589683685	0.137004408473098	-3.41003182268011
H2BC5	1.10247114651382	1.85712548786349	3.00814027164525	0.0128498579871761	0.137004408473098	-2.99682749738333
DEGS2	-2.79608351165429	-1.870305252084	-3.00810641035718	0.0128506093920231	0.137004408473098	-2.738638188558
DYRK4	0.858152004297404	2.92326807649335	3.00779498380993	0.0128575222480872	0.137004408473098	-3.10712845379526
STOML2	-0.607110066669316	7.33143468412371	-3.00752890638841	0.0128634314605953	0.137004408473098	-3.47256986131841
PLA2G15	-1.1080287662405	3.18376939319422	-3.00738680681198	0.0128665884247446	0.137004408473098	-3.13838406683489
KIAA1549	0.640780556562547	5.38602541011603	3.00714779181302	0.0128719002895386	0.137004408473098	-3.38181582800486
S100A14	-3.11938244220115	-0.608144222095952	-3.00704012087672	0.012874293893165	0.137004408473098	-2.8115386494399
EML5	0.927953172718815	1.56481407059583	3.00698336888632	0.0128755557131252	0.137004408473098	-2.9725870954236
CA11	1.08306652878465	6.39797948274856	3.00655815925981	0.0128850137879446	0.137043950123384	-3.44094662919423
BTBD2	-1.05908461170241	7.12239183409384	-3.00580435139427	0.01290179830583	0.137161345285186	-3.46897287016431
GARIN5A	-0.946069432611077	2.70914532936089	-3.00547368150823	0.0129091681004458	0.137178590851888	-3.08698598077761
ENSG00000271976	0.890530096190669	1.76814641086207	3.0046590110308	0.0129273432693041	0.137245301486847	-2.99451872891159
TRPV2	-2.09712357585695	0.26030338243449	-3.00445695268735	0.0129318551749205	0.137245301486847	-2.87452294165498
CRHR2	1.06656396857077	1.21015435884728	3.00441925381335	0.0129326971569078	0.137245301486847	-2.946852736453
L3MBTL2-AS1	2.9616172582436	-1.92729249243219	3.00336132774442	0.0129563479977595	0.137380027412557	-2.74343839594832
PFN1P1	2.92496365401392	3.68428630695727	3.00333645467747	0.0129569045839722	0.137380027412557	-3.20683694661433
APRT	-1.23915673346215	6.47048073991266	-3.00186440534997	0.0129898879529526	0.137668586044902	-3.45209355149505
PLA2G4E	-2.10257102256859	-3.80801777843737	-3.00102589759869	0.0130087139750646	0.137749930228883	-2.6867847054516
ENSG00000233393	-3.52298783937647	0.597367043666527	-3.00093999307671	0.0130106442496894	0.137749930228883	-2.90474321626925
DEGS1	0.706493016644092	5.8935299050677	3.00075162147602	0.0130148779765422	0.137749930228883	-3.42612282151674
CENPM	-1.01664847691141	4.30318933542589	-2.99960181180452	0.0130407507180573	0.137925067657699	-3.2888504810195
UBE2T	1.04339032882297	6.18815225295632	2.99950271093085	0.0130429831023348	0.137925067657699	-3.44359115925676
ATAD3A	-1.3261538079493	4.6713281746803	-2.99857175005179	0.0130639732141944	0.137944436049099	-3.33166735763494
MYO18B	-1.46697481567139	-0.340111869173677	-2.99843605827083	0.0130670354775251	0.137944436049099	-2.84313373690738
ENSG00000287815	-2.31618943133084	-3.33472257776785	-2.99798255813379	0.0130772752552506	0.137944436049099	-2.70197379278309
ERP29	-0.642001217489577	7.19588331705037	-2.99779941512793	0.0130814128274735	0.137944436049099	-3.4851364571105
TCAIM	0.614291184642734	4.55644874717969	2.99777847674665	0.0130818859525593	0.137944436049099	-3.3206852694952
GDPGP1	1.22493682691956	0.154415555741867	2.9977171005413	0.013083272913449	0.137944436049099	-2.87807691586476
TUFM	-0.71147932593215	8.05823397374829	-2.99762861759206	0.0130852726867708	0.137944436049099	-3.50994510511542
C7orf50	-0.767450520081332	5.51460956277202	-2.99634216901117	0.0131143823151551	0.13817761582291	-3.40973256408071
CENPVL3	1.1683160246548	2.63419206727959	2.99613965071006	0.0131189708574481	0.13817761582291	-3.09452897515285
ERCC2	-0.857189245490985	6.55964092602857	-2.99564073182028	0.0131302820190709	0.138235748102852	-3.46641736541111
INPP5K	-0.708100059996135	4.09103563466972	-2.99494106194983	0.01314616113484	0.138311845952633	-3.27144078640548
RPS2P55	-0.90884755061225	4.66588793349547	-2.99481164668936	0.0131491003673074	0.138311845952633	-3.33752694213411
HS3ST4	0.965022843924301	2.268190339193	2.99455598574921	0.0131549088043479	0.138311986093996	-3.05902969304909
RPS23	0.74193267621976	9.55428909710797	2.99264419110882	0.0131984259779206	0.138708424841493	-3.5514222161195
PSTPIP1	-2.69464847188447	-1.03957370021209	-2.99236574419124	0.0132047762837944	0.138714082555159	-2.80795126381909
C19orf85	-2.2445756142534	0.933693794790681	-2.99172646735706	0.0132193674577278	0.138806266218033	-2.94562509120134
PTCHD4	1.28329427709161	-0.265580225426903	2.99113710523428	0.0132328338339479	0.138837846801687	-2.85995023431818
PRR35	-1.36479136892644	-1.24862313568822	-2.99093995420943	0.0132373416548862	0.138837846801687	-2.79796466442295
ENSG00000304351	-2.51013112645739	-3.09216740174076	-2.99083130734229	0.013239826510271	0.138837846801687	-2.71948033696286
ENSG00000304267	-1.78960458382151	-3.62000540528382	-2.99028625163462	0.0132522995819798	0.138898260637968	-2.70671961455825
AAMP	-1.23164982035424	6.51039746934858	-2.99007107198588	0.0132572270387268	0.138898260637968	-3.47404430262605
USP3	1.0515076083329	5.50327745628342	2.98900238644335	0.0132817266876635	0.13909388804496	-3.42155007241368
RAB2B	0.84864793043733	4.7616086207023	2.98845388420412	0.0132943189358708	0.13916469738703	-3.35838121985889
CLCC1	0.717820787141128	5.4166685707158	2.98790597790905	0.0133069095843909	0.139235427904717	-3.41718170296653
ENSG00000261435	-1.50761881519765	-1.95294699503264	-2.98626682502207	0.0133446488181196	0.139569120658221	-2.76901196457107
SSBP2	0.983179073193268	5.90856178808101	2.98585715140071	0.013354097920776	0.139606769634324	-3.45260771429495
ENSG00000233290	1.7296510870227	1.66645115906044	2.98532585878798	0.0133663622600732	0.13967380387967	-3.01760510399511
SAMD9	2.51021625295786	-3.43298831707814	2.983823846092	0.0134010964561929	0.139906391152272	-2.72083921650123
ENSG00000297031	-2.1724063380613	-4.09817719089096	-2.98374184566346	0.0134029953555747	0.139906391152272	-2.70730931956097
MPND	-1.06983878967837	4.31063334203956	-2.98349654806972	0.0134086773862305	0.139906391152272	-3.31725663123258
IFFO2	-0.679467590818235	3.64207509686201	-2.98335023009945	0.0134120678324213	0.139906391152272	-3.2355684110693
APBA3	-1.09468161010916	3.76887512917763	-2.9830059410661	0.0134200490459052	0.13991626750757	-3.25199328219334
KCND3	1.3178569848629	-0.594531797140617	2.98280371285247	0.0134247392882363	0.13991626750757	-2.8514703103976
IFRD2	-1.14410310422621	5.39627636293788	-2.98107258987685	0.0134649569416186	0.140274171682939	-3.42739868782452
FLJ30679	-2.6666180978712	-2.6483572011172	-2.9798832055409	0.0134926595939864	0.140330503623379	-2.75065309172795
LINC01816	1.31635342777129	1.12899405480754	2.97967155405604	0.0134975953429413	0.140330503623379	-2.98118456664756
GPX1	-1.69068316629624	4.87453812392669	-2.97951160183523	0.0135013266698465	0.140330503623379	-3.38502117615363
ENSG00000290677	-1.41376741401785	-1.40295565154839	-2.97932650602748	0.0135056458447919	0.140330503623379	-2.80774480834216
TCERG1	0.514620806817319	7.16326566175333	2.97924904623384	0.0135074537696234	0.140330503623379	-3.5160716675768
ELF3	-1.01227127387359	2.35221021322993	-2.97920530036006	0.0135084749141442	0.140330503623379	-3.09330793383371
ENSG00000310410	-2.63648465814922	-2.38762663429759	-2.97907477984327	0.0135115220734288	0.140330503623379	-2.76169870960389
DOK6	1.62367920911924	1.58978556169988	2.97804047668751	0.0135356937701752	0.140520401571453	-3.02293534768108
VCAN	0.719801665273691	8.49551204525548	2.97765227556019	0.0135447773460215	0.140553565616302	-3.55507921860652
ALG10B	0.725825925904913	3.81137635106397	2.97695162240824	0.0135611876684938	0.140626233618038	-3.26765391418853
TCN2	-0.682352518291155	5.94049852320845	-2.97685022010421	0.0135635643268414	0.140626233618038	-3.46988418880673
ARHGAP27	-0.863609716274039	3.61831824374219	-2.97649333038898	0.0135719324334003	0.140651893785482	-3.24424109772014
ENSG00000289018	-1.50215502332921	-1.28707430335182	-2.97588038614152	0.0135863165388691	0.14072065079793	-2.81970152922436
ENSG00000228541	-1.61756128808892	-1.08984038430555	-2.97536880352559	0.0135983337907563	0.14072065079793	-2.83205907060585
ZNF398	0.715313937109393	6.66049712267371	2.97535443402264	0.0135986714907594	0.14072065079793	-3.50528776581954
EPB41L5	0.702082287330589	6.12526725524724	2.97520639197001	0.0136021511455493	0.14072065079793	-3.48236238503357
TYMP	-1.63350434989188	-2.78679577326335	-2.97469832447619	0.0136140998800381	0.140783241697083	-2.75378534082358
ENSG00000299456	-2.17052449694632	-2.52561305789283	-2.97442538228154	0.0136205233260093	0.140788666185303	-2.76356784622472
MOGS	-0.822523615708456	5.81860083853221	-2.97392403749579	0.0136323300185809	0.140826055079587	-3.46794135095644
CCNB3	1.69313195299265	-0.192218749485554	2.97352560709989	0.0136417204654166	0.140826055079587	-2.89348655911929
UBE2D3P1	1.2501547994235	5.68319658172813	2.97352045881177	0.0136418418462315	0.140826055079587	-3.4602864728085
AR	0.694787191535338	4.1026224690959	2.97222925511635	0.0136723190313624	0.140995082193199	-3.31161239567977
ENSG00000260947	1.41279101472061	2.27783120829337	2.97221620007065	0.0136726275306692	0.140995082193199	-3.09746922306108
KIAA2012-AS1	-2.55442339116943	-3.40531822575355	-2.97207612133211	0.0136759381270062	0.140995082193199	-2.73924921812226
HAPLN2	-1.64708369707594	-1.97825275037726	-2.97171933456372	0.0136843740309799	0.141021137736354	-2.79060555866799
SOX21-AS1	1.21279564418378	2.74825082404234	2.97117326092489	0.0136972956612466	0.141093377447982	-3.14912871996677
SLC25A26	-0.680674711319977	4.11790928087414	-2.97014546677159	0.013721649674765	0.141283266948929	-3.31702589929438
VPS51	-0.954960625956385	6.03951074578498	-2.96986794620024	0.0137282331574253	0.141290099511975	-3.48717967364984
PAK3	1.11063907551806	4.8719475465278	2.9685974235781	0.0137584140044557	0.1414959407492	-3.40347877289717
IDE	0.608957143173589	6.63453402546318	2.96852693355778	0.0137600904377966	0.1414959407492	-3.51604767398365
EEF1A1	-0.484613450204929	12.4715670605199	-2.96790778936676	0.0137748241643055	0.141586446308992	-3.63681734048756
ENSG00000309222	-6.17732075908381	4.03637491504656	-2.96733658979557	0.0137884311243797	0.141621975525214	-3.31190787512917
GTF2IRD2B	1.19397851823343	0.855382809279079	2.9672645430397	0.0137901483689026	0.141621975525214	-2.97982102175728
RPL18	-0.513708032252753	9.17483243228356	-2.96604056600037	0.0138193551474656	0.141860881421317	-3.58988910850392
MSRB2	0.991391451046066	3.98345876180026	2.96574732918259	0.0138263617174409	0.141871786375822	-3.30813269539314
GNG4	1.36870089997518	7.04580087214625	2.96509135590834	0.0138420485007076	0.141960694946022	-3.5366337874226
JAG1	1.09089043994048	6.40192810142456	2.96488769601319	0.0138469224382762	0.141960694946022	-3.51286856509891
LYN	0.678245736171118	6.46322097276099	2.96463630544681	0.0138529410506146	0.141961418658231	-3.51589902838955
TRAV8-5	2.36846333407315	-3.58342635167957	2.96386593224384	0.0138714012726947	0.142089585483006	-2.74717827777637
AKR1B15	-1.88600898202556	-4.13359685286438	-2.96334227277444	0.013883963784951	0.142157255965434	-2.73686497404525
CLDN23	-0.983346622443333	1.61751215541384	-2.96141742685128	0.0139302396169067	0.142569909492587	-3.05305310404553
TLE1P1	0.812843564418481	3.56580216629681	2.95872673798771	0.0139951891395239	0.143165945642954	-3.2678503325797
PHLDB2	0.905795900831986	5.93937230035262	2.95850834920326	0.0140004741748295	0.143165945642954	-3.50136826418413
DDX59	0.783343804606274	4.68647542370791	2.95703744508495	0.0140361228969478	0.143469012925676	-3.4044254899674
ATRX	0.861724764863999	6.57371770304195	2.95650198432768	0.0140491230821981	0.143485748031722	-3.53437052519417
LINC00051	3.29819146448364	-2.59255910684409	2.95615549974763	0.0140575417023981	0.143485748031722	-2.7892317643357
CXCL1	1.88535293053695	-1.2067695518931	2.95599107202837	0.0140615386289525	0.143485748031722	-2.85596918852435
TP53BP1	1.16266528074551	7.24889319985616	2.95583506321078	0.0140653319712872	0.143485748031722	-3.55912083066407
DOHH	-1.61577783669781	2.86365789070403	-2.9556400194388	0.0140700759023673	0.143485748031722	-3.18835578339159
MS4A15	-2.5154766433847	-3.0491648325064	-2.9554856580383	0.0140738314887611	0.143485748031722	-2.77457246563828
TWF2	-1.26199639535652	4.70918981901808	-2.9548643033071	0.0140889592068756	0.143560487902413	-3.41053470194453
TMEM129	-1.15210538410791	5.28269456441253	-2.95442111941496	0.014099759169597	0.143560487902413	-3.46432089138732
CSGALNACT1	-1.94472313257046	-2.97671186621977	-2.95419624248392	0.0141052424066599	0.143560487902413	-2.77884300051871
NAALADL1	-1.86939648868405	0.175946091493257	-2.95398187663012	0.0141104713582091	0.143560487902413	-2.95097568626933
ENSG00000288908	-1.19866285192497	-0.316206698307518	-2.95372707049798	0.0141166893071271	0.143560487902413	-2.91711809330699
PUSL1	-1.30187080282447	4.12858688729434	-2.9537039974874	0.0141172524869889	0.143560487902413	-3.34638161159198
GPS1	-0.715777070638343	6.97579647401723	-2.95267896963462	0.0141422949360956	0.14375389831337	-3.55566410844489
USHBP1	-1.57398234586263	1.76932626304378	-2.95228757104677	0.0141518690479947	0.143789978104934	-3.08195407561636
STXBP4	0.732506607911457	3.98705946299067	2.94893527005984	0.0142341397483055	0.144521799757286	-3.33723540232207
ENSG00000308904	2.08442234475894	-2.66898135378945	2.94835409192416	0.014248451909771	0.144521799757286	-2.79841079195965
NPDC1	-1.3018509365505	4.17838110290256	-2.94830100553085	0.014249759947037	0.144521799757286	-3.36166984522963
PCAT7	0.903720860254045	3.37278210370272	2.94805346290079	0.0142558609482072	0.144521799757286	-3.26193850230349
LDHA	-3.09393470659801	8.42669008945275	-2.94803409831555	0.0142563383243376	0.144521799757286	-3.60455805290731
RIPK4	-1.30101338443661	2.70020863236186	-2.94770297395683	0.014264503711552	0.144521799757286	-3.1833395793131
PALM2AKAP2	0.556180447803537	6.93514522402852	2.94763087275389	0.0142662823240527	0.144521799757286	-3.56295905969396
NACC1	-1.05427084243806	7.67435821107878	-2.94735664259662	0.0142730491594651	0.144529004789544	-3.58634145187093
PMEL	-1.75952601900563	6.20756570017327	-2.94671043736212	0.0142890076036919	0.144629238539998	-3.5353735242351
ENSG00000279483	-1.11869780115306	2.38535241338695	-2.945163993676	0.0143272713273371	0.144955059249494	-3.15385956882495
GABPB2	0.808109382626813	2.29769810348439	2.94422900282284	0.0143504561089098	0.145079952042708	-3.14642246156081
DVL1	-1.26377952618606	5.35520801151712	-2.94417594041135	0.0143517730243782	0.145079952042708	-3.4875910222206
BEST4	-1.16940042422126	0.442598542003981	-2.94275927795512	0.0143869773218374	0.145374253912063	-2.98869350362463
MMP14	-0.786382559828764	6.12845569240055	-2.94227651587907	0.0143989939832091	0.145398263461212	-3.53916811938731
MBNL3	1.34136988106923	4.2875606456521	2.94217438505286	0.0144015374710816	0.145398263461212	-3.38512897715362
PCLO	1.25948833170217	3.06176198335816	2.9412065233627	0.0144256638747418	0.145507306378882	-3.23582110840062
ENSG00000304385	-5.35201736014274	-0.591873220786928	-2.94115969226316	0.0144268322947807	0.145507306378882	-2.9187370234943
PDE1A	1.60930309743085	-2.18375098448699	2.94100759136785	0.0144306278207908	0.145507306378882	-2.82929485020936
DONSON	-0.608909155159038	4.89281852351546	-2.94064557577659	0.0144396656213385	0.145536950753584	-3.45341071696582
HEMK1	-0.949499774167787	3.49963484595928	-2.93866957793903	0.0144890978451233	0.145973532405892	-3.2936678942509
H3C6	1.2172851807856	-0.331652115738887	2.93711411876489	0.0145281300823351	0.146246089517562	-2.9429573158617
GPAM	0.841868011248564	5.56590114770161	2.93704663163022	0.0145298259893936	0.146246089517562	-3.51520313778464
CNN2	-0.888937852549644	8.69774354776212	-2.93685931995248	0.0145345340568843	0.146246089517562	-3.63005151768458
SLC12A9	-1.314606291413	4.69299296210334	-2.93598431457355	0.0145565477052852	0.146405867712617	-3.44115389641837
MUC20	1.53188313803059	-2.2255989835616	2.93562367049211	0.0145656307056909	0.146435513080339	-2.83584649337171
TBL3	-0.976991795828232	5.71660473599507	-2.93463383521479	0.0145905896580994	0.146547037925102	-3.52922814072483
COX7B	0.867699407073014	6.06682337297231	2.93448035111265	0.0145944636699707	0.146547037925102	-3.5494459277739
RASGRF2	-2.39370341779481	2.06544677517715	-2.93445338931943	0.0145951443058603	0.146547037925102	-3.13967470230232
PCDHB13	-1.80138433911476	-0.0927892745976722	-2.9337838324328	0.0146120572056842	0.146655159515586	-2.96488440332744
SERTM1	2.02770092537057	1.02824119306243	2.93333632457259	0.0146233722287375	0.146707030257788	-3.0495784821592
PABIR2	0.537492964392307	5.84001805350276	2.93307222407236	0.0146300540401526	0.146712394864001	-3.53941830750993
AK8	-1.12106890446267	-0.691830269997013	-2.93273042340239	0.0146387062686808	0.146737506306007	-2.92561697610515
OSR1	1.66577169538696	-2.43411532389028	2.93201210198325	0.0146569064815005	0.146858264900912	-2.83269462065832
PLOD3	-0.699322378152128	5.46224443013009	-2.93152338216269	0.014669302320437	0.146872435621374	-3.51734879839666
ENSG00000274090	-5.61429059250842	4.9871968354569	-2.9313279453983	0.0146742623242357	0.146872435621374	-3.47829942546494
IL9RP3	-3.03031960292987	-2.28942564164902	-2.93122868445176	0.0146767821241453	0.146872435621374	-2.83992642119491
PIGZ	1.19344461243131	-0.437377959361461	2.93081695095195	0.0146872389020914	0.146907920682499	-2.9458943570302
SLC25A44	0.895876356610309	5.68936103250379	2.93023007073412	0.0147021568930946	0.146907920682499	-3.53506429500972
MMGT1	0.905899706001897	5.9328938941998	2.93015590103723	0.0147040433129406	0.146907920682499	-3.54974830777937
ENSG00000301812	1.32470950343043	-1.3476189984662	2.93012028713216	0.0147049491980765	0.146907920682499	-2.88887758026311
ZNF850	-0.690333119598231	3.47140273861413	-2.92981068712627	0.0147128266466938	0.146925118651314	-3.30517909798996
CCDC169	-1.78916966234841	2.14211866974196	-2.92935545816161	0.0147244172198541	0.146929359783546	-3.15573557727824
CKS1BP7	1.15444194356005	3.47661266729936	2.92931044930227	0.0147255636905452	0.146929359783546	-3.30667907535451
STAT5A	-1.00785226366282	3.00459871246843	-2.9286214191673	0.0147431260109801	0.147043120979549	-3.25032460307697
GOLGA6D	-1.43274254120854	-1.62404909235955	-2.92807768538478	0.0147569998945262	0.147078329042534	-2.87677509597408
LINC00482	-2.26860612594085	-3.58262455366354	-2.92796771519113	0.0147598074923556	0.147078329042534	-2.80108689545973
ENSG00000299322	1.47040697847651	0.515115109728906	2.92775877431175	0.0147651433521562	0.147078329042534	-3.01869781816513
FERRY3	0.619750513417181	4.20712700469653	2.92723241979784	0.0147785938551601	0.147116521304266	-3.40107977473138
EIF1AX	0.730659609705223	7.97230736292313	2.92706991630041	0.0147827489831782	0.147116521304266	-3.62937419221506
SH3YL1	-1.03731055322686	4.14320917576455	-2.92688535685012	0.0147874695021969	0.147116521304266	-3.3939162471864
CKMT1A	0.988555478142922	2.83711845381014	2.92626410549561	0.0148033705874268	0.147124200471241	-3.23486893383598
ENSG00000300987	2.11631720523833	-2.76464085371456	2.92619146323874	0.0148052310124189	0.147124200471241	-2.82897710887312
ATP5MJ	0.852201416639124	5.4802393015786	2.9261327692662	0.0148067343835388	0.147124200471241	-3.52788828081157
ZNF841	-1.13157604974576	2.46745542217449	-2.92566406207522	0.0148187452560004	0.147182269257163	-3.19520368514018
FGF21	-2.7471248840892	-1.21177467664355	-2.9243758819528	0.014851806303011	0.147449276636425	-2.90597886274085
PCDHGC3	1.10635692409426	4.76601672030274	2.92368267305346	0.0148696282963633	0.147564830997631	-3.46976081026394
ZNF414	-0.813597785013653	3.40334432457396	-2.92308025295645	0.014885133713177	0.147600430746377	-3.30806784768653
MST1R	-1.34772134348908	1.52209913396833	-2.92306276212391	0.0148855841457464	0.147600430746377	-3.10838135947018
NSMCE1	-0.626463772526769	4.28932025180972	-2.92247870468697	0.0149006329931129	0.147688292212054	-3.41896267057509
SENP7	0.712661050906784	3.77745455216964	2.92133943654525	0.0149300316759482	0.147918250730533	-3.35799992103267
HSD17B11	0.887267269727801	4.45783472236715	2.92101134686147	0.0149385088565922	0.147940826091405	-3.44095935264722
RHBDL1	-1.56982448032598	0.698831584982496	-2.91978433530395	0.0149702555058213	0.148113539616731	-3.0458105011388
HSD17B7P2	1.57431517939011	1.77724577335668	2.91966775412307	0.0149732753714019	0.148113539616731	-3.13705235630921
MGAM	1.9503234373894	-2.84906235633906	2.91906935092412	0.0149887858242571	0.148113539616731	-2.83687165490698
LINC00605	-1.46342283464442	0.242623331091886	-2.91866289733665	0.0149993302500824	0.148113539616731	-3.01343788430443
ZNF81	0.786459028653476	3.73033387750385	2.91854805165311	0.0150023109929348	0.148113539616731	-3.35679638557374
ARMH4	-0.931018578656186	3.84088897176516	-2.91851566007613	0.0150031518028251	0.148113539616731	-3.37082051437526
ENSG00000304258	1.99738381602456	-2.30007723830486	2.91848169652942	0.0150040334685172	0.148113539616731	-2.8592622874342
EPS8L2	-1.0073426941285	4.34956023418642	-2.9184140541506	0.0150057895648817	0.148113539616731	-3.43302522359419
PPIA	0.579995120370315	9.37084047155882	2.91818256603938	0.0150118009105825	0.148113539616731	-3.67637314910156
KCNH1-IT1	-1.8750731208699	-4.06404859933355	-2.91792511215487	0.0150184894000089	0.148118300210749	-2.80528927965035
SCTR	-2.65631839995464	-3.16608096536705	-2.91674592594132	0.0150491624062372	0.148359503985817	-2.82983840945304
PTPRD	0.688584674633296	6.27237738609517	2.91609629862542	0.0150660875470418	0.148395385072622	-3.59105074613646
RAPGEF3	-1.1360715352252	1.75413206210249	-2.91592905646956	0.0150704479214253	0.148395385072622	-3.14114737000791
ABCA7	-0.992576448248831	3.90421472829402	-2.91589044185084	0.0150714548714139	0.148395385072622	-3.38317082972108
GTPBP6	-1.06887840766977	4.96181217190529	-2.91521292769601	0.0150891334091827	0.148439848640833	-3.50352514144913
NBAT1	-2.03579802901347	-1.20016511773814	-2.91517709709109	0.0150900689286213	0.148439848640833	-2.92131403711567
VAMP2	0.807036165963731	4.28026424039737	2.91480527233772	0.015099780548961	0.148439848640833	-3.43098719527081
RAP1GDS1	0.517832057606872	5.47734173059363	2.91454191698811	0.0151066628965342	0.148439848640833	-3.54757184063641
SPTB	-1.45302452274315	1.24296955198648	-2.914526418715	0.0151070680164488	0.148439848640833	-3.09845441718063
TIPRL	0.842879033660291	6.07615860208676	2.91322880424283	0.0151410261957063	0.148604120131856	-3.58645304477696
SMAP2	0.766409332116169	4.14489628373494	2.91312801296273	0.0151436670977113	0.148604120131856	-3.41758123758398
AFF3	1.24664096003134	2.08322945603558	2.91291731372097	0.015149189277093	0.148604120131856	-3.17742385691107
CHFR	-0.77500689480928	5.4352736828228	-2.91271076529058	0.015154604642673	0.148604120131856	-3.54767311768257
KRT8P33	-1.21942314150205	-0.0677829679658117	-2.9126988149634	0.0151549180207373	0.148604120131856	-3.00090713112572
GPR37	-1.40267050351568	2.32936504958275	-2.91223392055928	0.0151671142080914	0.148662634416639	-3.20331780133958
ADAMTS9-AS2	2.0072276084698	-1.31327982466293	2.91050759336901	0.015212490036129	0.149025849190035	-2.92200388420221
CBFB	0.683885309611685	5.40411014051302	2.90991474198383	0.0152281045047187	0.149025849190035	-3.55014007329081
GPATCH11	0.708864764273326	3.26952911346994	2.9097603161069	0.0152321744164523	0.149025849190035	-3.31409828874477
SRD5A3	0.789017493171881	3.55220295001636	2.90958143338043	0.0152368902644338	0.149025849190035	-3.34958812111816
COPE	-1.13074250023268	5.73217705099251	-2.90942618894019	0.0152409841361819	0.149025849190035	-3.57350658653635
ENSG00000289021	-1.04616989633166	0.436844019794227	-2.90929680184164	0.015244396985826	0.149025849190035	-3.04307915945154
TRIB3	-1.25824793787503	4.59674375979385	-2.90883167733542	0.0152566719717354	0.149025849190035	-3.47722473185164
POGK	0.683215695917729	6.47217091358105	2.90870094239052	0.0152601239619424	0.149025849190035	-3.61250142626812
NPRL3	-0.664317758509478	5.48882461218622	-2.90861442991137	0.0152624087138956	0.149025849190035	-3.55856453888955
FOXH1	-0.727369942679316	6.07084938028756	-2.90845534935053	0.0152666108547214	0.149025849190035	-3.59437958522984
ENSG00000288852	-1.02473078837939	1.77222157527811	-2.90785667953804	0.0152824352961125	0.149119330830874	-3.1562669609855
AKT3	1.12862938169749	5.32392082617391	2.90660772198591	0.015315501917413	0.149347863959577	-3.54960351230109
ENSG00000289399	1.63357485170944	4.97592668208732	2.90649946611574	0.0153183714322305	0.149347863959577	-3.51977769122107
ATG101	-0.613211342294182	5.18598821163805	-2.90472474839408	0.0153654909563779	0.149746089283736	-3.54155679411061
PEPD	-0.59330535593361	6.39836295128306	-2.90406967515915	0.0153829203861069	0.14985475953274	-3.61732752965922
BARD1	0.623617644719423	5.41255877559868	2.90360522850533	0.0153952899355609	0.149868699219996	-3.56159582647303
ZNF33A	0.563813655217743	5.87496130195058	2.90354442766695	0.0153969099797809	0.149868699219996	-3.59216698021273
IL22RA1	-2.01308752379787	-1.72910307318384	-2.90223987956596	0.0154317112801352	0.150049954674879	-2.91190544232822
UQCRB	0.943485835203	7.08288731282411	2.90211890929676	0.0154349424123279	0.150049954674879	-3.6462673846847
SLC4A8	0.706518784249531	4.80913641637728	2.90192038905949	0.0154402463946608	0.150049954674879	-3.51138138882338
ENSG00000240086	0.922973036716094	2.43643394224244	2.90140604564028	0.0154539969714066	0.150049954674879	-3.23264276737018
XRCC3	-0.908739841559141	5.13655304796115	-2.90122655579571	0.0154587984036488	0.150049954674879	-3.54330741094463
GDA	-3.6354272743835	-1.93693801189306	-2.90119680405935	0.0154595944211467	0.150049954674879	-2.90294342000909
ZFHX2	1.04392012031775	5.04393068943835	2.90108537000215	0.0154625762437328	0.150049954674879	-3.53537074359361
ENSG00000272588	1.86078260177983	-4.12835409393504	2.90096391736012	0.0154658268110865	0.150049954674879	-2.82914293227842
FAM177B	2.39062599095588	-2.49573292045609	2.89970877361111	0.015499459993187	0.150311106681617	-2.88013863274436
ZMYND15	-1.48624529925279	-1.162616612261	-2.89948963026107	0.0155053397850648	0.150311106681617	-2.94857367703275
ENSG00000245008	-1.9792332160846	-3.21958079106465	-2.89925178499806	0.0155117239119995	0.15031194259346	-2.85472019071948
ENSG00000300693	-1.57855140821179	-1.30346376544856	-2.89830049854039	0.0155372844172013	0.150498525643402	-2.94196602529964
GPATCH2	0.610133929961899	4.81199083569441	2.89784503807707	0.0155495374152945	0.150546668506401	-3.51864041936652
DCUN1D4	0.483174613041781	6.01764364924442	2.89729644618483	0.015564308824082	0.150546668506401	-3.61077341513334
MED22	-0.937449983012422	5.94569137295485	-2.89710461553879	0.0155694774053741	0.150546668506401	-3.60723339769614
CD79B	-1.51277981969768	0.133156143949401	-2.89695183947838	0.0155735949600701	0.150546668506401	-3.04092013564315
ENSG00000286819	-1.65588677934698	-2.25364443358272	-2.89674305604338	0.0155792237786054	0.150546668506401	-2.89506588589727
ENSG00000259937	1.48914860616901	-2.46421864890728	2.89671052411309	0.0155801010269749	0.150546668506401	-2.88607218846259
VWC2	1.87932836790647	1.96523363677269	2.89644498865195	0.0155872632579538	0.150554921965837	-3.19349668332855
EPN1	-1.01419787295482	7.16349449382225	-2.89566640560978	0.0156082829711825	0.150641287678373	-3.6599963111343
MAPK4	0.670520704643066	3.97271092023611	2.8956234185328	0.0156094443431411	0.150641287678373	-3.42624012168979
CDC42BPG	-1.19373088521685	3.55163579385402	-2.89541264696392	0.0156151399721915	0.150641287678373	-3.37355495808585
FLVCR1	1.53218327805064	6.27644256235469	2.89444903925406	0.0156412060324003	0.150815167879781	-3.62843795394482
DACT1	-1.61274161572526	3.35054750124131	-2.89427930503264	0.0156458019721933	0.150815167879781	-3.35029793062673
RAB11FIP4	-0.859462394188999	6.17937570155052	-2.89397881901482	0.0156539416558422	0.150832711142506	-3.62465803156188
KCNT1	-2.58432003865331	-2.99940000181135	-2.89341439465061	0.0156692425582897	0.150919213938136	-2.87084271793417
ESYT1	-0.640436979048582	7.32423444562429	-2.89295499742037	0.0156817074338114	0.150978342607009	-3.66971564742701
BUB1	-0.463075804616158	7.87689958931254	-2.89239515128255	0.0156969113269246	0.151015654827378	-3.68655577323164
PPP1R18	0.582972452345874	5.72788727759716	2.89234633611184	0.0156982377184701	0.151015654827378	-3.60254869318958
PGAM5	-0.761958503529995	6.24445000208767	-2.89138251710672	0.0157244494972146	0.151162816356843	-3.63220992420547
SNX27	0.588218933156279	6.42083767370335	2.89131811939951	0.0157262024139625	0.151162816356843	-3.64020351827438
PDE4DIPP6	2.38227803234563	-0.450784532724225	2.89083916935202	0.015739245704474	0.151221487629121	-3.00953641380299
DHDH	-1.76480328075112	-0.366164335531627	-2.8906287954223	0.0157449782862683	0.151221487629121	-3.01577194855601
LINC02982	-1.95968055788698	-2.92150160657802	-2.89034808607524	0.0157526307528567	0.151234126379095	-2.87825412875934
IRX1	2.14022670679759	3.97851474104721	2.88979183459889	0.015767805908031	0.151312850103833	-3.43689518993279
RPLP0	-0.5553443248671	10.5246768572537	-2.88958287632968	0.0157735103305122	0.151312850103833	-3.74620849583254
LYZ	1.58995089871028	-2.87158555203762	2.88877103928214	0.0157956927086129	0.151464764112681	-2.88246146787368
SLCO5A1-AS1	1.06212078414047	-0.144975815648605	2.88718386387367	0.0158391511291459	0.151797200121259	-3.03688964342112
HOOK2	-1.04870821851471	4.3500818553813	-2.88704053772028	0.015843081472412	0.151797200121259	-3.486631274009
PHACTR4	0.505638757840031	6.33191899754821	2.88556860516322	0.0158835023286419	0.152123414958948	-3.64621437723125
NACAD	-1.53606520471901	2.66099676669476	-2.88517713235668	0.0158942700943856	0.152165481084116	-3.28421963487992
VCF2	0.900378110924588	3.99304125317876	2.88450773283875	0.0159126995127996	0.152280833709698	-3.44770664837042
ISM2	-1.45920673921681	-0.436668810985609	-2.88419429870913	0.0159213361589373	0.152302416875894	-3.02124682656372
SOX10	-1.36131230629438	1.67643109061757	-2.88337619750265	0.0159439011361967	0.152457166833977	-3.18821364495816
STAU2	0.612168127773996	6.45715765491427	2.88274525016428	0.0159613260374231	0.15253700918479	-3.65647674113235
PDZD11	0.950694976260658	5.02840088341398	2.88261110283259	0.0159650332653289	0.15253700918479	-3.56556536875745
ENSG00000272916	-2.34107862634938	-3.45740534741268	-2.88220835151934	0.0159761687150499	0.152582320417005	-2.873333672412
FZD5	-1.6459202828962	5.9128396572781	-2.88089012462126	0.0160126704468537	0.152863049220225	-3.63323052176133
ISG15	-0.885935232969894	2.92004941781737	-2.8806844894863	0.0160183720660235	0.152863049220225	-3.32129381229621
VASP	-0.89374211976725	6.91254458976603	-2.87969199681034	0.0160459195811658	0.15296109116161	-3.67905894189198
DGKK	-1.49850177731848	3.50372939366974	-2.8795807100439	0.0160490114210875	0.15296109116161	-3.39439525112494
ENSG00000288728	-1.8272727140895	-2.35999673580072	-2.879487595119	0.0160515988608952	0.15296109116161	-2.91717266697533
ENSG00000287757	1.52182811144501	-2.37751786985572	2.87933717016909	0.0160557796970841	0.15296109116161	-2.91664534639266
SRGAP2	0.855957074765928	6.31075408819664	2.87885610850871	0.0160691574572281	0.15296109116161	-3.65679189964698
EXT2	-0.527650001822118	6.3121003446897	-2.87857533855848	0.0160769705332974	0.15296109116161	-3.65733554556558
ECSIT	-0.666194971328016	5.09967460689556	-2.87851046137123	0.0160787764364439	0.15296109116161	-3.57901444132318
MECR	-0.677598408868815	4.70932207032941	-2.87841250595146	0.0160815034835134	0.15296109116161	-3.54133554362697
NHSL3	-0.950963582504703	5.985416195591	-2.8782393281008	0.0160863258396799	0.15296109116161	-3.64178317562379
ENSG00000284874	1.86772965625726	-2.04337445694127	2.87631241662849	0.0161400815887936	0.153381907789835	-2.93666429959416
FHDC1	-0.910126313022594	4.54273643083493	-2.876146910934	0.0161447071984269	0.153381907789835	-3.52717298947618
ZFP42	-7.79636044648397	3.81744521993642	-2.87596255998843	0.016149861074951	0.153381907789835	-3.44021599876334
MATCAP2	-2.04680005497007	-0.808744139704283	-2.8756748555519	0.0161579077065355	0.15339728847728	-3.00942005368243
BOP1	-1.17202754605581	6.21185222324935	-2.875314702901	0.016167986295224	0.153431939923702	-3.65826972120074
SLC4A11	-0.855832012906747	4.15490411214847	-2.87502801505126	0.0161760135592466	0.153447104776844	-3.48373769979318
GJC3	-2.49491154121399	-0.237344688610698	-2.87328511313156	0.0162249013685207	0.153849710354582	-3.05289047969016
PDLIM1	-1.93388887245417	6.48617159609779	-2.87244135960285	0.0162486218444055	0.154013446211448	-3.67538890169394
TDRD12	-1.86085390283077	0.477910488528346	-2.87212134468694	0.0162576275763189	0.154037632935293	-3.10706063311304
SCRN1	-0.982698189422259	7.21902437759405	-2.87147887845125	0.0162757227960289	0.154108974065148	-3.7033553238434
ANGPTL2	0.99262628727389	4.40913150130009	2.87139555428671	0.0162780711282624	0.154108974065148	-3.52012741698139
LINC01637	-1.87514323814815	-3.04755931599665	-2.87065996530141	0.0162988171172898	0.154241842305412	-2.90387978433615
ENSG00000297836	-6.27320822379549	3.03295988645525	-2.87023418665155	0.0163108376268474	0.154241842305412	-3.35224471244492
TNIP2	-0.80001876492842	4.78193811691593	-2.87021097204741	0.0163114932743478	0.154241842305412	-3.56283829056565
BCR	-0.708816387286773	7.27390592574404	-2.86866363686078	0.0163552544302383	0.154594399004553	-3.7099172816458
LEMD1	1.47927001052782	2.2835614257137	2.86792961146364	0.0163760552193901	0.154729734727309	-3.2728165920086
CDK6-AS1	1.42389368399281	-1.75853424186302	2.86765673262651	0.0163837948471761	0.154730124542659	-2.96473081593327
PCNX2	0.68581709545474	6.82557437381306	2.86736761670468	0.0163919990269394	0.154730124542659	-3.69716190125025
GNA15	-1.56145340342068	-1.12720913020018	-2.86724268309247	0.0163955455217826	0.154730124542659	-3.00214983336419
UBN2	0.56172166782641	5.2469439743178	2.86634792186004	0.0164209677485504	0.154782626779315	-3.6124258641631
ENSG00000291112	-0.969595917791863	2.08531787127959	-2.8662624440904	0.0164233984463229	0.154782626779315	-3.25560170385571
PCDHB3	-1.38426605114811	0.0944172693705339	-2.86616882622517	0.0164260610367756	0.154782626779315	-3.08825799756849
SCG5	-1.36559141643487	-0.0984807715437165	-2.86580765890663	0.0164363370911836	0.154782626779315	-3.07489785581797
DDAH2	-0.98312700244916	5.61568224549249	-2.86569177137719	0.0164396357347541	0.154782626779315	-3.6410080560819
RBM38-AS1	-1.48367577169064	-3.01013847262178	-2.865678270668	0.0164400200647573	0.154782626779315	-2.91278836705398
FAM13C	1.12965251563434	1.22625443431898	2.86474910965117	0.0164664926208272	0.154970733194512	-3.17940115184114
ENSG00000279072	1.50881925906028	-2.38065283932354	2.86392979650552	0.0164898711524042	0.155027678432283	-2.94038573591523
PAGR1	-1.11094753299421	4.04183869504075	-2.86374499661726	0.0164951489092861	0.155027678432283	-3.48905290640365
HMX1	2.94773939995813	0.353557801503713	2.86348816517613	0.0165024866637433	0.155027678432283	-3.11178902963848
NREP	1.12015923504232	8.89628835959518	2.8633941832286	0.016505172579117	0.155027678432283	-3.76096026886459
PRKD2	-0.645847829409687	5.51363451955057	-2.86319740104302	0.0165107978548872	0.155027678432283	-3.63820853465989
ELL3	-3.12566780859954	-1.88702034026036	-2.86317227481786	0.0165115162598929	0.155027678432283	-2.96503422998498
ARHGAP24	1.4684105900634	0.684032882754203	2.86292213200776	0.0165186700206337	0.155033856619137	-3.13808483951535
SCRN2	-1.34680612046046	4.15929880172657	-2.86266728905921	0.0165259614103498	0.155041321140259	-3.50532928500607
IL20RB	-1.71174872584375	1.53422927272591	-2.86230539485862	0.0165363212480757	0.155077555688732	-3.21035715762179
ENSG00000309487	-2.22377746388849	-3.54060435069746	-2.86174623049631	0.016552341145775	0.155166820945095	-2.90175347716959
AGRN	-1.5943606392569	7.13253166280785	-2.86109772264568	0.0165709402906902	0.155280185283825	-3.7184154722313
CHAMP1	0.650698445857098	6.20320302229695	2.86066701375642	0.0165833046146002	0.155335059355048	-3.68299536210096
LRRTM3	2.41659933736895	-0.147331675288284	2.85940724966219	0.0166195219237176	0.155512227234422	-3.08178872682214
ENSG00000275910	1.87642958617067	-3.71379589993126	2.85937370076181	0.0166204875187942	0.155512227234422	-2.9005366169791
RNF115	0.634908458284814	5.50356091820343	2.85932928016414	0.0166217661069683	0.155512227234422	-3.644119214936
RHEBL1	-0.910804737878591	2.60211863013923	-2.85804112245404	0.0166588871487161	0.155798455947652	-3.32330842836339
FBXW9	-1.2500522553976	3.39324614650178	-2.85779276534076	0.0166660536900175	0.155804427504758	-3.41738277985143
MST1P2	-2.20250546679238	-0.400754972660149	-2.85708930685211	0.0166863694000273	0.155882170205419	-3.06754568042391
BAMBI	0.792013658826099	4.26274639529532	2.85705252892791	0.0166874322233563	0.155882170205419	-3.52736584671008
PPIEL	-2.21645790102953	0.697797149354435	-2.85676461036241	0.0166957549669614	0.155898898198931	-3.14927875083493
TAFAZZIN	-0.81851414794418	4.21575079041802	-2.85608331057512	0.0167154656738031	0.156021908187978	-3.52339824484051
CTU2	-1.05695277135105	4.32071702972109	-2.85580904098812	0.0167234071909829	0.156035011503983	-3.53640564724411
STBD1	-2.338682548708	-1.15255263116486	-2.85519399358424	0.0167412297982822	0.156140262444549	-3.01973958326581
SIN3A	0.444301211788224	7.54719228504818	2.85379800527076	0.0167817532209341	0.156351594346845	-3.74371347838348
STOML1	-1.05289241403811	1.74371291790512	-2.85379483638003	0.0167818453213001	0.156351594346845	-3.24361913198865
SLC4A9	-2.68015632371942	-2.99145958943935	-2.85360574346986	0.0167873420227329	0.156351594346845	-2.93187935916418
CFAP97D1	-2.21078251744551	-3.85053149396908	-2.8535111492595	0.0167900924419057	0.156351594346845	-2.90577626143984
TMEM26	1.44733427018347	1.73146020820829	2.8531168820988	0.0168015610330411	0.15637275660676	-3.24360609833161
EPHB4	-0.79757359970682	7.21810417979727	-2.85298260734493	0.0168054686678819	0.15637275660676	-3.73510808907774
ERBIN	0.594039333388062	5.61875917997348	2.85256595079545	0.0168175999431316	0.15641889302255	-3.66370758752771
AARSD1P1	2.16297793995896	-2.67270635059848	2.8523622341096	0.0168235345200019	0.15641889302255	-2.94596414247432
NEIL2	-0.836904334846525	4.35504511051392	-2.85166288673901	0.0168439236216794	0.15654747861317	-3.54753389407619
TMED9	-0.71167151346468	6.4991070165154	-2.85137733095944	0.0168522560008554	0.156563952499967	-3.71208835983872
ENSG00000262160	-2.22747851556801	1.58553385854591	-2.85112114853212	0.0168597348115271	0.156572486671875	-3.23354726959548
MCF2L2	-1.39780473006789	1.93992976219914	-2.84956983173054	0.0169050943087742	0.156932666615135	-3.26925057241524
ENSG00000250790	1.62034367252017	-2.09069470798569	2.84806980453578	0.0169490709637077	0.157279734327687	-2.97845015088712
SLC5A5	-1.27374394448836	1.82449443809865	-2.84714863088731	0.0169761342903428	0.157469645203114	-3.26226141566769
LINC02960	-1.63757682886434	-1.87079139243728	-2.84604879595263	0.0170085035183324	0.157708606632494	-2.99271925027201
BCAT1	-0.512593881548435	8.68921598917715	-2.84521323133581	0.0170331365317104	0.157813280769979	-3.78766719795589
ENSG00000299308	1.27208715483352	1.55804893538639	2.84512484239084	0.0170357443972305	0.157813280769979	-3.24101088400394
NMU	0.727053459559511	4.29537236154254	2.8449932070997	0.0170396289665327	0.157813280769979	-3.55180653866894
CCDC106	-0.837954824107528	3.7372503680755	-2.84436805109622	0.0170580895511821	0.157922972582647	-3.48364081897027
TXNP4	1.81372501038043	-1.6287145746119	2.84309112371791	0.017095859234136	0.158151207279734	-3.01051532280627
PTPRD-AS1	1.10546541545733	0.13383348936533	2.84287411006125	0.0171022865497799	0.158151207279734	-3.12908591730553
GLB1L3	1.15080757157366	4.85681776007912	2.84286280487156	0.0171026214433735	0.158151207279734	-3.61715665412078
MSI2	0.48613898272678	6.45461821630916	2.84229539021526	0.0171194384467948	0.158245405658269	-3.72580936622532
ANKRD34A	2.41441464692769	-0.930208995409605	2.84139517693437	0.0171461530683742	0.158430985397943	-3.05620290964759
GPRC5C	-1.05717208556626	4.02476635546306	-2.83978272754563	0.0171941088356719	0.158769296696818	-3.52770290619064
LINC01310	-2.35980207332759	-3.7534342119268	-2.83959734974937	0.0171996307895954	0.158769296696818	-2.9290709112808
CDC42SE1	0.538737936784814	6.52745973844367	2.83949355109873	0.017202723478358	0.158769296696818	-3.73362301170916
NUDT22	-1.25838677932602	4.19735414133559	-2.83902915907383	0.0172165669277347	0.158819553024428	-3.55021215013041
C18orf54	0.713938788702736	5.73693176961404	2.83880160250329	0.0172233544429361	0.158819553024428	-3.69492829316519
VAV1	-2.89496103729977	-0.205170846784189	-2.83864149054239	0.0172281318464928	0.158819553024428	-3.11130677730406
L3MBTL3	0.521930829723155	4.74141180793275	2.83815071446149	0.0172427838794362	0.158874684180794	-3.61346185291441
TRPM4	-1.25020078653923	3.32595042480196	-2.83799532568855	0.0172474255965324	0.158874684180794	-3.44245971286409
MDC1	0.55358370418084	7.01485891980757	2.83767557110469	0.0172569811452563	0.158887622930261	-3.75474267328156
STEAP1	0.847594201742446	2.84196718370085	2.8370930708196	0.0172744022808209	0.158887622930261	-3.38561460309709
SH3TC2	-1.41981076920371	-2.76330180986742	-2.83695548390958	0.0172785197459156	0.158887622930261	-2.96601818106612
ENSG00000253106	1.30132925982317	-0.659966489885964	2.83658239523821	0.0172896898735077	0.158887622930261	-3.08236185824595
NLRP1	-1.57559654295172	-1.181750386427	-2.83641242022608	0.0172947812669347	0.158887622930261	-3.04778781167075
LRRC39	1.61833929654721	-2.12042271997065	2.83610619580995	0.0173039576513993	0.158887622930261	-2.99565519764672
FILIP1	-2.4468188179253	1.74555768183543	-2.83592157489093	0.0173094924068553	0.158887622930261	-3.27351643463598
HNMT	-1.00696523138917	1.09796324527364	-2.83582998156169	0.0173122389466544	0.158887622930261	-3.21631289421196
SEMA3F	-0.962613700428216	5.61486655753691	-2.83566758668124	0.0173171096367673	0.158887622930261	-3.69238906697028
ENSG00000304739	1.81403396879532	-3.82609086241998	2.83565540023012	0.0173174751991328	0.158887622930261	-2.93303943498564
XG	-1.55170712641407	0.235215814087311	-2.83550259805454	0.017322059532599	0.158887622930261	-3.14862254990135
GDPD5	-0.901224398042285	3.06672970136344	-2.8352541745536	0.0173295152797447	0.158894944749008	-3.41529061274568
GGPS1	0.781578090915184	5.18081743950079	2.83489031166049	0.017340441449863	0.158934069156636	-3.66066668472249
CLIP2	-0.644450128018867	6.12549712312004	-2.83424605813144	0.0173598042642383	0.15897291985677	-3.72451499700543
ARHGAP40	-2.30323084231962	-1.62176110383889	-2.83417761213196	0.0173618626624879	0.15897291985677	-3.02495815306457
ENSG00000234352	1.29598852234717	0.498049573134818	2.83408452181011	0.0173646625913018	0.15897291985677	-3.1708835747743
CDKL2	-1.3325849742209	0.260812549231778	-2.83332404259528	0.0173875529614355	0.159013648365815	-3.15408941864203
FLRT1	1.74795617941061	2.27726000758211	2.83319505431492	0.0173914385091325	0.159013648365815	-3.33028416071788
ENSG00000277969	1.84007948820907	-1.25299250803856	2.83316688791239	0.0173922870892181	0.159013648365815	-3.04848819862278
HLA-H	-1.57354334378649	1.45224061434388	-2.83305158365948	0.0173957613392192	0.159013648365815	-3.25155767243066
CSRNP3	0.783554285835391	3.53687658967278	2.83206920542155	0.0174253898519754	0.159148865560497	-3.47903966364078
ENSG00000290357	1.23661418386778	-0.370725974760977	2.8316588620839	0.0174377808249479	0.159148865560497	-3.11075381631682
C1orf94	0.74293527450182	4.43992948968566	2.83154416485413	0.0174412458756406	0.159148865560497	-3.59158344960306
ENSG00000298262	0.952147511094883	0.524934624788948	2.83148264881355	0.0174431045859507	0.159148865560497	-3.17722651014869
C1QTNF2	-1.28068799076604	-0.334720077144372	-2.83145650459065	0.0174438945953099	0.159148865560497	-3.11365438692404
FCHO1	-1.0928047647528	4.94977047870745	-2.8304961774822	0.0174729380958788	0.159305794352268	-3.64730078165869
TCEAL1	0.973758545866151	2.99427298808976	2.8299735851358	0.0174887634638605	0.159305794352268	-3.41550155488327
ENSG00000290556	2.08347376153398	-2.97018737713441	2.82952541739161	0.0175023465552945	0.159305794352268	-2.96942563669241
ENSG00000226398	-2.41590621726313	-3.42431770794082	-2.82914057315539	0.0175140189012832	0.159305794352268	-2.95437896718109
ERH	0.633071558004263	7.25276295979583	2.82909791429529	0.0175153132286467	0.159305794352268	-3.77721047254629
LINC01763	-2.01393426370993	-4.31392244741107	-2.8290565154614	0.0175165694170913	0.159305794352268	-2.93202922184754
SDS	-2.19355669697159	-2.70046151156487	-2.8290144586501	0.0175178456636961	0.159305794352268	-2.98074851576715
ENSG00000291234	-0.816645502684288	3.0616059395944	-2.82899726080677	0.0175183675725474	0.159305794352268	-3.42521863588674
MACROH2A2	0.562162277474039	6.74587087674043	2.82878067260526	0.017524941787715	0.159305794352268	-3.76047712713184
TSPO	-2.09504641400893	2.74912464496007	-2.82868513566642	0.0175278424590043	0.159305794352268	-3.38908095629739
LINC02641	-2.27363247861096	-2.7206135111007	-2.82575547457499	0.0176170269701147	0.160031125065883	-2.98493631380869
POLR1H	-0.611101592329754	3.8707811209437	-2.82562340262259	0.017621058225715	0.160031125065883	-3.5324142632391
SPRY2	0.949212987022527	6.42791663388897	2.8253513605284	0.0176293647378856	0.160045663065468	-3.7537281021743
GLIPR1-AS1	1.63584325966718	-0.723956819212625	2.82471367353274	0.0176488512572995	0.160064689749932	-3.0969816865283
RNF111	0.532256239460394	5.3683582777732	2.82465281174707	0.0176507122111367	0.160064689749932	-3.69343428399651
UBE2B	0.616995664373436	4.48176180225167	2.82441308537415	0.0176580441767552	0.160064689749932	-3.60851834595769
CKAP2L	0.551173213568544	5.56330913814069	2.8242504717552	0.0176630194128663	0.160064689749932	-3.70841075972619
TMEM242-DT	-2.13836470953029	-3.09188825591665	-2.82410603839367	0.0176674395977332	0.160064689749932	-2.97322787312713
ALX3	-1.55997650342575	-2.37181129949457	-2.82379013948447	0.0176771111270751	0.160064689749932	-3.00298073611506
TMEFF1	-1.65498776205241	1.16575500752417	-2.8237478500893	0.0176784062588855	0.160064689749932	-3.24199217580359
SH3BGR	-2.06715837044521	-1.27978039181492	-2.82238261004604	0.0177202686432751	0.160382878918865	-3.0639445311467
ENSG00000286875	-1.97555509907339	-4.15211350502099	-2.82057200078693	0.0177759411588409	0.160793725562932	-2.94753148491077
RPS27P4	1.97871775861464	4.47213473943044	2.82046826571634	0.0177791361193521	0.160793725562932	-3.61413745115788
CFL2	0.838791486369838	4.77830379368594	2.81974766264295	0.017801346078444	0.160933608656903	-3.64864281244329
ENSG00000287358	1.99722952849016	-3.01316549705981	2.81713764059517	0.017882024170478	0.16160176860159	-2.98672972959308
CAMK2N1	1.57520704856202	3.2961398350294	2.816706818466	0.0178953765567827	0.161661223421928	-3.47471313779859
NBPF15	1.05792975506035	4.38442045588961	2.81642485950152	0.0179041206804477	0.161679019402287	-3.61097752289517
ENSG00000298949	-1.90040597851413	-3.92426616356877	-2.81602975340414	0.0179163809527413	0.161728541678925	-2.95975445779272
MAP4K1-AS1	-1.57129285661766	-0.932629262861824	-2.81496530127188	0.0179494532537646	0.161965822611569	-3.09829195315864
DDOST	-0.699779908478477	8.3354874950624	-2.81470353763042	0.0179575955884887	0.161978055143787	-3.83182045890647
IGSF8	0.933508681825041	6.73998692295068	2.81421322150648	0.0179728571913664	0.162054470187511	-3.78523986601643
ADCK5	-1.47635421652803	1.69483328104209	-2.81350228256547	0.017995009063431	0.162142279098541	-3.30604452045987
MAPK12	-0.990260238492931	3.95623149252224	-2.81343854260315	0.0179969964519389	0.162142279098541	-3.56386191619211
ENSG00000289559	-1.24141394521216	-1.4108136133703	-2.81324679252528	0.0180029764784486	0.162142279098541	-3.0703818244383
FBXL7	0.601354570450963	4.88318042324301	2.81234030259855	0.0180312738281868	0.162205811862565	-3.67188848899706
ABCB10P1	-1.75883598346691	-1.76017427879587	-2.8123126714084	0.018032137075935	0.162205811862565	-3.05161573378862
SLFN13	-0.872052378858553	4.09010613165818	-2.81198508635493	0.0180423745832973	0.162205811862565	-3.58299250677732
ENSG00000224661	2.02964627946058	-2.59915824225948	2.81138029458151	0.0180612905479762	0.162205811862565	-3.01212897973062
ENSG00000291186	0.562703913898166	4.55613057834788	2.81120559245572	0.0180667583835864	0.162205811862565	-3.63941547035554
TRMT1L	0.56426071706649	5.82402266232494	2.811016101862	0.01807269094966	0.162205811862565	-3.74782052194976
RCOR2	-0.895049247542405	6.36006131088465	-2.8107501693673	0.0180810200575643	0.162205811862565	-3.77580301848114
NLRX1	-0.830584430970166	4.83330239242035	-2.8106836535011	0.0180831039629345	0.162205811862565	-3.66970785138076
STRN4	-0.549467029754623	7.41804895148127	-2.81065445816823	0.0180840187127963	0.162205811862565	-3.81394849908328
PROB1	-1.41878540318283	1.75511259337692	-2.81061832508694	0.0180851509009681	0.162205811862565	-3.31647221585031
CFAP47	2.34245696331046	-2.02306120399698	2.81054482590309	0.0180874541323689	0.162205811862565	-3.04039892485347
ENSG00000303677	-1.93016643448961	-1.95003013831573	-2.81029025051309	0.0180954339963311	0.162205811862565	-3.04456657280357
ENSG00000288885	-2.56963686612352	-2.08300357430362	-2.81010241861096	0.0181013240011651	0.162205811862565	-3.03805385403017
C1orf127	-2.94096333812119	-2.73417619337247	-2.80996976529318	0.0181054848846059	0.162205811862565	-3.00863304396775
CCNT2	0.47850438639787	6.29920034980324	2.80976293973674	0.0181119742160194	0.162205811862565	-3.77476890819837
KPNA1	0.61038287607726	6.42285915518038	2.8087368889375	0.0181442020168501	0.162296278696661	-3.78198325042228
NKILA	-1.39352752298979	0.866868615230519	-2.80873396234102	0.0181442940222927	0.162296278696661	-3.24176093062388
PPP6R1	-0.899161908364678	6.48238904128727	-2.80865939622809	0.0181466383669875	0.162296278696661	-3.78464223889067
NNT	0.530983890194053	5.19090368443379	2.80854583014233	0.0181502094482087	0.162296278696661	-3.70655761148981
PGAP1	0.685843323693664	6.03621741527253	2.80823778617389	0.0181598994339171	0.162296278696661	-3.76447580852457
ENSG00000272473	-2.20061366344845	-3.5938211867391	-2.80814319595184	0.0181628759541953	0.162296278696661	-2.9807650556904
FAM78B	0.965287472000221	2.0156917592088	2.80667401949733	0.0182091702729777	0.162619105271471	-3.34814422485809
PROK2	-2.07618588957981	-1.26681934819315	-2.80623914819672	0.0182228959565722	0.162619105271471	-3.09038222182056
ACY1	-2.22178992001218	-0.959859704031311	-2.80595475951508	0.0182318776321098	0.162619105271471	-3.11084375920996
OLIG1	2.03830467901095	0.423560103415447	2.80577623856342	0.0182375180227868	0.162619105271471	-3.21143549573296
HYAL1	-1.22994291902608	1.87270098132598	-2.80568433541642	0.0182404223969951	0.162619105271471	-3.33585290226917
PKIB	-4.67307300214563	1.99637792931133	-2.80557257233473	0.018243955021886	0.162619105271471	-3.34807682076712
SLC35D1	0.63902152002171	3.3130541459342	2.80548577646707	0.0182466989532408	0.162619105271471	-3.4957661230932
SYNJ1	0.799257583280838	2.60427785749816	2.80498888936295	0.0182624153328118	0.162698419838827	-3.41256424157419
MGAT4B	-0.813062921249921	6.18958168929563	-2.80437764474247	0.0182817674551897	0.162711965036544	-3.77882381205948
MARCKS	0.73762432877415	7.85983339362303	2.80428255530247	0.0182847798558847	0.162711965036544	-3.83750877719926
PIP5K1A	0.54612039357491	7.21322560403853	2.80426823503575	0.0182852335601901	0.162711965036544	-3.81855611435655
ITGB3BP	0.568767340344468	5.06590110510007	2.80392836165159	0.0182960049762133	0.162711965036544	-3.70351077178348
ENSG00000279812	1.67518178013287	-2.50260121471568	2.80386470979165	0.0182980229671967	0.162711965036544	-3.0279316950904
CACNG4	0.768931663578911	3.89015508096122	2.80282830656032	0.0183309121150944	0.162943716741512	-3.57352044985773
GMNC	1.78798970176009	-2.45917142305378	2.80231230923789	0.0183473088684409	0.162971603655626	-3.03227221184398
PTDSS2	-0.616010090878012	5.5195727260206	-2.80229981756301	0.018347705996676	0.162971603655626	-3.74285863640939
LINC00632	1.35065175346359	2.03104874560081	2.80197618628278	0.0183579977079584	0.16298832483874	-3.35748872511625
GPR157	-0.821052169026055	2.60916881430618	-2.80181120219159	0.0183632465534576	0.16298832483874	-3.41843490370507
ENSG00000269425	1.29449693603076	-1.47163894497915	2.80052677490514	0.018404161215964	0.163141376065213	-3.08683337874648
ENSG00000297145	-2.18755891443805	-3.79371977630288	-2.80026638362171	0.018412466977894	0.163141376065213	-2.98675507971542
ENSG00000262766	1.52920494262273	-2.41758141279881	2.80004746577606	0.0184194527641216	0.163141376065213	-3.03766202927038
PRRT1B	-1.70801779756249	-1.15648061259681	-2.7996608570891	0.0184317961559157	0.163141376065213	-3.10786926541214
ENSG00000306878	-1.96020920046599	-3.82087741271026	-2.79948918139808	0.0184372799687903	0.163141376065213	-2.98716119698442
TNS4	-1.94386984515347	-0.618463084708777	-2.79889592797928	0.0184562427956471	0.163141376065213	-3.14585587897377
ZNF536	1.75555694971448	0.212413629447275	2.79880553756709	0.0184591337647801	0.163141376065213	-3.20672267132853
WDR45	-0.820024869163845	3.06592398928516	-2.79876748322234	0.0184603509981809	0.163141376065213	-3.4766660730385
CD72	-1.08225183779688	1.19386918050969	-2.79849921171035	0.0184689344090066	0.163141376065213	-3.28607103394665
SLC25A53	0.751356446227584	3.82247583807842	2.79822257616014	0.01847778962564	0.163141376065213	-3.57277907957419
ENSG00000288858	-1.63058904651841	-3.65217280719437	-2.79798587844138	0.0184853698000435	0.163141376065213	-2.99425831955003
FAM111B	0.785006702556693	5.38449234506955	2.79784053181364	0.018490026029893	0.163141376065213	-3.74053171552836
CSTF2	0.655933281929104	5.70598206842686	2.79758440550909	0.0184982339912221	0.163141376065213	-3.7634937374954
PDZD7	-1.17059027884194	0.42544960547519	-2.79754375317445	0.0184995370941494	0.163141376065213	-3.22503162924543
KCNK3	2.09703082362599	-1.22472235665365	2.79753700125097	0.0184997535347091	0.163141376065213	-3.10685903842653
ABHD4	0.703900033842087	5.87407687904194	2.79749994670692	0.0185009414053774	0.163141376065213	-3.77388711509606
ENSG00000290931	2.04905087348646	-2.41335838712193	2.79737755175889	0.0185048656078979	0.163141376065213	-3.04198695105949
ASL	-0.982555964540856	3.85427394846596	-2.7972467804294	0.0185090592956996	0.163141376065213	-3.57846668744793
SPATA2L	-1.62806050240983	2.96148330791653	-2.79720611667291	0.0185103635305902	0.163141376065213	-3.46675877058444
ENSG00000309837	1.47270168884128	-1.73075760470014	2.79658141650401	0.0185304115423773	0.163257782311524	-3.07797534501315
CKB	-0.617178944339733	7.72384757044208	-2.79607871235369	0.0185465602594721	0.163286643892818	-3.8478374113509
SBNO2	-0.754156413061063	5.07813678680147	-2.79577494195001	0.0185563253358441	0.163286643892818	-3.71852983979508
MARCHF2	-0.848444369202273	3.98595280681191	-2.79573104731341	0.0185577368101109	0.163286643892818	-3.5976776690225
CLEC17A	1.58557558290598	-2.78465126704569	2.7956279153488	0.0185610535417612	0.163286643892818	-3.02857354981393
RFX3	0.875143270105472	4.26876710932764	2.79524668628378	0.0185733190631368	0.163334342697084	-3.63326518020362
CNIH3-AS2	1.53395367004166	-0.553391400035952	2.79496308422804	0.0185824488471803	0.16335444074978	-3.15683557688731
LINC02898	-2.58438524632237	-2.80840014964577	-2.79268818120874	0.0186558462453805	0.163939279211523	-3.03210965964936
CCDC110	-1.43484538302204	0.824626808589407	-2.79200263605041	0.0186780216583665	0.164073736812747	-3.2657980290613
RNF167	-0.648863759930094	7.00098998643007	-2.79177059249114	0.0186855335910868	0.164079334149547	-3.83299081817889
CCND3	-0.777031163032423	4.61819749993128	-2.79103943330257	0.0187092232006094	0.164135359003447	-3.68056582061615
CORO2A	-0.913767815700685	6.24006684378788	-2.7909406812153	0.0187124250849018	0.164135359003447	-3.80423442499941
VAMP5	-1.05543366745726	-0.219966137334077	-2.79086727372877	0.0187148055659007	0.164135359003447	-3.18757804981591
ENSG00000229509	1.67825295428276	-2.17601462067359	2.79072493928857	0.0187194220977661	0.164135359003447	-3.06360604748022
XYLT2	-0.875999933360846	5.24602952995722	-2.79037664410288	0.0187307236630826	0.164174139429597	-3.74225033607896
ENSG00000308608	1.66634528350108	-0.983341703422502	2.78984467377708	0.0187479983809768	0.164176186329535	-3.1349718258333
GLYCTK	-1.13067625599985	1.78581492106074	-2.78959878968062	0.0187559883983679	0.164176186329535	-3.35429904898701
KRT80	-2.55884020497405	-3.66733049588622	-2.78957812512749	0.018756660049815	0.164176186329535	-3.0064103853632
CNIH4	0.81766666449251	6.46438332571939	2.78948464899696	0.0187596985674792	0.164176186329535	-3.8167239872309
MGST3	0.943957027459982	6.23087907156964	2.78911714629186	0.0187716493312125	0.164176186329535	-3.80692065634741
CNTN1	0.815019325249871	4.70209463993246	2.78909929707662	0.0187722299615914	0.164176186329535	-3.69297141201796
PCDH15	2.40063231061327	0.0531354248747396	2.78822535424731	0.0188006811519318	0.164364782803354	-3.2119951635051
CCDC60	1.5417370401643	-2.01175328923025	2.78703080188834	0.0188396397839369	0.164585316416458	-3.07770277586671
PPDPF	-1.11705080053073	6.371920467879	-2.78691995254941	0.0188432590827018	0.164585316416458	-3.8171311543855
SULF1	1.8994801929102	4.91119021375371	2.78681781814158	0.0188465944511744	0.164585316416458	-3.71816516493527
ENSG00000249679	-1.8980257725518	-0.342343307409052	-2.78636759483577	0.0188613043024006	0.164607168762753	-3.18594036919746
ARHGEF16	-1.24311808383225	4.03107651187072	-2.78608647023333	0.018870495144101	0.164607168762753	-3.61966857781214
CYP2T1P	-1.80536825440435	-0.506534671545916	-2.78608065350534	0.0188706853585575	0.164607168762753	-3.17449688473415
DNAH10OS	1.41101889704644	0.380089272565861	2.78581662949483	0.0188793213076266	0.164607168762753	-3.24067834477931
PAK2	0.677203442936699	7.03752993646652	2.78568644351065	0.0188835810144726	0.164607168762753	-3.84464783201311
SYT13	-0.816849320927616	4.90953834265297	-2.78489100052144	0.0189096289939573	0.164774047170055	-3.72128863279488
ENSG00000298502	1.51914354454442	-1.48948156322535	2.78459403936217	0.0189193626731325	0.164798696686005	-3.11093094814681
MFSD12	-1.11889292505342	5.25926648026776	-2.78434263881183	0.0189276069130852	0.164810359064066	-3.75364385442768
EIF4ENIF1	0.51381636105843	5.23787539784444	2.7837549180476	0.0189468942486943	0.164918134585553	-3.75287423933202
TMPRSS2	-1.43746502666829	2.93094439349255	-2.78296254546031	0.0189729288939271	0.164966513656327	-3.48706952919111
SPNS2	-1.74034136112395	0.834129852664713	-2.78260082183294	0.0189848258195286	0.164966513656327	-3.28201292830811
NR1H2	-1.25151731579787	4.79584844014859	-2.78259591220617	0.0189849873463853	0.164966513656327	-3.71378477318603
TAB2	0.595039514473963	7.04414467052524	2.78241053117619	0.0189910873963077	0.164966513656327	-3.85047857058785
LSR	-0.728294431759083	6.90127608800475	-2.78230517217942	0.0189945551598402	0.164966513656327	-3.84574632763175
CDC27	0.540311564630363	6.64501121151267	2.78220346188426	0.0189979034333676	0.164966513656327	-3.83646886859995
B3GALNT1	-0.874182575187863	2.69356711726354	-2.78211440287748	0.019000835716313	0.164966513656327	-3.46093604963233
C1GALT1C1	0.753257071661512	4.50370331136571	2.78147250314002	0.0190219838072729	0.165051673857963	-3.68414380799723
EBPL	0.881139570100168	5.35481519964801	2.78134463285918	0.0190261994533024	0.165051673857963	-3.76638107920517
SULT1C2	-1.2035490943701	0.270122924731036	-2.78118720352765	0.0190313908935817	0.165051673857963	-3.23979604801639
ENSG00000285641	2.19114953759925	-3.05139900733402	2.78081298719431	0.0190437368754281	0.165092543291325	-3.04066043015981
GBA1	0.779446724625107	4.38048134768145	2.78062512571656	0.019049937747698	0.165092543291325	-3.67141951465616
TIMM8B	0.699768422686512	5.55156820728259	2.78034543264647	0.0190591735204933	0.165112629551221	-3.78264404680535
ENSG00000305404	-1.78328727360044	-3.43728723723162	-2.77822203106146	0.0191294372074694	0.165661203857283	-3.03077707007839
NADSYN1	-0.630296305074606	4.8478896512172	-2.77768863911154	0.0191471280188234	0.165754263483953	-3.72744098928331
GDF10	2.11476049718516	-0.544778724100977	2.77724987459502	0.0191616926563365	0.165820202548507	-3.18594862138184
ENSG00000278133	0.938366767687267	2.65955248937196	2.77688429314759	0.0191738364919753	0.165865152429857	-3.46585725341791
ENSG00000309328	-2.50396992349064	-3.86116297708634	-2.77639344646362	0.0191901535103313	0.165946157185173	-3.0204923689015
PKNOX2	1.62351115777199	3.31624221779888	2.77581793814473	0.0192093026367778	0.166051584944576	-3.54621411594845
LINC00680	1.32446300720903	1.83438374421043	2.77539144918992	0.0192235057405598	0.166114196781296	-3.38253630590458
ENSG00000272379	1.64205015214337	-2.61066920343893	2.77392537989283	0.0192724097238599	0.166416182670936	-3.0693259695711
TMEM105	-1.56902726256652	-3.20083114548187	-2.77390632720284	0.0192730460888981	0.166416182670936	-3.04557742777812
SNRPEP4	0.697837387871553	5.11785748518053	2.77371699766007	0.019279370892242	0.166416182670936	-3.75966958791177
SLC12A5	1.09215842439408	1.34482331006562	2.77326344595748	0.0192945308511781	0.166486828570162	-3.34092518319568
MREG	-0.864931204031102	4.09933931818701	-2.77212294378496	0.0193327049553339	0.16675593392445	-3.65180660142279
ENSG00000228204	-1.68389646292823	-1.03355009966898	-2.77096705010738	0.0193714714954446	0.166982019435415	-3.1616872971402
TATDN3	0.652303867191493	4.459793402961	2.77092424203605	0.0193729086947109	0.166982019435415	-3.69703528611192
ENSG00000294104	-2.17779308550462	-4.17519635450677	-2.77034568449642	0.0193923431477111	0.166996297658534	-3.02123557785016
ADCY2	-1.53822463781181	5.42468355499152	-2.77032796220152	0.0193929387696124	0.166996297658534	-3.79057424508521
FURIN	-0.691121546736831	5.90955692042375	-2.77025009232333	0.0193955560862051	0.166996297658534	-3.82252949478229
GABBR2	-1.3512179166922	1.19492811460848	-2.7698752984055	0.0194081583937742	0.166998619329672	-3.33337325477477
ENSG00000288075	-0.965949786461888	1.83917348793698	-2.76982590515268	0.0194098198357779	0.166998619329672	-3.39224040992029
ENSG00000306652	-1.86983746572129	-4.20104005364784	-2.76931220157189	0.0194271077496946	0.167087128166473	-3.02219125106327
RASL11A	-1.41691858624103	0.560783575720605	-2.7684391515742	0.0194565243361607	0.167186064955598	-3.28320149477381
ENSG00000262429	-2.18320893639294	-2.81349214312087	-2.76824970108275	0.0194629135828928	0.167186064955598	-3.06935226839894
SNRPCP6	2.54163694353019	-2.87817595004232	2.7681463255363	0.0194664008258005	0.167186064955598	-3.0668419217072
ENSG00000247679	1.06368500209312	-0.153219145297694	2.76813951231963	0.0194666306830187	0.167186064955598	-3.22925212948156
NIPSNAP2	0.659672601551234	6.19522356174248	2.76754878886643	0.0194865702433047	0.16729711222912	-3.84210658852977
GTF2IRD2	1.75006981782071	-1.09293809282717	2.7672660968153	0.0194961196063245	0.167318909257154	-3.16360228542445
PCDHGB4	-3.29530609618681	0.783497720983476	-2.76701687368293	0.0195045422764844	0.167331024627194	-3.30344432778738
ENSG00000256357	1.98449025251907	-3.82012159749883	2.76658565096245	0.0195191243654882	0.167395954448835	-3.036293459451
MRGPRF	-1.82069227040552	2.09805843080777	-2.76503079449819	0.0195717936769522	0.167787356209705	-3.42573292940949
ARL13B	0.653987665745611	3.86390033363089	2.76415253903568	0.0196016066837109	0.167982602053906	-3.63574240642876
RGS8	1.19998980084537	0.436393695515014	2.76391874314912	0.0196095507186746	0.167990361451043	-3.28078933334533
SLC16A6	1.71849188969119	-0.774324737647948	2.76352604804297	0.0196229011730029	0.168044414171532	-3.1915315006355
SLA2	-1.81302293132908	-2.15040097848508	-2.76330728774357	0.0196303423160897	0.168047840766899	-3.10754807671749
TP53INP1	0.746848711537375	4.19619186669534	2.76303749578888	0.0196395231976738	0.16805841724417	-3.67920525091411
ENSG00000287901	2.17185921578501	-0.878265889269706	2.76264697135561	0.0196528201656104	0.16805841724417	-3.18562714734954
GORAB	0.688764251376596	3.98102843864517	2.76257583736406	0.0196552431782391	0.16805841724417	-3.65326440695019
ENSG00000306506	-2.18321624123107	-3.76272244855812	-2.76244373825959	0.019659743618625	0.16805841724417	-3.04417018469647
APPAT	2.58849554726266	-2.42923909394145	2.76197563060837	0.0196756997362659	0.168134595633891	-3.09601225260236
PRPSAP1	-0.549906979494974	5.284723241606	-2.76098433557344	0.019709532290791	0.168202107588284	-3.79555649992348
ENSG00000274265	0.784336889316431	2.98707967844969	2.76096915430682	0.019710050875058	0.168202107588284	-3.53072332171591
PRUNE2	1.1131946265292	4.88628506573499	2.76085478458759	0.0197139581253772	0.168202107588284	-3.75995923142181
TTC27	-0.541400161032289	5.21288107954871	-2.76084440529975	0.0197143127548081	0.168202107588284	-3.78985679894516
PPARGC1A	1.09779441197309	2.03792710696899	2.76071198858987	0.0197188376013751	0.168202107588284	-3.42688061728482
C6orf52	0.925352151422008	0.155444616381836	2.76019617643301	0.0197364734790246	0.168292394613748	-3.26524038727412
ENSG00000243004	-7.26016543017312	1.80021199421307	-2.75897681874455	0.019778226792391	0.168588192447855	-3.40651361460773
ATP6V1G2	1.16813539553126	2.3661441361584	2.7583980140193	0.0197980772172628	0.168601819265386	-3.46461009581099
KLHDC9	0.873235410807819	2.63869232400643	2.75819032135583	0.0198052050156726	0.168601819265386	-3.49481318438021
LINC01988	-1.88650935921588	-3.32497451246637	-2.75818458869356	0.0198054017911946	0.168601819265386	-3.06491339947539
RPUSD4	-0.581019177667765	5.32705338215373	-2.75794060529702	0.0198137784174632	0.168601819265386	-3.80413084060926
TRIB2	1.12895624044693	7.31254163509732	2.75790076553837	0.0198151465638499	0.168601819265386	-3.90110076999516
PDE2A	-0.886805734392567	3.688830166213	-2.75727361921348	0.0198366960159214	0.168707485264867	-3.62496028800966
PLEKHG6	-0.888012465491578	4.63363412801806	-2.75686330201603	0.0198508076785083	0.168707485264867	-3.74041302420512
JAKMIP3	1.24707063006656	1.81504804198558	2.75677402940828	0.019853879281056	0.168707485264867	-3.4115920407214
HCN1	1.04354036389688	1.99672931932945	2.75671686634752	0.0198558463404685	0.168707485264867	-3.42942654654574
ZNF506	-2.84604304375407	1.9078574473633	-2.75651168994627	0.0198629083502022	0.168707485264867	-3.4210028260353
SNORD3A	2.24558626366326	-1.20110273969108	2.75495260235075	0.0199166531730552	0.169103792700572	-3.17600985297109
LINC00467	1.03484654060763	3.04082749955061	2.7547128982607	0.0199249291545704	0.169113899051256	-3.54772206910371
RBM42	-0.763874764858679	5.6952323275991	-2.75438476527535	0.0199362638017285	0.16914994957549	-3.83660736467675
MACC1	-1.26455869394222	3.15010222442204	-2.75365922997282	0.0199613487873587	0.169264611988538	-3.56287250820418
TIMM10B	0.805970824205947	5.33162942583094	2.75358369826282	0.0199639620709655	0.169264611988538	-3.81192611709473
DOCK4	0.694764947295658	5.53948812297292	2.75311018326733	0.0199803527869351	0.169297243152146	-3.82827681963587
ATAD2B	0.600968484189003	4.7580196087994	2.75303489245406	0.0199829602191047	0.169297243152146	-3.76022186339846
CERS1	-0.828237749083628	1.94404178429716	-2.75285790653665	0.019989090845215	0.169297243152146	-3.43062955432262
ENSG00000294586	2.71356350034864	-1.50755492452286	2.75251572075615	0.0200009491815359	0.169337585709726	-3.16046706674091
ENSG00000286257	-1.51343375414522	-2.51731504081398	-2.75135125608127	0.0200413561292332	0.169529074287959	-3.10832510609915
RYR2	-1.56612104482194	1.49863988150851	-2.75134075585894	0.0200417208588068	0.169529074287959	-3.39098931246741
ENSG00000289527	1.18711591079693	5.05709677581778	2.75124993975903	0.0200448756710361	0.169529074287959	-3.7925363254213
RRAS	-1.68407530980324	3.2095078326624	-2.7510173582597	0.0200529574639514	0.169537348845954	-3.57464955463487
ENSG00000269842	-2.27363205149293	-2.6199770653701	-2.75011824413659	0.0200842307785745	0.169741620393852	-3.10555990334963
IRF2BP2	0.734825154378249	5.74137792349009	2.74959432411252	0.0201024764707858	0.169774573675846	-3.84774356367398
ENSG00000226506	-2.13843696746565	-2.49006003931425	-2.74952721958772	0.0201048146072979	0.169774573675846	-3.11240089854875
NAIPP2	1.68322519827861	-2.34510573591444	2.74902846638593	0.0201222013011292	0.169774573675846	-3.12005714036703
ADAMTSL4	-1.19413951129494	2.54443622081666	-2.74902042445437	0.0201224817686965	0.169774573675846	-3.49964197967942
EPS8	0.831080010865589	3.51124530345991	2.74898558990912	0.0201236966912041	0.169774573675846	-3.61620733228293
C1orf116	-1.22880052066534	2.19311985691056	-2.74874467530327	0.0201321010672615	0.169785461544993	-3.46256813842941
C17orf107	0.949349010637758	2.16170964262671	2.74844592835218	0.0201425278227317	0.169813391573697	-3.45983760296055
FBRSL1	-0.884361734393067	5.72846823373195	-2.74750295042795	0.0201754747698283	0.170031093337391	-3.85048488783065
AQP4	-0.973910628797773	0.81793404611018	-2.74708867372616	0.0201899663433402	0.170044300169468	-3.33894586086762
SNX22	-0.965591623124671	2.60169583272666	-2.74695833141622	0.0201945279270474	0.170044300169468	-3.50945523575031
STOM	-0.90565917297578	5.08932990181554	-2.74673028584026	0.0202025113093249	0.170044300169468	-3.80315148950098
ENSG00000300133	1.35679356803459	-0.83303372136766	2.7464921593181	0.0202108509759539	0.170044300169468	-3.21461355137152
SOX9	1.69333683840745	4.82480001915103	2.74644037082586	0.0202126651686756	0.170044300169468	-3.77829006310496
MAT2B	0.601375511795965	6.24404830548056	2.74576345337567	0.0202363931311072	0.170183930535636	-3.8816593611588
PSIP1P1	1.10823597109526	3.71693078331432	2.74532839314974	0.0202516579993199	0.170252314712846	-3.64873356084166
TMSB4XP4	3.77758606424077	2.12544642936354	2.74450978880472	0.020280411456701	0.170386384722285	-3.46268033366798
MBTPS1-DT	-1.47611539709137	-0.96970614357231	-2.74427794149818	0.0202885625112465	0.170386384722285	-3.20858908490497
GOLGA2P8	-2.0095577846297	-1.4181388410808	-2.74398671585064	0.0202988057766441	0.170386384722285	-3.17946977520438
PDXDC1	-0.788482692530739	6.89371794985683	-2.74392163150736	0.0203010956926938	0.170386384722285	-3.91114338675697
TACO1	-1.76097554816667	1.68042505953698	-2.7438589669891	0.0203033007143829	0.170386384722285	-3.42020498458057
ENSG00000305402	-1.01703828523856	2.88731138021725	-2.74340966754359	0.0203191175617052	0.170459184128372	-3.54829865052233
ATP4A	-1.07312876830989	-0.562586734904561	-2.74234801734643	0.0203565402281033	0.170642315105087	-3.24075119247663
AMN	-1.49636563423049	-1.16689244928863	-2.74231059279341	0.0203578606838989	0.170642315105087	-3.19833848155085
RPS6KA4	-1.45758218411207	3.17517315132843	-2.74198411919783	0.020369383334431	0.170642315105087	-3.58559156587507
HNRNPA1P7	-1.01339689264175	7.6205774563379	-2.74197951007951	0.0203695460566637	0.170642315105087	-3.9375462966365
LINC02527	1.1905868170811	0.821449566629819	2.7415023699062	0.0203863982526335	0.170723567401966	-3.34839378757101
UCHL5	0.495098818388351	5.96366507089876	2.74084787420608	0.0204095371992808	0.170812622236448	-3.87578213733868
ACTR5	-0.774444001009798	3.80073262204142	-2.74077410977226	0.0204121467040131	0.170812622236448	-3.66721621727671
CHID1	-1.05701000265816	5.53279329772354	-2.74032287866968	0.0204281168121737	0.170812622236448	-3.84960744184733
ENSG00000290089	1.37962564073691	-0.524070510354621	2.74025712226944	0.0204304451263117	0.170812622236448	-3.24693160705408
LINC02280	-1.74979087039261	-3.47373311027032	-2.74019015147735	0.0204328167128278	0.170812622236448	-3.08685843659775
HIPK4	-1.36192936120772	-1.51605080701775	-2.73977680519807	0.0204474603341057	0.170875187602976	-3.18003730766764
ENSG00000287362	1.99963016665104	-3.17681631983023	2.73952633718896	0.0204563387755233	0.170880253492146	-3.09864864624115
DCLRE1C	0.69071672342129	3.40368098909071	2.73935580494982	0.0204623859085999	0.170880253492146	-3.61870143525308
ENSG00000287919	1.70737614969484	-2.05321193018784	2.73862191349892	0.0204884303782758	0.171037904105739	-3.15104593831294
MTFP1	-1.85997145681952	1.75342055822104	-2.73694465052051	0.0205480779870465	0.171475866194699	-3.43857154614515
LMNB2	-0.783794910635297	8.10030802161227	-2.73576361455741	0.0205901827581696	0.171679693450136	-3.96122596897008
ENSG00000284705	-2.57392188955004	-3.06118193660601	-2.73574884510734	0.0205907098456906	0.171679693450136	-3.10889845388641
BRD10	0.780814690202671	4.3621862046235	2.73565435485089	0.0205940823039234	0.171679693450136	-3.74563990774245
MRFAP1L2	-0.679304810168873	3.62373522908427	-2.73528930277061	0.020607116595369	0.171720486662177	-3.65372739477719
FNIP2	0.621422202741073	4.15862797454813	2.73511437140829	0.020613365495753	0.171720486662177	-3.72191320679306
ZDHHC19	-1.41870460657952	0.503959391843099	-2.73481377777859	0.0206241077333382	0.17172140145164	-3.33361709373074
ENSG00000287673	1.71763078966452	-0.101018133286078	2.73460930576334	0.0206314180978211	0.17172140145164	-3.28739197331632
RTN4R	-1.07070757165069	4.50718516706425	-2.73450746550398	0.0206350600981817	0.17172140145164	-3.76435384604142
SHISA6	1.21545875559963	3.40998397825662	2.73416047864585	0.0206474738344831	0.171764816314956	-3.62825730120126
JUN-DT	-1.65305442389648	-2.53730088387058	-2.7335398194107	0.0206696970584218	0.171838680670336	-3.13486521196041
PATL1	0.769054044519836	6.24743392532704	2.73351035654213	0.0206707525958242	0.171838680670336	-3.90273917025722
ZHX1	0.874109931121218	2.63589866164693	2.73301768774624	0.0206884109511856	0.171925593374633	-3.53661410745977
AMDHD2	-1.63046246861145	3.78741871463906	-2.73251817795914	0.0207063299091282	0.171934762361076	-3.67944450979845
NHIP	-2.21129109954128	-1.09885030962489	-2.73251178748817	0.020706559255602	0.171934762361076	-3.2184845567661
IRF3	-0.72032184409491	6.01317031926087	-2.73231776553226	0.0207135236848887	0.171934762361076	-3.89300209745502
SPRN	-1.49027528987523	-0.59664870489832	-2.7321839109945	0.0207183297670613	0.171934762361076	-3.25457241500864
LINC02870	-1.47986010402514	-3.51014227815729	-2.73187530006908	0.020729414774083	0.171966959476204	-3.09812169143304
PRKAB2	0.487258264780719	6.27706290968155	2.73166030467604	0.0207371407073098	0.171971277714164	-3.9072939509987
SIX6	-1.97365861099128	-0.710127780704088	-2.73133595507201	0.0207488017723337	0.172008215317919	-3.24767120071139
MIF4GD	-0.735973720591955	4.0872313591229	-2.73023987268871	0.0207882568434576	0.17222099331261	-3.72127196549202
TRBV26OR9-2	1.4208348808722	-0.971685154839092	2.73004853886083	0.0207951518704209	0.17222099331261	-3.23113120010179
ENSG00000270571	-2.34718335703074	-3.187076524382	-2.73002178726004	0.0207961160902896	0.17222099331261	-3.11267678163673
NEURL1	-2.76949886729035	-2.11562106121824	-2.72944696949925	0.0208168453095569	0.172293597842457	-3.16203332330868
ENSG00000258053	0.810657434050148	2.448116103778	2.72937835512019	0.0208193210783779	0.172293597842457	-3.52187096160682
ENSG00000235052	-1.17433130010193	-1.82953485796682	-2.72893879245717	0.0208351885249105	0.17232589425355	-3.17849158182327
VPS26C	-0.495128008338047	6.20084835244798	-2.72887024183448	0.0208376641729478	0.17232589425355	-3.90843700356602
LSM4	-0.592371845186202	7.41455841207894	-2.72799651954572	0.0208692437002957	0.172486081292357	-3.95536209000694
ETV5	0.955621286265329	6.65853626450123	2.72793447755357	0.0208714879445396	0.172486081292357	-3.92976981442187
PAX8	3.99041960734085	1.28191543283793	2.72703036366154	0.0209042198444441	0.172691146884555	-3.41161609050903
WDFY3	0.645787459949124	5.84810349827383	2.72684952925411	0.0209107728033002	0.172691146884555	-3.89303094669229
CACHD1	0.677792897475938	6.90929591681238	2.72593926100608	0.0209437897155804	0.172903987942496	-3.94241461400769
ADRA2A	0.941956933627418	1.85831270617134	2.72548527009809	0.0209602761833409	0.172980259912793	-3.46767486373779
ENSG00000185839	0.612288606206149	4.42388368475835	2.72522979094332	0.0209695594948425	0.172993419940281	-3.77048344559162
LRRC37A6P	1.16184596986612	-1.59150214469594	2.72504251143569	0.0209763672563445	0.172993419940281	-3.19863926372415
RBM25	0.629155762591501	7.40302093994499	2.7245498118136	0.0209942878422564	0.173043545473965	-3.96090134006713
AFP	-1.68880684080338	-1.39276371392965	-2.72447676843595	0.0209969458956971	0.173043545473965	-3.21189641372551
CRISPLD2	-1.32778211941485	2.7992883808836	-2.72338566405274	0.0210366913347359	0.173272525026549	-3.57149761029688
GRASLND	0.891451745278782	1.6417165268611	2.72331549594759	0.0210392499068563	0.173272525026549	-3.45057217194696
HHAT	1.3889110281609	0.163709619915709	2.7223357050098	0.02107500899717	0.173464171293756	-3.3273792323148
POTEF	-2.1834726457078	-2.84132934354414	-2.72198208212011	0.021087929966303	0.173464171293756	-3.13901003031419
RIMBP2	1.3327051233743	1.57175812439921	2.72185421181445	0.0210926041479227	0.173464171293756	-3.44645400387594
XKR8	-0.753061203312719	4.39535752994245	-2.72164907141731	0.0211001050305465	0.173464171293756	-3.773268949361
RHBG	-1.23131211916871	-0.256261610647635	-2.72153103416402	0.021104422227545	0.173464171293756	-3.29691330734267
PAK4	-1.06204728910723	6.07551440870845	-2.72148440704113	0.0211061278517227	0.173464171293756	-3.9147654891257
PADI3	-1.72866155580968	1.72708205419879	-2.72093456991112	0.0211262513379233	0.173548638445558	-3.46257535662229
RNF150	0.769244909957377	3.99493296175534	2.72064418295885	0.0211368869469692	0.173548638445558	-3.7259963877253
NCAM2	1.60137676301168	1.95886055985936	2.72060780201268	0.0211382197997753	0.173548638445558	-3.48565228764565
RASAL2-AS1	1.08856092312043	0.0290740421990854	2.7197108899741	0.0211711056610825	0.173686348812187	-3.32134160513057
RAB25	-0.723467893093332	4.56378884600616	-2.71926608766591	0.021187433591175	0.173686348812187	-3.79659249036015
COX17P1	1.27604540065641	2.22191347230517	2.71902388896941	0.0211963295823223	0.173686348812187	-3.51503024491856
PSMA1	0.9494316265092	4.74529680425553	2.71881262640295	0.0212040923337404	0.173686348812187	-3.81707762313351
IPO5	-0.401017991351164	9.5306783582897	-2.71880446328012	0.0212043923411644	0.173686348812187	-4.02202156583076
TSPAN11	1.29171483299333	4.18952109146604	2.71880276253404	0.0212044548467545	0.173686348812187	-3.75335826123036
PTPRF	-0.593674812088691	8.38337837445152	-2.71868751783545	0.0212086907334181	0.173686348812187	-3.9974786974019
WDR24	-0.865626683397404	4.38003956735299	-2.7185645616266	0.0212132109937372	0.173686348812187	-3.77671146573493
PAX7	-2.61018246264944	0.562375983951359	-2.71654706576589	0.0212875182149879	0.174234978476377	-3.36810403045375
ZNF25	1.37707661842813	1.74469599227423	2.71606812873946	0.0213051963155051	0.174305485818508	-3.4723139063845
LINC00402	-1.53232978802592	-1.63245608341906	-2.71591804761241	0.0213107389960366	0.174305485818508	-3.2105008819758
NUCKS1	0.5558115636541	10.3301541489101	2.71541800847174	0.0213292164572768	0.174396851382605	-4.04220039305745
BMP6	-0.906499905996011	1.11149788649817	-2.71511901396948	0.0213402725588442	0.174426858959077	-3.41626910142092
ADGRG2	0.93920083357782	4.59998926593238	2.71472166487564	0.0213549744412338	0.174426858959077	-3.80828794893302
SLC25A10	-1.46384439460537	2.13305868171452	-2.71417388457342	0.0213752588611803	0.174426858959077	-3.51391583204182
FREM2	0.847122803938965	6.39932349028057	2.71394632108589	0.0213836912445697	0.174426858959077	-3.94300507896703
ARHGAP21	0.690434302932631	5.80323489350915	2.71390614504675	0.0213851803161327	0.174426858959077	-3.91242373761725
RPS23P8	1.36092680357131	5.78902107621655	2.71390250379074	0.0213853152795744	0.174426858959077	-3.91156630345257
ACSS1	-1.2013843213925	0.753079618886209	-2.71377774488417	0.0213899399924923	0.174426858959077	-3.38815430586484
STXBP5	-0.761850262118371	3.30123658358462	-2.71373963880176	0.0213913527537277	0.174426858959077	-3.64884350322915
CFAP418-AS1	-1.4858504436111	-1.4612475790503	-2.71349842559074	0.0214002977590731	0.174440200346925	-3.22488945029508
NSUN7	-0.709576611833652	4.32042902087736	-2.71278041433761	0.0214269461824254	0.174542131898271	-3.77942199854726
EFCAB7	0.89850273615338	2.50765968477719	2.71276741527287	0.0214274289379451	0.174542131898271	-3.55612593792042
GAPDHP60	2.70814242304119	0.511593143042619	2.71249581993411	0.0214375178533052	0.174564735109122	-3.37063498777168
ENSG00000278899	-1.64792049808973	-3.87560484232134	-2.71205081164065	0.0214540587767567	0.174588754491529	-3.11594369801564
LRRC7	2.4117332309835	-3.23332577571803	2.7119000772345	0.0214596644535323	0.174588754491529	-3.13836491311609
SIAE	0.87409900015493	3.87807402354807	2.71165466936411	0.021468794082092	0.174588754491529	-3.72629838464836
CDIP1	-0.485411751062825	6.41653298012588	-2.71162957539108	0.0214697278431574	0.174588754491529	-3.94770115616305
ARHGEF37	-1.16255716601237	0.224526975268705	-2.71103065507893	0.0214920260550596	0.174670122989628	-3.3504265362241
FGFRL1	-0.76444852706684	4.60978254915486	-2.71096770856919	0.0214943709398139	0.174670122989628	-3.81573593178481
ZSCAN18	-0.887340522354686	4.69553545198638	-2.71060262479404	0.0215079760897077	0.174685898234125	-3.82574171731105
HEATR6-DT	-1.4909805079708	-3.79989961597184	-2.71052284026384	0.021510950471785	0.174685898234125	-3.12057127346959
PRDM2	0.525055727989794	5.08284696748907	2.70966712676752	0.0215428774801343	0.174885665584478	-3.86562163799497
KRT8P3	-0.944738161494226	4.12239298434933	-2.70875042340108	0.0215771325666515	0.175069956484373	-3.7620144059762
FTH1P7	-1.04769295531593	3.2431454172884	-2.70834169398193	0.0215924233740418	0.175069956484373	-3.65059523868809
ENSG00000289149	1.46894366900148	-2.61200556297792	2.70827065679028	0.0215950820209572	0.175069956484373	-3.17029755274044
ZNF219	-1.02891734103935	6.32581623371049	-2.70815647781361	0.0215993559829789	0.175069956484373	-3.94963125896267
TYW3	1.5481530716291	3.97391375955427	2.70807904139257	0.0216022550738039	0.175069956484373	-3.74455718725945
ENSG00000234261	-1.33280740952067	2.02513337095003	-2.70729173811308	0.0216317524734068	0.175143203866494	-3.51437588885524
NEURL2	-0.947530129087691	0.687191176568602	-2.70697682693906	0.0216435623149008	0.175143203866494	-3.39386319216696
SERPINE2	-0.862541881117453	6.077156700181	-2.70689716407516	0.0216465508629068	0.175143203866494	-3.93971493570884
NUP214	0.505033934232902	6.07094866993067	2.70686457175222	0.021647773680939	0.175143203866494	-3.93944516892817
PTOV1-AS1	1.31190590374688	0.482805760434485	2.70685894691372	0.0216479847239351	0.175143203866494	-3.37752003092026
TRIM13	0.51916275076337	5.39155114704006	2.70600418342608	0.0216800792018945	0.175343426062899	-3.89766009901286
SLC25A11	-0.696522074771779	6.12202607292569	-2.70516836134876	0.0217115084271195	0.175538134021024	-3.94496566107101
SIMC1	0.592296534365778	4.69281873426559	2.70486113131753	0.0217230725612598	0.175572154696779	-3.83518957353519
CRYBG1	-1.74105684199593	4.3109341834252	-2.70434809080945	0.0217423971133096	0.175646663062993	-3.79255204425058
NINJ2-AS1	-1.02474811296158	1.55855467366962	-2.70421368272942	0.0217474626619908	0.175646663062993	-3.47436483916353
ENSG00000218418	0.860100031422157	2.57494944641624	2.70400513700242	0.0217553246307523	0.175646663062993	-3.57822318734679
PRKACB	0.605232176249704	5.79992230079808	2.70383531475914	0.0217617288589798	0.175646663062993	-3.92937804621424
ICMT-DT	-0.943212239879116	2.18367603635271	-2.70312947255917	0.0217883673109923	0.175722109767361	-3.53749593343622
ZNRF3	-0.488709100164339	4.8120979400016	-2.70312926068221	0.0217883753121057	0.175722109767361	-3.85058823485727
LHFPL1	-1.23926221744621	1.55811514586667	-2.7028742370423	0.0217980079018841	0.175722109767361	-3.47653532478441
TAFA4	-0.921803816749002	2.21142206966505	-2.70280757434091	0.0218005265438117	0.175722109767361	-3.54091254151059
ENSG00000307209	-1.63594254559561	-3.6176128317783	-2.70239221113916	0.0218162262925695	0.175789288630911	-3.13872027448366
GTF2IRD1	-0.581667377780621	5.56278304399398	-2.70157529016391	0.0218471369229766	0.175851504502022	-3.91773623890814
CCSER1	1.30406659304153	-0.734864418799522	2.70155171090862	0.0218480297631511	0.175851504502022	-3.29353856207377
SDE2	0.479141148629853	5.15526085623151	2.70150408117928	0.021849833397563	0.175851504502022	-3.88588605854935
PEX5L	1.36680504980765	2.07036923091113	2.70140939328055	0.0218534194642392	0.175851504502022	-3.52870792639792
BIVM	0.671931151002018	3.38340755715977	2.70105252735369	0.0218669401481587	0.175853105297085	-3.68057800501203
MYO1H	2.14051385346723	-2.12623291903564	2.7008515347411	0.0218745588907485	0.175853105297085	-3.20594276935318
RAB21	0.511817298577911	5.72394869145795	2.70082084253171	0.0218757225301482	0.175853105297085	-3.92974713119177
POGLUT2	0.589717503380663	5.13856872614258	2.70040776658526	0.0218913895696072	0.175906225856117	-3.88627965146626
GEMIN4	-0.862557090986826	5.99612212745897	-2.70025803953449	0.0218970711450339	0.175906225856117	-3.94673327344844
RPL21	-0.586015734408262	3.82071622198859	-2.69992484864722	0.0219097197633727	0.175948614263936	-3.73877547873627
XXYLT1	0.603600626851954	5.79707625518369	2.69970167038497	0.0219181961531867	0.175957479848001	-3.93624172543596
HNF4G	0.873873014661038	1.06455597372503	2.69906865428976	0.021942256147114	0.176091401298981	-3.43856271689296
CNFN	1.5854945469628	2.83649292440527	2.69821561440481	0.0219747206290978	0.176292657900732	-3.61798277539647
ENSG00000304722	-1.92469068727819	-3.9077722442319	-2.69773839660944	0.0219929032106937	0.176379240903773	-3.13625931405058
ANO7L1	-2.02940413360583	-3.99393578137851	-2.69745631908901	0.0220036577709236	0.176406214315967	-3.13407717100781
SPHKAP	1.74879288949108	-2.49787094887731	2.69685805235258	0.0220264848210122	0.176500219349595	-3.19327084619154
RPAP2	0.567709321915029	4.87181666491967	2.69669173740272	0.0220328348169828	0.176500219349595	-3.86759871192165
ENSG00000268750	-2.56399585897112	-3.15912777249356	-2.69652160313872	0.0220393325272822	0.176500219349595	-3.16459246157814
ESX1	2.22076195335107	-3.28294920492652	2.69625946070431	0.0220493479269276	0.176500219349595	-3.16012175605302
ENSG00000289287	-5.6663459534889	1.64904614351729	-2.69618067028187	0.0220523590774078	0.176500219349595	-3.49611846855712
CD8B2	-1.64205389765603	-4.43609307780562	-2.69569329732498	0.0220709942387952	0.176590150686331	-3.12633442827987
DALRD3	-0.593909181786781	4.68955666133391	-2.69546442616266	0.0220797507651441	0.176601009219736	-3.85077312229963
PKD1L2	-1.45950816074733	1.14471120470604	-2.69455886543191	0.0221144312013004	0.176698392813107	-3.45294089808769
PLA2G4D	-1.93407053575472	-3.49661227554955	-2.6945014437995	0.0221166321209657	0.176698392813107	-3.15481103984134
DNAJC13	0.546766338032867	6.088817730207	2.69445272585508	0.0221184996075077	0.176698392813107	-3.96152168046471
LINC02975	-1.24146928123672	-0.74642137121138	-2.69435544653306	0.0221222290498833	0.176698392813107	-3.30420049468434
PISD	-0.557853165034396	5.18781211277225	-2.69412981235391	0.0221308817081063	0.176698392813107	-3.9012315956471
ZNF892	0.599330693313549	3.95727687210931	2.6939873393314	0.022136347027745	0.176698392813107	-3.76622491014069
IGFBP4	0.673635331898873	7.2609003738719	2.69313558981452	0.0221690485751301	0.176877819493512	-4.01010600726316
ENSG00000307651	1.34359118340846	-1.30219136575074	2.69301591586257	0.0221736471246737	0.176877819493512	-3.26750077167618
TOR1AIP1	0.755508361794361	5.75518212607265	2.690655591064	0.0222645389307067	0.177532353557748	-3.94903293817061
LHX1-DT	1.63383081161658	-0.0957738800345772	2.69031602019535	0.02227764574202	0.177532353557748	-3.35939123266566
IRX4-AS1	3.04803000967327	-2.15541603776231	2.69014330586636	0.0222843151512344	0.177532353557748	-3.22102586959936
PDE10A	1.30794691053588	2.84484093266665	2.69007722302687	0.0222868674844031	0.177532353557748	-3.63257901092981
CABP1-DT	-1.70766814309685	0.326771815174384	-2.68931744847054	0.0223162334015405	0.177532353557748	-3.39369004918899
PAQR5-DT	-1.22199644034927	-1.64399581371041	-2.68914467593368	0.0223229165896329	0.177532353557748	-3.25185757958597
INPP4B	1.44833977444007	0.149785659243066	2.68903516663313	0.0223271536629137	0.177532353557748	-3.38032442547183
SDC2	-0.704522869085881	5.49953023782611	-2.68898533334148	0.0223290820507224	0.177532353557748	-3.9346226081317
DNAAF3-AS1	-1.77657494264606	-1.39110302957798	-2.68894697942686	0.0223305663367992	0.177532353557748	-3.26810843920575
ENSG00000251188	-1.5006214701071	-0.462803544754345	-2.68894005460032	0.0223308343361968	0.177532353557748	-3.33391633825402
MAF	1.48710517610253	4.22812228218875	2.6887672573301	0.0223375228446775	0.177532353557748	-3.80887628646537
SCN1B	-0.949433775956638	1.51649694360537	-2.68820356461937	0.0223593557425168	0.177646718877047	-3.49688398196535
HADHAP2	2.38993355196692	-0.992566879687555	2.6872400159331	0.0223967251404702	0.177860855575341	-3.29781398111615
PLGLB1	1.54892566594325	-2.49536597888223	2.68712442722427	0.0224012122118187	0.177860855575341	-3.20839259613681
SMARCE1P5	2.00483829223999	2.50292883090707	2.68495610707479	0.0224855512575206	0.17827617117588	-3.60196957072471
WTAPP2	0.99101552497553	2.38015452233666	2.68481405120444	0.0224910877098078	0.17827617117588	-3.5887611153086
ATP5F1D	-0.771144866229312	5.24245301464029	-2.68468080682198	0.0224962819811296	0.17827617117588	-3.92194742520259
SNORA47	-1.97251850736656	-3.68083738253965	-2.68466216435556	0.0224970088165925	0.17827617117588	-3.1631179265775
ILVBL	-1.16846217319977	5.26535253968705	-2.68453502911515	0.0225019662103155	0.17827617117588	-3.92410095966873
ENSG00000294957	-2.0865938708775	-4.11994610311043	-2.68439176030843	0.0225075540072448	0.17827617117588	-3.14975426093611
PADI1	-1.90308578817671	-0.786770948809054	-2.68432936528599	0.0225099879822761	0.17827617117588	-3.31725212839413
VIRMA-DT	1.89846842815483	-1.70028583796684	2.68424506430897	0.0225132769063603	0.17827617117588	-3.25612108592197
SLC25A5-AS1	0.872335854772288	1.34753010135119	2.68360206490421	0.0225383787052969	0.17837536452696	-3.48899707034626
TANK	0.521956160129772	4.30905262948431	2.68350727179096	0.022542081656482	0.17837536452696	-3.82758415070283
SPEN	0.733246107290937	6.43325128405093	2.68335005260619	0.0225482245266619	0.17837536452696	-3.99660902968636
ZNF281	0.536658933582507	6.94445656662854	2.68214703955207	0.0225952839694513	0.178688416997646	-4.01833112433168
GEMIN7P1	-1.67942132096771	-2.48275506539791	-2.68148654408959	0.0226211628607372	0.178736920194028	-3.21769629741482
NAALAD2	0.874590197154571	3.28885830778561	2.68139819874579	0.0226246265627726	0.178736920194028	-3.70159666679886
CDH4	0.727302502966563	5.62783785275092	2.68139238305615	0.0226248545935255	0.178736920194028	-3.95651784950714
UBQLN4	0.708683948583254	6.48211516606039	2.68122616953592	0.0226313727249488	0.178736920194028	-4.00230647997282
ASCL5	-1.94184096421667	-1.95520847251757	-2.68090603248458	0.0226439323085478	0.178749447437854	-3.24639386716217
NARS2	-0.520020148417113	5.48872570391369	-2.68080397448153	0.0226479376985826	0.178749447437854	-3.94773985718198
DCTD	-0.452295176437444	5.68658365616451	-2.68016404681318	0.0226730685451909	0.178839012721852	-3.96247438884514
LRFN4	-1.31229739205746	4.65262335190239	-2.68013341714237	0.0226742721119674	0.178839012721852	-3.8727075958149
VDR	-1.93630776395628	-1.66527208308548	-2.67930773942617	0.022706740431669	0.179035934549932	-3.2659943852219
ENOPH1	-0.579123708757544	6.53004768601287	-2.67873225791842	0.022729397640555	0.179155394150306	-4.00852706395311
EPO	-1.96901289404908	-1.66581791771516	-2.67821008620119	0.0227499755035085	0.179258390670927	-3.26768287938777
RPS29	1.67104506806571	7.34225867640257	2.67744502604321	0.0227801587215005	0.179416004526247	-4.0394004864374
F8A1	1.3832012446249	4.08657330447644	2.67732207329598	0.0227850131863684	0.179416004526247	-3.81064101324613
HYLS1	0.624217855713406	3.99414939788796	2.67605164140815	0.0228352332664893	0.179752147879717	-3.80120722735559
CSPG5	1.31873516240994	3.3889648058155	2.67546216371942	0.0228585727442407	0.179835572325763	-3.72427856140318
RHPN2	-0.669306853580141	5.00226713426307	-2.67540339023041	0.0228609010950838	0.179835572325763	-3.91631301379322
ENSG00000236352	0.977003610909827	-0.840344844259057	2.67459269792101	0.0228930413432652	0.179948931252699	-3.32887099936231
PHF8	0.43626446998196	5.87067174244272	2.67452612199526	0.0228956827754226	0.179948931252699	-3.98343551175373
NDNF	1.52646125882382	2.64811220952491	2.67446089052012	0.0228982711605346	0.179948931252699	-3.63578345415181
AZIN1	-0.525027806355634	8.0781514182505	-2.67427950611899	0.0229054700274731	0.179948931252699	-4.06563497263821
DYSF	1.31845674557351	5.3435834215363	2.67329360957883	0.0229446382161304	0.180197328168603	-3.94946847779067
NDC80	0.601212094915045	6.14212076223277	2.67266078206469	0.0229698146768851	0.180292191667128	-4.00131570297754
TMLHE	-4.59769176512898	1.09100393987038	-2.67261027305084	0.0229718253177918	0.180292191667128	-3.48426350084896
TLE4	0.585205958017591	5.75105843680125	2.67236784443281	0.0229814782530414	0.180308659258822	-3.97986714777693
EMSY	0.488690389879239	5.46079415959536	2.67204278566144	0.0229944276712861	0.180345078914163	-3.96058861170084
ENSG00000296398	-1.50915429887779	-2.81192364894759	-2.67143442492854	0.0230186825811141	0.180345078914163	-3.21761392431038
PAQR5	-0.756089104800144	3.96989067322168	-2.67138071477325	0.0230208251914837	0.180345078914163	-3.80597948760834
DEDD	0.650085987059889	5.86233165456983	2.67135218278878	0.0230219634728314	0.180345078914163	-3.98834515397427
PDE4C	-1.14219957588363	2.24332248558782	-2.67130360946556	0.0230239014309068	0.180345078914163	-3.59659643666421
ADM-DT	-2.5549027800344	-2.63776013179333	-2.6697647969395	0.0230853805664527	0.180680115319112	-3.22824699555646
EML2	-1.35629269126021	3.74994493227833	-2.6696965964236	0.0230881091186261	0.180680115319112	-3.78053092172414
ILRUN	-0.629103510924633	7.23665067393881	-2.66966470843421	0.0230893849969955	0.180680115319112	-4.04932524345546
FGF9	1.39774870286247	-1.43590363362111	2.66931652019743	0.0231033210174649	0.180699773092518	-3.29616343867699
ENSG00000260592	-1.9564405067506	-4.41874649981481	-2.66922365461598	0.02310703932117	0.180699773092518	-3.16548975161186
INA	1.37726985945341	5.5907242604535	2.66821842138361	0.0231473266766518	0.180955534160383	-3.97637458542843
SOX8	-0.677127643809572	3.39487391948052	-2.66794619357355	0.0231582489590382	0.180981639785647	-3.73765059252209
CD101	1.33659646815011	0.158252703028014	2.66766406314823	0.0231695739720101	0.181010874628467	-3.41561023974944
IGDCC4	0.934061260378412	4.89371973718866	2.66728508647903	0.023184795181356	0.181012265637023	-3.91963779571633
ENSG00000286794	2.77818847515922	-3.07128046945736	2.66728196891909	0.0231849204362668	0.181012265637023	-3.21259429054762
SETD7	0.703263884607435	3.93049696332757	2.66695085594759	0.0231982274765995	0.181056931060824	-3.80839689769798
DPP6	0.726391983198409	3.93422316347258	2.66635228369768	0.0232223027073591	0.181185583104459	-3.80988226821183
MICALL1	-0.762526744197082	5.33795528636028	-2.66584937319255	0.023242549562325	0.181284290981703	-3.96165860728391
SSX1	2.11776704111235	-2.81874506293534	2.66544935864944	0.0232586664497348	0.181304276044016	-3.22645298213704
COL24A1	1.48276775800291	0.920766976370375	2.66534350522618	0.0232629332267813	0.181304276044016	-3.48145727045571
RPS6KC1	0.547570686447846	5.52719402571967	2.66522028080432	0.023267901182504	0.181304276044016	-3.97697911045681
PLCB2	-0.82624753715788	3.10345096883584	-2.66490423191371	0.0232806479448778	0.181325900511354	-3.70603204285868
YARS1	-0.538925934552206	8.18088496362155	-2.66459273219327	0.0232932180396026	0.181325900511354	-4.08476839510592
MBNL1-AS1	1.7304686400256	-1.66105549493527	2.66458652901913	0.0232934684278632	0.181325900511354	-3.28934175082672
BEX5	-1.86316848495795	0.973459296262692	-2.66433020621737	0.0233038171244532	0.181347311154002	-3.48763461479125
APOOL	0.719728204872089	4.05751020453155	2.66409708509452	0.0233132330610442	0.181361451586683	-3.82931837434707
ENSG00000289458	3.62677547121502	1.23108213968604	2.66389405152817	0.0233214368267429	0.181366155993442	-3.51092616225825
PACSIN1	-0.715906486286873	4.05212513597086	-2.66370410382321	0.0233291144496083	0.181366766960521	-3.82930851195699
EFEMP2	-1.35987517139056	2.45377717525835	-2.66317694625898	0.0233504351762141	0.181473408124618	-3.63278480235662
TRPS1	0.75162905195466	3.02762232087921	2.66275960359828	0.0233673282387149	0.181526510444578	-3.70026903142546
REV3L	0.739153661585388	3.47453426553817	2.66263240330937	0.0233724794316918	0.181526510444578	-3.75684626496066
CD164L2	-1.45392551249745	0.263580311163341	-2.66198381425681	0.0233987627476292	0.18167152586131	-3.43307552328971
PACS1	-0.554329930171965	5.4410499267299	-2.66138428231817	0.0234230842665693	0.181715407633627	-3.97723032065797
LINC02737	-3.45509637772008	-2.37976812125029	-2.66135217216417	0.0234243876058674	0.181715407633627	-3.25390911432617
CCDC9	-1.03878083707189	4.16896711010969	-2.66089718607333	0.0234428630888771	0.181715407633627	-3.84867996805328
LSM8	0.594915803930133	5.82255079698241	2.66076884160631	0.023448077358159	0.181715407633627	-4.0039566418089
CEBPZOS	-4.50196180886359	3.79222322504455	-2.66065889055907	0.023452545274036	0.181715407633627	-3.80123307579478
DOCK11P1	1.45039970127358	-1.29753988891757	2.66064740362439	0.0234530121003013	0.181715407633627	-3.31896237550702
RAP1GAP	-1.09498840943761	4.02947184612312	-2.66053181114701	0.0234577102660244	0.181715407633627	-3.83182419354641
CBX1	0.560668774442029	8.46376313877535	2.66020227699985	0.0234711090695329	0.181760207710105	-4.09919237704248
HSPA8P7	2.22145026231875	-0.342586816489303	2.65872417084002	0.0235313024575161	0.182167238324209	-3.39153855016362
PAH	-1.93611310220366	0.640207245796413	-2.65842439042723	0.0235435292509177	0.182186365028328	-3.46922673428314
DCAF7	0.522578332476348	7.3208857447379	2.65808331066095	0.023557448167523	0.182186365028328	-4.07169914271676
GNL1	-0.764276899920053	6.2122570067078	-2.65808058238691	0.0235575595370299	0.182186365028328	-4.02952981190395
LYL1	-1.49500470454849	-1.30925286193532	-2.65743718086594	0.023583838155567	0.182186365028328	-3.32324507411881
PTPRO	1.41198344862051	1.62131027770474	2.65737676745836	0.0235863071350969	0.182186365028328	-3.55752943109974
JPH1	-0.653027940849117	4.47352383180669	-2.65712809844138	0.0235964724691099	0.182186365028328	-3.89151507180875
CDCP1	-1.73115779344252	4.07676190518804	-2.65702863280157	0.0236005397437734	0.182186365028328	-3.84364374524166
KLF1	-1.30270432416812	-1.48843747491581	-2.65700842031509	0.0236013663430225	0.182186365028328	-3.31214006245941
RFC2	-0.472320622635102	6.30927054878614	-2.65698134279082	0.023602473736439	0.182186365028328	-4.03597248581185
RIPOR1	-1.01723406161692	3.61143744180101	-2.65658916942644	0.023618518309964	0.182251269480734	-3.78465005327601
PNMA5	-2.25286591000147	-1.15211441082273	-2.65579723125062	0.0236509511558844	0.182325905910573	-3.33654732428003
ENSG00000272449	-2.27218448484667	-0.800453487610223	-2.65546649584607	0.0236645091385979	0.182325905910573	-3.36228316654363
RPS27P8	2.5010831823867	1.25429834792139	2.655327687474	0.0236702016769414	0.182325905910573	-3.52706604899229
SLC27A5	-0.872271644860834	2.76268349741394	-2.65532406059572	0.0236703504336799	0.182325905910573	-3.68093520873552
NOTCH2NLC	1.31119872392881	0.672461838150001	2.65527969367163	0.0236721702224018	0.182325905910573	-3.47701614644644
ASH1L	0.902096806736514	5.14940301958582	2.65523444886898	0.0236740261623524	0.182325905910573	-3.96388701660465
GRIA4	1.57478204173117	4.07349474939926	2.65456098357578	0.0237016688158742	0.182430216681596	-3.84739394230291
ASB1	-0.752158823080257	5.12024877792174	-2.65451215984807	0.0237036740543162	0.182430216681596	-3.96253876650493
RPL18AP3	-0.464761097133311	8.94757389798699	-2.65434596270905	0.0237105012002477	0.182430216681596	-4.12012926239227
SIX3-AS1	-3.37650095347226	-2.98881766272435	-2.65365661281396	0.0237388396371638	0.182493233266038	-3.23685447130312
ENSG00000278987	-1.25279430335837	-0.857678470083247	-2.653632155161	0.0237398456843186	0.182493233266038	-3.36100130098502
TIMM17B	-1.20676598261171	5.70859733147385	-2.65358877364447	0.0237416302547889	0.182493233266038	-4.00903035578218
CHMP1A	-0.875428356279515	6.19964115549101	-2.65334300046989	0.0237517430630949	0.182512186634541	-4.0369654846954
LINC02846	-1.34382699377087	-1.40060696497095	-2.65211173252545	0.0238024705377557	0.182838561254808	-3.32557168198643
ENSG00000290073	1.6711640148703	-2.30725762521598	2.65194039195143	0.0238095382067266	0.182838561254808	-3.27219510170124
SGCA	-1.58553351743837	-1.69861535855038	-2.65146017677693	0.0238293578541218	0.182931902188589	-3.30759463497693
ARHGAP45	-1.4191096556975	4.82935852868325	-2.65085388005599	0.0238544046531021	0.183038571340519	-3.9409394423102
ADPRS	-0.75404833968996	4.76307991553194	-2.650752600736	0.0238585911694119	0.183038571340519	-3.93426718054443
NUP93	-0.458461451347206	7.39489366972311	-2.650322064456	0.0238763961275875	0.183116306676456	-4.08718529136479
UBE2SP1	-1.0618347472126	4.62135118002893	-2.64973122043139	0.0239008521933313	0.183190289732095	-3.92070873241001
ENSG00000214719	-1.17177521237989	1.41144711216969	-2.64971814598914	0.023901393649212	0.183190289732095	-3.55055348856921
KCNJ4	-1.2716896867745	1.4306629754841	-2.64896022814345	0.0239328024104294	0.183325527966527	-3.55356988736629
FOSL2	-0.833919026862751	2.32323431965411	-2.6488083481203	0.0239391013873323	0.183325527966527	-3.64246139433338
LINC01284	2.46015456773337	-2.72215117027862	2.6487364943074	0.0239420819823046	0.183325527966527	-3.25648825427881
CD63-AS1	-0.921364079779875	1.8893950020021	-2.64814581593354	0.0239665981362813	0.183454393110528	-3.59874328346529
HAUS4	-0.753365420228984	4.62900714563789	-2.64701054701255	0.0240137877449171	0.183756675892253	-3.92615685017929
WAC	0.638156696492275	7.65667949180317	2.64659633776994	0.0240310281532565	0.183789660689366	-4.10127469006639
MCRIP1	-1.20205586416472	5.93177797292098	-2.64653698825618	0.0240334994348477	0.183789660689366	-4.03450833673592
TMSB4X	0.503725876554526	10.6391679039026	2.64569686082653	0.0240685090271524	0.183998432079131	-4.16626106706165
PKD1P3	-2.09923816686774	0.650132643253929	-2.64422143348001	0.0241301155558553	0.184410332363624	-3.49318063555785
BAK1P1	-0.954230006686977	1.51330992361067	-2.64386136220231	0.0241451741505862	0.184428332744865	-3.56962265809325
ENSG00000273483	2.25507005907961	-3.16602343561937	2.64379559595428	0.0241479255804125	0.184428332744865	-3.24422616292738
ABCD2	2.11019523446684	-3.45909056324448	2.64334226890717	0.0241668996871814	0.184463060715207	-3.23312644740078
C1orf54	0.947180037807447	3.00877054675675	2.6431310949491	0.0241757434851396	0.184463060715207	-3.73076295158146
JAKMIP2	1.74020389486103	5.21262250126533	2.64312084182263	0.0241761729599067	0.184463060715207	-3.98990714841214
ENSG00000277749	2.09912158932451	0.577488234828835	2.64294862405288	0.024183387814886	0.184463060715207	-3.48926011863808
OPN3	1.6631554746204	5.18552469651365	2.64154748849424	0.0242421663614782	0.184852327332076	-3.99021611086766
ATP6V0C	-2.16524060074961	2.87711730340829	-2.64136045740592	0.0242500231822184	0.18485317894922	-3.71777350457718
TUBGCP4	0.490775270053384	5.36137394035443	2.64098956498462	0.0242656111619382	0.184912944317362	-4.00565495912733
ENSG00000234210	2.10908856125669	-3.02403460508001	2.64044622528604	0.024288464807926	0.185028020929068	-3.25539826200852
ZNF827	0.525980829607208	5.20525350843174	2.63981920030661	0.0243148649905761	0.185147000746501	-3.99485707195491
EPHA5	1.7467495182339	-1.7009636273453	2.63953588231474	0.02432680313762	0.185147000746501	-3.32611714103432
CKLF	1.67070894843249	-0.0276216186001238	2.63920157256154	0.0243408974196822	0.185147000746501	-3.44713528869534
LINC02894	-2.32761095249007	0.179384132604573	-2.63910423657129	0.0243450025683906	0.185147000746501	-3.46349883168455
NEO1	0.474389300699731	6.873780273992	2.63907013604442	0.0243464409221689	0.185147000746501	-4.0891119090345
ENSG00000290092	-3.57447365831146	2.84182869203005	-2.63897088321757	0.0243506278687421	0.185147000746501	-3.71754466113969
CACYBP	0.781364148628701	7.4326060033228	2.63858981082034	0.0243667099325984	0.185210275783862	-4.10827781088031
ENSG00000293420	-1.86252510084012	-2.35002720102416	-2.63808023266062	0.0243882317229305	0.185314844486209	-3.29136514545963
FBXW4	-0.730767624359725	5.05465373435353	-2.6378390036229	0.024398426509037	0.185333305375935	-3.98486880496043
ENSG00000297569	-4.09557305545241	-1.57829302904466	-2.63690702241942	0.0244378535998117	0.185573735878685	-3.3379544014801
MT1G	-5.01208337052047	-0.257215302323543	-2.63666856679957	0.024447951545884	0.185591367539953	-3.43349711225831
NIBAN2	-1.41661596888948	5.88110210036306	-2.63620310785027	0.0244676744224008	0.185622410156136	-4.04910916818989
NAP1L1P3	1.97390233668777	-1.00212257627611	2.63606114605595	0.0244736929133086	0.185622410156136	-3.37843333260769
SYNDIG1	0.91548635977709	2.8650761813271	2.63588914362171	0.0244809869541571	0.185622410156136	-3.7254553720418
IRAG2	2.10233213688314	-3.62470688533659	2.63567215219773	0.0244901919099568	0.185622410156136	-3.23840861010956
NDRG2	0.622694419379108	4.42141714052306	2.63564794023208	0.0244912192150172	0.185622410156136	-3.92173106132571
APOBEC3D	-1.12664496248782	-1.01046442556598	-2.63547154277402	0.0244987049898113	0.185622410156136	-3.37876930648143
CTXN2	1.50639932992519	-2.12929252663148	2.63493163814441	0.024521631053187	0.185737152759891	-3.30812246385581
AP1G2	-0.605727639907915	4.7804304165684	-2.63451180159451	0.0245394733899022	0.185766001052301	-3.96352367796648
CILP2	-1.83181490575035	3.4080633055227	-2.63429747257181	0.0245485869845586	0.185766001052301	-3.7957611636478
ENSG00000269151	-2.03292147806459	-2.19859289037398	-2.63409770232003	0.0245570845487845	0.185766001052301	-3.30560832135822
MTCH1	-0.537896059589778	7.9580306309417	-2.63408862753839	0.0245574706293564	0.185766001052301	-4.13087444564652
BEX4	0.79208999673141	5.98600034991742	2.6335745216285	0.0245793527844031	0.185766001052301	-4.05951412729705
MCOLN2	-1.31199248479846	0.239712648410469	-2.63356715903587	0.0245796663030133	0.185766001052301	-3.47722383906691
LINC02082	2.3437259797874	-3.27103819833634	2.63356112196138	0.0245799233805324	0.185766001052301	-3.25533949353835
NR2F2	2.81149643864896	-1.78189354438571	2.63315080835872	0.0245974020848723	0.185839251522522	-3.33112478992153
PLEKHO2	-0.783849510519226	4.67576721371161	-2.63288003443643	0.024608943390073	0.185867611357871	-3.95516916122973
BTF3P9	2.26114306861559	-2.68382595752047	2.63263459640152	0.0246194094459408	0.185887834623939	-3.28297017753741
RPE	-0.518191508698246	5.97206616805618	-2.63200191605184	0.0246464088394067	0.185937796222719	-4.06142695226632
ATP8A2	-1.26269873198581	3.20809941317437	-2.63196457218152	0.0246480033947004	0.185937796222719	-3.77418686879568
MAP1A	1.65183620440906	3.59684175392565	2.63193190794699	0.0246493982171485	0.185937796222719	-3.8241406115322
CDPF1P1	-1.90472022985065	-4.25998613328104	-2.63154124046746	0.0246660865153277	0.185944201213589	-3.22399688438596
C10orf55	-1.82596517653202	-2.52094381179331	-2.63153166342068	0.0246664957628828	0.185944201213589	-3.29268562587514
ETNK1	0.619650822834482	5.66151582084466	2.63136497342627	0.0246736198618778	0.185944201213589	-4.04364012800865
ST14	-1.98841295169916	4.41908507838654	-2.63077546457038	0.0246988310663187	0.186010844304569	-3.92967832267572
GREM1	-1.76369507096644	-0.827497839949234	-2.63060174932228	0.0247062651361306	0.186010844304569	-3.39987900302584
KCND2	0.772773637599453	3.88771032846479	2.63059668560667	0.0247064818690409	0.186010844304569	-3.86409611644807
TSC22D1-AS1	1.02040576967355	-0.413198520876751	2.63036059340756	0.0247165889882388	0.186010844304569	-3.43165500503482
MCRS1	-0.674412889342963	6.33703127043632	-2.6302475184962	0.0247214311867471	0.186010844304569	-4.08262297820921
GCAT	-0.97529303699753	4.41197106259461	-2.62893180323523	0.0247778433394552	0.186225784246193	-3.93196104772323
CCNYL6	-1.53791516800304	-2.44036200050619	-2.62873297381545	0.0247863794041458	0.186225784246193	-3.30109003184484
PLEKHG3	-1.08012357368792	4.69409069672937	-2.62841271338592	0.024800134842947	0.186225784246193	-3.96471946437064
KLHL26	-0.809662624841133	3.44366318202838	-2.62838763289724	0.0248012123901226	0.186225784246193	-3.81026760761571
RNF166	-0.820054711957502	3.95420454945902	-2.62835490648668	0.0248026185033357	0.186225784246193	-3.87640290295261
IRAK1BP1	-1.73332463444152	2.62441211742221	-2.62828745056676	0.0248055170443241	0.186225784246193	-3.70994988801316
ENSG00000287713	-1.73792500029707	-3.80582359536434	-2.62828045449617	0.0248058176806118	0.186225784246193	-3.24297015245161
TACR3	1.47395454329315	3.09701013913989	2.62803639702735	0.0248163076253347	0.186225784246193	-3.76686338809003
MEAF6	0.596094624001132	5.55121198523929	2.62794537035672	0.0248202212128521	0.186225784246193	-4.04189978275146
TCL1B	-1.08429941327681	-0.338069548886056	-2.62775592477566	0.0248283681759295	0.186228366830581	-3.44160316527643
ARK2C	1.03472419159159	4.07627202905763	2.62662242819638	0.0248771688939483	0.186475485104829	-3.89478904050028
ZFP57	-2.01592404887588	-3.02264236067046	-2.62645152131401	0.0248845352582936	0.186475485104829	-3.27671885917502
MMD2	-1.68721174868906	-2.5903975110503	-2.626446450617	0.0248847538466871	0.186475485104829	-3.29702612907323
ENSG00000303211	-2.72128887134304	-3.38232681419436	-2.62546590373555	0.024927059299614	0.186733874546104	-3.26302880111761
C5orf58	1.29001992526751	-0.238696632169316	2.62453141097049	0.0249674442799121	0.186846069477767	-3.45442731415934
ENSG00000287917	-1.216541473865	-2.15342069083255	-2.62448697401878	0.0249693662831128	0.186846069477767	-3.32297238012955
PSMA3-AS1	0.563436134441227	3.99674828780247	2.62428958213249	0.0249779057262012	0.186846069477767	-3.88870622205772
SNX16	-0.637752556475521	3.3193857457415	-2.62418761859234	0.024982317945215	0.186846069477767	-3.80131862995625
PTGS2	1.03910986677157	-0.24484813981336	2.6240713880111	0.0249873484797107	0.186846069477767	-3.45469060300353
ENSG00000306093	1.43895263674037	-1.54748163025997	2.62403305002657	0.0249890079931718	0.186846069477767	-3.36013170721584
WWC2	-0.566995704056623	6.51353161886649	-2.62343834878684	0.0250147645023313	0.186980076535277	-4.10180657986981
ENSG00000267048	-2.45324661999076	-3.12823431609473	-2.62303423856033	0.0250322815675168	0.18701781269298	-3.27727846663888
TSSK6	-1.13281453203848	0.846411563522387	-2.62296037595437	0.0250354846253853	0.18701781269298	-3.54431599313326
TMEM170B	0.909147321651014	4.46718805907993	2.62242674353797	0.0250586377414356	0.187132198677986	-3.94934918407509
RASD2	-1.23368386376911	2.99897617710668	-2.62218576145744	0.0250691003870048	0.187151773205081	-3.76451693736449
TESK2	-0.688207902489818	3.42364436118094	-2.62183206588712	0.0250844645412094	0.187174818452577	-3.81864743975771
OR2AG2	-1.08673090759733	-1.36434478749196	-2.62175364943377	0.0250878721343191	0.187174818452577	-3.37580159526521
BHLHE41	2.1842861747305	3.44681727080661	2.62091958493996	0.0251241449477512	0.187352156997183	-3.82318129070239
FBL	-0.482723586958748	8.39499267451324	-2.62084614498199	0.0251273412891433	0.187352156997183	-4.16448932886236
OTOP2	-1.63727123311223	-3.15898691180876	-2.62059024696206	0.0251384819447765	0.187376686001243	-3.27965426757429
CDR2L	-0.661603074706261	5.09740519316043	-2.62019976628581	0.0251554911859931	0.187444929171432	-4.01859167905885
NINJ2	-1.70919422473039	-2.17864192777303	-2.61911077269696	0.0252029879099527	0.18774023484608	-3.3299029361343
FAM200B	0.706512204243887	3.31253632258599	2.61752196635741	0.0252724439458869	0.188151771460273	-3.81159277613511
CLCN1	-1.06569568069148	-0.0399303308379588	-2.61737419603738	0.0252789135093412	0.188151771460273	-3.48135687333545
NEK7	0.723007599393366	3.89663630773929	2.61730635469249	0.0252818842365231	0.188151771460273	-3.88756822679285
REEP1	0.825697493975353	1.71648112910312	2.61689794423488	0.0252997755870023	0.188226229406167	-3.63332059296648
COG2	0.582158489705857	5.60131529027046	2.61651307418359	0.0253166472063734	0.188293056676383	-4.06475999412966
TXNP6	2.01981100482243	-1.73084710630356	2.6158335425074	0.025346463251547	0.188385172141469	-3.36132502284983
ENSG00000302317	-0.960391148269782	0.580788052280864	-2.61576241536881	0.0253495861372185	0.188385172141469	-3.53372248448966
DNAI2	-2.2990921004333	-3.57601333013591	-2.61569123332278	0.0253527118162483	0.188385172141469	-3.27013691580419
MEF2A	0.721646573430135	5.20199335459328	2.61539296234537	0.0253658133739592	0.188423861747988	-4.0358964251408
VWA5B1	1.64772163323112	1.62494113826012	2.61480741893552	0.0253915529397021	0.188540308287485	-3.62795611484395
ENSG00000253336	2.60314329174626	-0.757573900360974	2.61462811996085	0.0253994398267835	0.188540308287485	-3.43055227260963
TEF	-1.24497953370617	3.68540353628849	-2.61449746792473	0.0254051883962187	0.188540308287485	-3.86490563423072
LINC02288	1.02248426876378	1.07819439364162	2.61417710713184	0.0254192894457471	0.188586316817422	-3.57878725112951
ENSG00000286788	-1.26308012477235	-1.12747364023318	-2.61353660421415	0.0254475052299192	0.188679367546814	-3.40514886703322
RASSF9	-1.85847807328885	-1.59676621026266	-2.61353348932839	0.0254476425245399	0.188679367546814	-3.3734161350722
ASPSCR1	-0.906752572220481	4.51967372555215	-2.61268083712335	0.0254852524954736	0.188854403857851	-3.97187418809146
SLC25A15	-0.449536356553021	5.15189988188787	-2.61246921069217	0.0254945957560501	0.188854403857851	-4.0364730474539
RBIS	0.66746877804187	4.79105550094559	2.61244710329836	0.0254955719888518	0.188854403857851	-4.00188600653255
LPAR5	-1.30243286509016	-1.09075723379029	-2.61228115497516	0.025502901229055	0.188854403857851	-3.40975851653486
DUS2	-0.56511531964953	4.30590868675857	-2.61208840064947	0.0255114170042936	0.1888588677548	-3.94769359672906
FDXR	-1.02555431238191	4.46058585497464	-2.61173144608184	0.0255271945087018	0.188893896628751	-3.96660567292283
CRIP3	-0.709446092332533	3.235699652975	-2.61162327430713	0.0255319776479805	0.188893896628751	-3.81166071058405
EIF4H	-0.678624068897496	8.28875456769683	-2.6108394080221	0.0255666652462283	0.189027443258309	-4.17887336906155
RPL7AP20	-2.54346756784123	-2.42364551247344	-2.61074075296803	0.0255710342370273	0.189027443258309	-3.32965273689256
KCNK2	1.56881481941233	1.4941132724954	2.61067221831187	0.0255740697665761	0.189027443258309	-3.62236682614134
MYBPHL	1.62007035499522	-3.58792944129986	2.61049978588408	0.025581708707602	0.189027443258309	-3.27745371300536
EIF4HP1	-0.750965273614744	5.35706760448754	-2.6102419836725	0.0255931338473012	0.189053335045973	-4.05734941615288
ENSG00000257511	1.18807883053734	4.83306293426879	2.60864453659871	0.0256640416892995	0.189518466274292	-4.01263709189102
LY6E	-0.871440560297891	6.16307580527318	-2.60836116776779	0.0256766402815866	0.189552852954107	-4.11146744818337
ARHGAP22	-1.1695762071191	2.52489280380061	-2.60765136015184	0.0257082253223771	0.189724007430858	-3.73293600795171
ENSG00000289205	-6.23608803112653	3.61936299709719	-2.60748298969611	0.0257157231339852	0.189724007430858	-3.86805560012223
RAB30	0.591841758128216	3.50417793659084	2.60696093674114	0.0257389848084555	0.189812877389788	-3.8539733210359
ENSG00000306999	1.63101663480346	-2.47323976250617	2.6068557399723	0.0257436747019208	0.189812877389788	-3.33304654596599
MRPL28	-0.909285353752133	6.19840803722378	-2.60582951810419	0.0257894703574433	0.190090482774806	-4.11748350670766
FAT3	0.829217761612636	6.11631504208108	2.6056552648196	0.0257972545232999	0.190090482774806	-4.11369886345388
FGF14	1.43389647719488	0.189037307071246	2.60520686455682	0.0258172959856502	0.190179445459727	-3.51904921828173
TINAGL1	-1.26962567362682	2.64492107011337	-2.60429972484686	0.0258578882944255	0.190412421464544	-3.75215737475695
ZNF148	0.534702510531894	4.82345985663022	2.60388446822742	0.0258764911537822	0.190412421464544	-4.01967930595167
VPS36	0.512065804636408	5.25167343775279	2.60379924808205	0.0258803105279102	0.190412421464544	-4.05971583654117
SUSD6	0.689455787276244	3.29467832098244	2.60367541406666	0.0258858614855685	0.190412421464544	-3.8324476569405
MACROD1	-0.805893309655219	3.2154752494547	-2.60350382163724	0.0258935552050434	0.190412421464544	-3.82265377643304
FAM133A	0.864040585437408	1.11120953894417	2.60320041813447	0.0259071645148717	0.190412421464544	-3.59964585061212
CEP295	0.771527613371525	4.73564643912281	2.60318431186507	0.025907887167713	0.190412421464544	-4.01173301095013
PSMB8	-0.799425079115316	3.51381629483627	-2.60288380980728	0.0259213737024557	0.190412421464544	-3.8620363746981
VPS13B-DT	1.77024996011503	0.187823113022355	2.60250619494364	0.025938330939505	0.190412421464544	-3.52331342270837
ENSG00000271858	-1.2518960627446	-0.395889395658058	-2.60242893796254	0.0259418016109145	0.190412421464544	-3.47772705675846
IER2	-1.03565996142537	6.19327539627121	-2.60236182044019	0.0259448171541624	0.190412421464544	-4.12310241377296
RAB29	1.05524061475247	4.8743114262136	2.60172293842221	0.0259735390965185	0.190412421464544	-4.02853453140116
ZCCHC3	0.729569445480034	6.55413011351149	2.60171901633212	0.0259737155176372	0.190412421464544	-4.14027261586233
MAP3K8	0.720916534925182	2.51789294892137	2.60163397667992	0.0259775410130049	0.190412421464544	-3.74212725930823
TMEM161A	-0.859842903743767	5.32586165770767	-2.60154246753705	0.0259816581619334	0.190412421464544	-4.06956938872514
LINC02026	-2.23503714936604	-3.58661550403355	-2.60151056528707	0.0259830936495717	0.190412421464544	-3.29095422203491
SGCE	0.717554239188323	5.04782394513761	2.6014351412276	0.0259864877766462	0.190412421464544	-4.04576038219202
CRYZ	1.52772157227455	4.15330684416487	2.60130093684958	0.0259925281405909	0.190412421464544	-3.94705959142307
CRIPT	0.706792924766742	3.80948336339898	2.60102781627889	0.0260048252443504	0.190419895309333	-3.90364808734359
PLIN4	-2.72016402834672	-1.48559595689885	-2.60092390917636	0.0260095051203932	0.190419895309333	-3.40044227641408
SLC6A13	-1.76457732231819	-4.08387918875647	-2.60017058622968	0.0260434590636126	0.190422591339854	-3.27529667060582
IRF6	-2.51596173578411	1.976003477273	-2.60008115849066	0.0260474926903584	0.190422591339854	-3.68678809090192
ZBED5-AS1	1.11848215266911	1.98591194249992	2.59999407668578	0.0260514210997498	0.190422591339854	-3.68793987962173
SRRM4	1.17929153071033	2.68115101937938	2.59983584401683	0.0260585607511479	0.190422591339854	-3.7637608965331
ENSG00000284946	0.843132445779989	1.97729034141126	2.59981410483721	0.0260595418011788	0.190422591339854	-3.68735927145347
DHRS7B	0.582257418626594	3.75905397492112	2.59971615744298	0.0260639624452598	0.190422591339854	-3.89924530156074
ENSG00000232499	1.2405666907098	3.28996570953378	2.59967715832578	0.0260657227932837	0.190422591339854	-3.83852149775697
ENSG00000261628	2.08745830026063	-3.55795092868827	2.59916772735749	0.0260887284028532	0.190530266069093	-3.29557003230712
PCYT2	-0.97648166796603	4.49884249284971	-2.59858144762366	0.0261152293932648	0.190530266069093	-3.99320494456547
ENSG00000273391	-1.23385324301471	-0.119765160476549	-2.59839759376498	0.0261235454469998	0.190530266069093	-3.50565252592875
ENSG00000302893	1.74391302446302	-3.55533373669061	2.59828348227255	0.0261287082444656	0.190530266069093	-3.29699575451858
SOX11	0.699578605301277	6.77705410319593	2.59827980943875	0.0261288744329479	0.190530266069093	-4.15476212423962
THOC6	-0.612669742497275	5.70932498054364	-2.59787617713449	0.0261471443900232	0.190530266069093	-4.10344641882431
ENSG00000288044	1.07555115787737	0.953982859435852	2.59768635445108	0.0261557408790247	0.190530266069093	-3.59480120219501
ENSG00000272861	2.30780937911192	-2.55900569728028	2.59754291292083	0.026162238767315	0.190530266069093	-3.34293904977552
FKBP7	1.17027258932897	3.12038541388693	2.59754205858594	0.0261622774734052	0.190530266069093	-3.82065714233418
SMC2	0.512230830125047	6.61578364278091	2.59735087861999	0.026170940410934	0.190530266069093	-4.15014974861475
PTAFR	-1.76563650413959	0.893725673936262	-2.59731138362339	0.0261727304022985	0.190530266069093	-3.59017925408159
ENSG00000273437	1.72278800530865	-3.13436973749511	2.5972335640124	0.0261762576964242	0.190530266069093	-3.31606629290236
ADNP-AS1	0.928940929229427	0.979298926244352	2.59642912468052	0.02621274779783	0.190648148701547	-3.59906139907694
TOX	0.891659494735634	4.85576434895041	2.59639708097738	0.0262142023740214	0.190648148701547	-4.03563003959432
OR52A1	-3.51744499111633	-2.27786635226527	-2.59614216024262	0.0262257769738293	0.190648148701547	-3.35994233956479
EXD3	-0.920925598324246	2.59609786382205	-2.59605315903732	0.0262298192408372	0.190648148701547	-3.76023779235393
LINC01278	1.03164659749377	5.05243327625637	2.59597281852874	0.0262334686860852	0.190648148701547	-4.05540188651762
BLZF1	0.549338076394874	3.9086961003452	2.59582068262727	0.0262403807971082	0.190648148701547	-3.92517419847356
FAAP20	-0.82319580469512	5.20645173808585	-2.59545344748053	0.0262570731272822	0.190711370763495	-4.06996522085926
ENSG00000184441	1.24704448227039	0.748695836451789	2.5950005057715	0.0262776756768647	0.190802946571259	-3.58152299524929
ENSG00000290114	-1.99803375760917	-3.61629889451199	-2.59447923342961	0.0263014061667884	0.190917171831733	-3.30032622675346
ENSG00000293322	-0.906865082520579	2.04768733395194	-2.59415875392369	0.0263160062800058	0.190952252984501	-3.70388242541502
MAP2K3	-0.848285990438855	5.11054155094296	-2.59381429814746	0.0263317076456378	0.190952252984501	-4.06431003516913
LINC01091	-1.86677960264028	-1.78497600668618	-2.59369888329501	0.0263369706915561	0.190952252984501	-3.39249957458921
EHBP1L1	-1.49066123656736	2.64417872594758	-2.59367101241886	0.0263382417909657	0.190952252984501	-3.76971074327082
GSK3B	0.537868835392536	6.50399074557721	2.59316726326869	0.026361226631631	0.191004391851275	-4.15270051731103
CSTF3	0.531506502521299	6.15248685946034	2.59308290657535	0.0263650775652256	0.191004391851275	-4.13680523312721
SENP1	0.581775808162893	5.75508873065762	2.59298731712104	0.0263694419554176	0.191004391851275	-4.11465353030627
SARS2	-1.46998707882604	1.66836894905695	-2.5920993860155	0.0264100170621548	0.191189198515037	-3.66944688229297
ENSG00000301878	1.07003224499888	-0.372026609166945	2.59207839597415	0.0264109769767494	0.191189198515037	-3.4961435752824
NUP153	0.485147326456053	7.52827436877003	2.59187503320942	0.0264202789353086	0.191198543768651	-4.19041651090114
ENSG00000286669	-2.3152614703755	-3.34744240742552	-2.59157683237599	0.02643392473042	0.191211941801328	-3.31545496128001
LCLAT1	0.780299092109091	4.60267051221784	2.59147562020294	0.026438557830409	0.191211941801328	-4.01690091400296
ENSG00000277324	-1.12002687281319	-1.2894922197964	-2.59126824065965	0.0264480533756218	0.191211941801328	-3.42891770100053
LINC00504	1.54479685084336	-0.646369045532832	2.59113455162552	0.0264541765545726	0.191211941801328	-3.47640623451549
ENSG00000287063	2.53324850116121	-1.57033212675041	2.59053423568097	0.0264816893517745	0.191344483944812	-3.4111461097368
IKZF1	1.49401564784485	2.11231708197835	2.59031225939178	0.026491869826594	0.191344483944812	-3.71693137898372
C1QTNF3	1.36567607156023	-0.76943325947753	2.59020991141126	0.0264965651082081	0.191344483944812	-3.46849187936162
BRWD3	0.4777540067729	6.47789693768671	2.58949832364797	0.0265292324900539	0.191474682304759	-4.1578092051585
IQCK	0.966329103439419	3.48421340108283	2.58946769321184	0.026530639560139	0.191474682304759	-3.8806438292934
MIIP	-1.0445524374127	5.14980291651275	-2.58901798351828	0.0265513063910763	0.191563924358508	-4.07587853577568
SOX14	-2.30802711729715	-3.49920853326162	-2.58884940876562	0.0265590575146563	0.191563924358508	-3.31334345887929
ENSG00000299309	-3.48168897084693	-0.417824275482561	-2.58855942409261	0.0265723963566307	0.191602230768491	-3.49820923120659
LINC01108	-2.75753311313259	-0.00830011435360462	-2.58826605913868	0.0265858974450655	0.191641683576375	-3.53070262105273
ASPHD1	-1.12220348445649	3.29274931982641	-2.58776588711008	0.0266089317852225	0.191661458277647	-3.85875320031698
SIGLEC15	-1.74617247124775	-2.73883796585779	-2.58764573719831	0.0266144679761223	0.191661458277647	-3.34907660143387
TAB1	-0.643359841109318	5.3054291566736	-2.5873662060286	0.0266273524542384	0.191661458277647	-4.0918518888258
ESPNL	-2.26524258733247	-0.134857824248534	-2.5871074047931	0.0266392869370029	0.191661458277647	-3.52260648503377
TOP1MT	-0.555516342077596	5.54967798240972	-2.58700687492937	0.0266439242486961	0.191661458277647	-4.11101845392236
PSMC1	0.633921297174503	4.06395461908924	2.58682595852716	0.0266522717028969	0.191661458277647	-3.96009996422826
ENSG00000306014	-2.09735287697737	-3.09455997524628	-2.58661323108539	0.0266620902300799	0.191661458277647	-3.33390959125203
C19orf53	0.489822391209263	6.11245974868827	2.58638540879397	0.0266726094431698	0.191661458277647	-4.14609894295529
MFSD14A	-1.24929027082678	1.35820506378851	-2.58637673557572	0.0266730099919908	0.191661458277647	-3.64953284936135
POLRMT	-0.801351573364893	5.91255701980218	-2.58620115146565	0.026681120145461	0.191661458277647	-4.13559096371881
PLPPR3	-0.905765658584498	5.33667396754905	-2.58617139755155	0.0266824947079845	0.191661458277647	-4.09638895860377
ENSG00000260273	-1.51603147411088	-2.67228569341602	-2.58603622647494	0.0266887401853473	0.191661458277647	-3.35483430397395
E2F7	0.454668472420842	5.33320750236942	2.58594327284112	0.0266930358786147	0.191661458277647	-4.09649934694058
NDUFV3	0.593231952465525	5.61506075336851	2.58544769336126	0.0267159498080059	0.191768292952685	-4.11822077529297
ENSG00000232828	-1.1125175524691	-1.86902685909356	-2.58512925415477	0.0267306836553125	0.191816364041294	-3.40066171446854
KRTAP4-1	2.30860614392858	-2.88964147592866	2.58479607180717	0.0267461082751033	0.191869361647698	-3.34613469061023
NFKBIL1	-1.1166121096561	3.50334421570231	-2.58454333632978	0.026757814505035	0.191895660694612	-3.89134415050054
ENSG00000260838	2.10250504775979	-3.21105193322895	2.58415025990479	0.0267760311551504	0.191968619879836	-3.33247114331228
RNF5	0.802529913921362	6.53853120252856	2.58377109767421	0.0267936146164499	0.192036997012256	-4.17000761286137
C12orf75	-0.644048636668477	3.70682958268028	-2.58305271157727	0.0268269608074527	0.192108296084941	-3.92034178417414
ENSG00000267724	1.72314731405336	-3.82873034779635	2.58303784369495	0.02682765138211	0.192108296084941	-3.30944337839259
MSC	1.41580866232563	1.3674113976606	2.58303658504003	0.0268277098441826	0.192108296084941	-3.65584975396413
ENSG00000243802	2.08426442008326	-2.15731035765855	2.58258609428524	0.0268486423757559	0.192200524169816	-3.38759737327623
IMPDH1P5	-1.60372439428001	-2.49076690874924	-2.58229229332384	0.0268623028699587	0.192240654451965	-3.36985966602591
PLCL1	2.51845588227327	-2.07959432206754	2.581947873589	0.0268783256927919	0.192286781737668	-3.39305177090365
LEF1	2.00112122192965	1.40134750761745	2.58163086010809	0.0268930819146866	0.192286781737668	-3.66130161986403
FH	0.478474710859366	6.83314779447192	2.5815605295615	0.026896356722006	0.192286781737668	-4.18513244000479
TBC1D19	0.746398687229374	2.10796607313779	2.58146136622868	0.0269009747442944	0.192286781737668	-3.73107535553
TUB	-0.720750112034774	5.24765099426467	-2.58078579944906	0.0269324567114306	0.192454174949615	-4.09822018454688
FRAT1	-1.1161678248683	1.73200233472416	-2.57963778497681	0.0269860388894319	0.192779344559734	-3.69609435727864
H2BC12	1.25648547839866	3.31999810109968	2.57929174253605	0.0270022107088405	0.192807826704787	-3.87637196594435
GHR	1.60664052672763	0.267463191172493	2.57906158572346	0.027012972089363	0.192807826704787	-3.5675413822296
ADGRG5	-0.696925764956979	3.84325883659017	-2.57903402083404	0.0270142612184526	0.192807826704787	-3.94488539196302
ENSG00000268027	2.31210156021569	-2.73446091715778	2.57861537886113	0.0270338473714745	0.192889935789232	-3.36307456935047
CDC34	-0.661597692896716	6.51013892336394	-2.57763761334804	0.0270796469278643	0.193103400484787	-4.17921629877136
SLC9A5	-1.20182131561648	2.64980440070835	-2.57763122475095	0.0270799464290687	0.193103400484787	-3.79695706065368
IL1RAPL2	1.31412354242349	-1.55805430871372	2.57735831439809	0.0270927436926545	0.193136951527057	-3.43257551186214
TMEM102	-0.99591511166814	2.36093801872244	-2.57681469483853	0.0271182528613567	0.193261075258884	-3.7657865640875
DDX47	1.50365659002252	-1.05805988281722	2.57616469293131	0.0271487852241587	0.19340215213485	-3.46921898601316
SPTBN4	-1.62852900483854	1.55334375808391	-2.57604831676934	0.0271542553234124	0.19340215213485	-3.68474366604233
ZNF678	0.485018565920869	5.27585193985444	2.57576502025141	0.0271675758458481	0.193439299735339	-4.10902838331054
ENSG00000261654	1.33447006486341	-1.61071283142839	2.57512492170087	0.027197696940751	0.193596013386491	-3.43261166837002
CIP2A	0.468975182576198	5.94441470784523	2.57439163809345	0.0272322437002454	0.193784126533618	-4.15735226762863
NEXN	0.706404785484523	2.87712211236684	2.57397564732646	0.0272518613492517	0.193830396494634	-3.82990974359605
DNAJC5	-0.94928990100908	5.98106457330177	-2.57390936364795	0.0272549885044619	0.193830396494634	-4.16021119986694
ENSG00000225156	-3.52573159466892	-2.47459025067136	-2.57355963422943	0.0272714940508808	0.193840436084633	-3.38411217697053
DNASE2	-0.901665701922709	5.04123846692563	-2.57341803492249	0.0272781796726373	0.193840436084633	-4.09238093661985
RPL23AP87	1.83927583724591	-3.21647484187058	2.57336328192717	0.0272807652745751	0.193840436084633	-3.34850747630904
DOC2A	-1.07628712100287	2.66069234499928	-2.57245006323851	0.0273239260274267	0.194030934096534	-3.8068053275604
RPAP1	-0.858341252788702	6.48600091424633	-2.57234911536562	0.0273287011984678	0.194030934096534	-4.18714580584809
LYPD3	-1.07216922171599	2.41412924472233	-2.57213239660741	0.0273389555105654	0.194030934096534	-3.77937069377065
ACOT9	-0.554251648340387	5.03666280210765	-2.57195591010131	0.0273473089998357	0.194030934096534	-4.09441411215419
TFR2	-0.763588738475095	1.97091634312503	-2.57193658179921	0.0273482240038857	0.194030934096534	-3.73262811059062
MYBL1	0.801428583843619	2.78315216914518	2.57159558627068	0.0273643717585763	0.19408780408973	-3.82260273302493
CDC20	-0.610529565274943	7.86595078832332	-2.57079562320418	0.0274022908713116	0.194258334149605	-4.23571789140919
ENSG00000268635	1.32250036722354	-2.81174552846361	2.57074498059722	0.0274046931362015	0.194258334149605	-3.37126900264533
SATB1	0.546744182576314	5.35013154077761	2.57032453576893	0.0274246452642377	0.194285461929254	-4.12418035068275
DCP1B	0.755646645107567	5.32265273361779	2.56990257616283	0.0274446837388308	0.194285461929254	-4.1226950989876
SURF1	-0.593455775113615	4.79862074624058	-2.56981281423984	0.0274489483200916	0.194285461929254	-4.07450183495417
ITGA1	-0.665144529349966	3.04976311839447	-2.56980158635354	0.0274494818021792	0.194285461929254	-3.85800334311703
ZNF251	0.664487957881514	4.59510525404731	2.56950196617521	0.0274637217566687	0.194285461929254	-4.05301575354127
MTMR6	0.647761272527969	5.26661788555982	2.56947588122477	0.0274649618340477	0.194285461929254	-4.11887156899712
PPP1R26	-0.994188288844251	5.2867229128595	-2.56946450837875	0.0274655025159972	0.194285461929254	-4.12052555102412
F12	-0.799672655000907	1.8430201354497	-2.56798830321099	0.027535773043462	0.194724828215795	-3.72620950558422
PHF13	-0.637410039098362	5.91611098204651	-2.56751767945269	0.0275582131435828	0.194781638171699	-4.16734474394254
MAP2K2	-0.867863918349126	7.0523303461541	-2.56747752275912	0.0275601287177202	0.194781638171699	-4.21663060482917
UBE2E3	0.60611705492917	6.51691253303173	2.56640413101752	0.027611381060106	0.195086095844153	-4.19847240865435
NUBP2	-1.01276391199809	5.14015444211466	-2.56584103288913	0.0276383056113806	0.195206848417832	-4.1140815596247
TMEM44	-0.888739080030056	3.48039207807556	-2.56527833551101	0.0276652369650587	0.195206848417832	-3.92052589651038
ENSG00000276855	0.844224998833775	2.2520918716415	2.56520059162698	0.0276689599202172	0.195206848417832	-3.77314522671786
RAB38	-0.748504894283776	3.48596648938809	-2.56514286991922	0.0276717243855377	0.195206848417832	-3.9214785429916
SEPTIN9	-0.735828082036035	9.00490475405484	-2.56506915405431	0.0276752552564838	0.195206848417832	-4.27293298075347
ENSG00000299186	-1.50393692959438	-1.96589114770967	-2.56502134737988	0.0276775453574368	0.195206848417832	-3.425999906299
PRKCD	-0.511396226240032	4.87335227940195	-2.56407988104686	0.0277226830134269	0.195467437365276	-4.09183900651142
ID2	0.959089003212343	6.05268950847808	2.56351106598202	0.0277499895837602	0.195602185881749	-4.18160525684908
PNMA6F	-2.64095477918093	-2.91882430928719	-2.56157082636999	0.0278433332812241	0.19612920116609	-3.38003409236714
GRIN2B	1.8032985335211	2.3164055664974	2.56148038259512	0.0278476920465208	0.19612920116609	-3.78624628167824
ENSG00000279207	0.753465759133995	3.66887183708745	2.56144474411879	0.0278494097604173	0.19612920116609	-3.95152481884831
GAA	-1.02720797984382	5.89730316751963	-2.56087831318167	0.0278767248496026	0.196247937074409	-4.17744401571599
OXLD1	-0.887600749302472	4.15851324841489	-2.56075417304641	0.027882714820435	0.196247937074409	-4.01574849954393
KIRREL2	-0.896577334245764	2.86346318027082	-2.56046169427283	0.0278968324507012	0.196289416303327	-3.85068414852885
LINC02151	1.46162814492439	0.594011404231346	2.55965901332026	0.0279356133385842	0.196504357073973	-3.62580030071269
GPC4	-1.53302487305833	8.38168028325984	-2.55914649604626	0.0279604031031367	0.19659139772604	-4.26873011023808
NDFIP1	0.585363744582684	6.44374075099707	2.55906263970003	0.0279644611924375	0.19659139772604	-4.20777668951919
CDO1	0.530762702381494	4.42830565803966	2.55840404943239	0.0279963528499511	0.196757642364483	-4.05248670517438
PTGER3	-1.26629601384663	-1.6877173652915	-2.55809088247341	0.0280115303086536	0.196806356749083	-3.45418925019575
RPL7AP34	2.18728415273505	-3.15647965437849	2.55749395812177	0.0280404824605136	0.196817880845851	-3.37512804642839
SNX8	-0.924684843837502	4.80560812125717	-2.55748314538633	0.0280410071750407	0.196817880845851	-4.09596113241353
LINC02542	1.30079583592071	0.104581971980114	2.55747182982986	0.0280415563005959	0.196817880845851	-3.58921810285731
CACNA2D4	-2.14715324840956	-1.85602470099795	-2.5573770482487	0.02804615631444	0.196817880845851	-3.44460722981084
HMGCL	-0.91010783893217	4.33964718786133	-2.55702262112729	0.0280633642657708	0.196880751008569	-4.04431612480951
DNAAF11	0.837161660548411	2.08108231802915	2.55637925306823	0.028094627415039	0.196995386453582	-3.76958087544893
FBXO2	-1.12927400049701	4.83517471385081	-2.55634665939528	0.0280962121543551	0.196995386453582	-4.10091929702797
SEMA4B	-0.550537239269532	6.0133580015192	-2.55580333745815	0.0281226420776751	0.197058239853344	-4.19250255104791
PPP1R10	0.58296818557606	6.41557238793197	2.55578716775355	0.0281234290305775	0.197058239853344	-4.21207445325208
FAM86FP	0.736092388418472	2.39637984840075	2.55565327754488	0.0281299460837283	0.197058239853344	-3.80462721784415
DCUN1D2-AS	1.79096955198461	-2.83361758480976	2.555002075803	0.0281616643827657	0.197200719748606	-3.39415154036066
PDF	-1.66727273541374	0.185312291181737	-2.55489650117986	0.0281668099728913	0.197200719748606	-3.59986434291829
PIK3C2B	0.793283214312106	5.63860563840412	2.55454967870064	0.0281837202634305	0.197261246782199	-4.17190926165556
LINC01003	1.09013036824165	0.184310167036962	2.55420985761298	0.0282002989226966	0.1973194178798	-3.60088883791824
ENSG00000289453	-1.76731684209522	-3.56484659181407	-2.55398215786519	0.0282114129788881	0.197328810782382	-3.36286814162322
ZBTB47-AS1	-1.19393213816323	-1.98760253018146	-2.55384362246117	0.0282181770310584	0.197328810782382	-3.44201646442406
BBX	0.599237023012172	6.72764167963225	2.55364392065345	0.0282279303830288	0.197339195797231	-4.22836311327463
NAGS	-0.803978696310331	2.15302998150153	-2.55183192827488	0.0283165798570128	0.197900969677108	-3.78463085971541
GIT2	0.486772177512099	5.0790940566508	2.55118871373863	0.0283481145056884	0.198047599806784	-4.13327992742497
HLA-DOA	-0.614370039929302	5.114550919928	-2.55104691532024	0.0283550710771071	0.198047599806784	-4.13670272706501
RSPO2	-1.11316991445143	-0.366037190061467	-2.55089645848032	0.0283624542732471	0.198047599806784	-3.56243531364466
PCSK4	-1.15108280217836	2.15692131120962	-2.55036838025844	0.0283883831016401	0.198170675486062	-3.78745148933753
CDKN1C	1.02211151231858	4.28235325647521	2.54986124601724	0.0284133056389432	0.198240633227271	-4.04931119202465
ENSG00000309226	1.75984500094035	-1.66634533686501	2.54975567519824	0.0284184965175365	0.198240633227271	-3.46857339122615
WDR5	-0.629061407520723	6.44227601641941	-2.54965753515865	0.0284233228685516	0.198240633227271	-4.22357961928003
LGR6	-1.04141848551511	1.03930378670143	-2.54932504336627	0.0284396802439926	0.198271329678708	-3.68106126090254
FAM66A	-0.778428021513893	3.23620466216144	-2.54923038592435	0.0284443387447059	0.198271329678708	-3.91568635240296
WDR90	-1.45051438702043	3.75505586701402	-2.54894333609733	0.0284584703182682	0.198311915645579	-3.98363625497527
SDHCP2	1.33072014933818	0.265605213504409	2.54826437233448	0.028491923603394	0.198487081331642	-3.61704443257085
EGFL7	-1.07214309244402	5.05578266813944	-2.54739797787217	0.0285346682770314	0.198667947786875	-4.13750872752258
VEZF1	0.448403206511763	6.52402489854522	2.54668013734796	0.0285701318793714	0.198667947786875	-4.23204629775948
RPL13A	-0.519496752697796	9.12620299315876	-2.54641291956659	0.0285833444140822	0.198667947786875	-4.30705287892956
SSBL2P	1.60024315249013	-0.24734685891888	2.54626117444441	0.0285908501133202	0.198667947786875	-3.57919955046045
MRPS11	0.697745569312366	5.16724901772538	2.54615445663905	0.0285961298141382	0.198667947786875	-4.14959381419928
ENSG00000301017	1.26181005217241	-1.91724539077462	2.5461303658672	0.0285973218017251	0.198667947786875	-3.45826591601453
STUM	1.34377725716233	1.28454577366076	2.54608267700803	0.0285996815442261	0.198667947786875	-3.70855684895385
ENSG00000289095	-1.426819891985	-2.37701670259862	-2.54604435762855	0.0286015778051592	0.198667947786875	-3.43161772072859
CENPF	1.13910917628012	8.10392647800012	2.54590798001688	0.0286083275538628	0.198667947786875	-4.2841147420432
CYP2B7P	-1.60354140678222	-2.11416626326713	-2.54588684767027	0.0286093735997973	0.198667947786875	-3.44679310344608
GPR150	1.65660681727507	-2.47985644940121	2.54583878601751	0.0286117527805319	0.198667947786875	-3.4263360181676
PMFBP1	1.07025282921488	-0.922004455585684	2.54571717586565	0.028617773682963	0.198667947786875	-3.52746145327191
SPHK2	-1.14923881048481	4.76871495299401	-2.54524821686124	0.0286410035119409	0.198771395992874	-4.11265472784121
ATP10A	1.18683914441782	3.39436261499291	2.5445022237446	0.0286779946115342	0.198924819292976	-3.94390747601908
ENSG00000267056	2.01994855926265	-2.19242645703491	2.54432652939158	0.0286867135281629	0.198924819292976	-3.44465428375304
TRPC4AP	-0.550111866087045	6.86865898952512	-2.54429830406272	0.0286881144679441	0.198924819292976	-4.24934912521472
LINC00629	1.87808913293885	-1.70683112307858	2.54353821092917	0.0287258664774384	0.199128740986646	-3.47562353395633
KLHDC4	-0.77360629059659	4.92216134189423	-2.54286814365932	0.028759187843113	0.199301839794303	-4.13234164995504
SHKBP1	-0.675753071602429	6.21707087243167	-2.5424517429576	0.0287799140244872	0.19933191476435	-4.22543537389019
BLVRA	-0.544368937146165	4.48020073718188	-2.54228815172207	0.0287880607529834	0.19933191476435	-4.08557772747893
CHMP1B	-0.659153514735039	5.79957744442843	-2.54227766647256	0.0287885829887592	0.19933191476435	-4.20297302652331
FAM222A	0.917727401126976	1.57554991247264	2.54186929379449	0.028808929974105	0.199404396703431	-3.74282061272392
SEMA3C	1.22975191725781	0.0778684243992996	2.5417322590965	0.0288157608509714	0.199404396703431	-3.61236522445974
RPL29P6	-2.55826490965867	-2.42843979258315	-2.54012454728505	0.0288960213905379	0.199850379648998	-3.43788212911926
RIN2	1.10735558343847	1.78995665195517	2.54010584249432	0.0288969564741565	0.199850379648998	-3.76667160959057
UCMA	-1.64214483945546	-1.36176963630081	-2.53992536786131	0.0289059802378148	0.199854875531844	-3.50453555735243
PLA2G12A	-0.599313843981969	3.84250104459229	-2.53975626640246	0.0289144378678132	0.199855455717086	-4.01044282950187
MTERF2	0.613354738604392	3.28041663096631	2.5392895670719	0.028937792581957	0.199946303159684	-3.9378759732861
YRDC	-0.712257484808224	4.13318095290255	-2.53915886766401	0.0289443364233758	0.199946303159684	-4.04868102219884
ZBTB41	0.832007420608325	3.5409224998049	2.53858329641272	0.0289731714557705	0.20002980381292	-3.97287264837276
ENSG00000303901	-1.07014319369204	0.08201387020821	-2.53858300497066	0.0289731860636555	0.20002980381292	-3.61775487511939
CPNE2	1.09663314881964	5.62348018174669	2.53828780002557	0.0289879862924247	0.200074108976663	-4.19827983860909
ENSG00000283103	0.739597651483935	2.90538427597281	2.53763212320408	0.0290208856650901	0.200243272092716	-3.89360651765679
RFT1	-0.473259352472303	4.9984420925523	-2.5369495463492	0.0290551739751154	0.200349250400428	-4.14962895078312
ENSG00000255389	1.25033350035135	0.885298224102453	2.53683900127546	0.029060730819974	0.200349250400428	-3.68773550517257
COPS7B	-0.514279733233074	6.10151933210986	-2.53675155322372	0.029065127374893	0.200349250400428	-4.22927375912393
MACROH2A1	1.11626249815462	7.43614522458674	2.53665818056106	0.0290698225221721	0.200349250400428	-4.2809655587687
TPM3	0.841515774553603	9.46901053372203	2.53626960919287	0.0290893694789284	0.200426091614776	-4.33115473453515
GNB5	-0.589734261404189	4.99057088139904	-2.53596744015889	0.0291045789695144	0.200435504291587	-4.15052714963383
KCTD9P6	-1.617340780851	-2.54068296328963	-2.53590879694814	0.0291075316493334	0.200435504291587	-3.43827991583047
ENSG00000280128	0.978427280519703	3.2467321660186	2.53567724918176	0.0291191929477876	0.200457968873622	-3.93955237963629
ECSCR	-2.09418419848728	-3.22904730458988	-2.53546185312329	0.0291300449515256	0.200474850881794	-3.40504797559752
ZNF480	0.83912779483323	5.19147478358642	2.53523280097848	0.0291415893546822	0.200496486920784	-4.17006437623098
PIGV	-0.711953605171324	3.9739852684846	-2.53491765081366	0.029157480551891	0.200548008164836	-4.03553707282138
MRPL57	0.72646188907554	5.7697188758024	2.53365936357811	0.0292210140577424	0.200927093781659	-4.21561326464999
ENSG00000304302	-1.89129627242807	-4.02994287462644	-2.53333503400214	0.0292374122793646	0.200967999040504	-3.37575472748582
GP6	-1.8222154430276	-3.32091993558958	-2.53320867284182	0.0292438036061369	0.200967999040504	-3.40432379673363
ALKBH7	-1.25751915966206	4.85344267943514	-2.53288787466226	0.029260035725495	0.201021667432467	-4.14219409238433
SLC45A3	-0.956370415427735	3.66378417113788	-2.53238748420329	0.0292853728332973	0.201102513447118	-3.99932249543632
HERC2P3	1.55793084646439	-2.09005930487411	2.53227263382752	0.0292911913018043	0.201102513447118	-3.46924039800803
HILPDA-AS1	-2.69039195780215	-1.63229176225347	-2.5318602738541	0.0293120914022647	0.201102513447118	-3.49870612094236
PDE4A	-0.633836559516048	3.55111847051304	-2.53174035361001	0.0293181722179275	0.201102513447118	-3.98559444804935
ENSG00000288918	1.56674960652196	-2.15394497404395	2.53148500215586	0.0293311245178408	0.201102513447118	-3.46668092350208
SLC25A18	-1.39411463416278	-0.224428785780336	-2.53124861122561	0.0293431201127393	0.201102513447118	-3.60501127896378
ACBD3	0.461636724935165	5.94991671063923	2.53123594831972	0.0293437628252429	0.201102513447118	-4.23039760241359
LINC02240	0.954111326219589	-0.722224714570777	2.53108281534113	0.029351536271601	0.201102513447118	-3.56597130581484
PPARA	-0.67898496433494	2.67865410379735	-2.53104108439136	0.0293536550007002	0.201102513447118	-3.87740130299782
THSD4	-1.11057836885795	2.94477982463706	-2.53094266840043	0.0293586522937899	0.201102513447118	-3.90950795365735
ZNF674-AS1	-0.745753707450597	1.66845467615245	-2.53082774173968	0.0293644890167681	0.201102513447118	-3.76988244397505
ITGB1-DT	-1.73865951600194	-2.13883796491275	-2.53038818849606	0.0293868229635302	0.201152757973889	-3.46925754213374
CFAP68	0.867695478683269	4.19967094977251	2.53035162091393	0.029388681738591	0.201152757973889	-4.0717814432957
ENSG00000272995	1.62536490194843	-3.88620701621897	2.52949713605546	0.029432149324247	0.201339675063059	-3.38670252901423
SLC25A32	-1.28550126311354	1.04826182597131	-2.5292087291001	0.0294468348926192	0.201339675063059	-3.71455380076817
PICK1	-0.826125742268921	3.77402647792109	-2.52906576080246	0.0294541174643347	0.201339675063059	-4.01928253464039
ENSG00000298581	1.19505885838049	-2.23931414779224	2.52901741665628	0.0294565804386035	0.201339675063059	-3.4655350967835
SIL1	-0.642109269481368	2.8583944044635	-2.5289862167047	0.0294581700808732	0.201339675063059	-3.90220410253398
LINC02084	-1.9055324132591	-4.27232294576868	-2.52842145657924	0.0294869593446391	0.201478745685228	-3.3750961620132
RPL24P2	1.4350753489418	2.95441399611784	2.52706738166673	0.0295560980004434	0.201840132385186	-3.91711004766546
GBX2-AS1	1.32660604830721	1.5313507351222	2.52705437276117	0.0295567630069227	0.201840132385186	-3.76278417162393
STAC3	-1.45405943699021	0.488957727535665	-2.52677444124165	0.0295710764973145	0.201880115206351	-3.67011392231265
PALD1	-0.946988181531514	5.66332039765649	-2.52609306177972	0.0296059454798488	0.202048400442903	-4.22143351512939
MFAP5	-2.64339220928303	-3.4270347127991	-2.52596198553171	0.0296126578434355	0.202048400442903	-3.41054467914845
COLGALT2	1.15187696127966	3.34933905177696	2.52533514632676	0.029644778814435	0.202209755920011	-3.96993250033221
MICU3	0.695648121904285	3.04408087915057	2.52505394741284	0.0296591993972188	0.20225031771812	-3.93154890328573
ENSG00000294418	-1.85552758506936	-2.18185785071286	-2.52451353136793	0.0296869327283821	0.202381611947528	-3.47579359140145
H2AZ2	0.418248068066791	7.14936103335013	2.52415231704927	0.0297054839718251	0.202450252985594	-4.29296643435167
MTND1P23	5.36417181466604	-1.51100423866376	2.52363132274953	0.0297322613532014	0.2025749020031	-3.51971300752375
PPP1R12C	-1.14061069470792	4.98881931721001	-2.52316625996149	0.0297561841671406	0.202671831567771	-4.17183783399337
WHRN	0.63141080927848	4.1283283869858	2.52293014654961	0.0297683371040705	0.202671831567771	-4.0751827588566
CAPN10-DT	-0.930085741740766	1.2627033264845	-2.52285971878446	0.0297719630232792	0.202671831567771	-3.74436775799545
HNRNPCL1	3.41149783526124	-1.67138186056003	2.52253294133163	0.0297887926134669	0.202710724200709	-3.51064240862927
TRPM6	-1.72018813948873	0.271671121898658	-2.52241900092226	0.0297946629444876	0.202710724200709	-3.6591292402446
CYP4F22	2.56344077887521	0.126729098112101	2.52157030373094	0.0298384246691904	0.202936562457063	-3.6486751784299
ENSG00000294960	-2.35407458406974	-2.99968820843033	-2.52144555395541	0.0298448625392505	0.202936562457063	-3.43693202617031
ENSG00000290107	-1.10382696989186	0.248723139912784	-2.52101177600923	0.0298672588724187	0.20299353744938	-3.65951187450246
SYT3	-1.08477300767567	3.50535442220589	-2.52095382944446	0.0298702519597026	0.20299353744938	-3.99757138304096
LRRK2	1.82802625201437	-1.38213235484209	2.52070475686688	0.0298831205623638	0.203023182027309	-3.53321022403095
SMTNL1	-1.71494054523073	-2.02401917168262	-2.52002190094263	0.0299184291183651	0.203110865294086	-3.49213258316025
TET2	1.02665117136183	2.47034815956161	2.5199885228959	0.0299201560581753	0.203110865294086	-3.871696450382
PCDHGC5	1.41922655853028	-0.179715068004263	2.51996144591036	0.0299215570609631	0.203110865294086	-3.62660325469435
APMAP	-0.580023312760041	6.42963583471453	-2.51972689741935	0.0299336956521839	0.203135488805992	-4.27343511814107
PWWP3B	2.20797210235629	2.53610067203512	2.51874916911081	0.0299843484118115	0.203421388159382	-3.88120247413188
MRPS14	0.652892854337813	4.98802511579233	2.51855601026224	0.0299943653122109	0.203431519439198	-4.17949125460371
PLPPR4	-1.55823116731501	1.53619098660077	-2.51792292009847	0.0300272194809824	0.20348803844257	-3.77814945368159
NDUFB4P12	1.9300188892341	-0.423637827177001	2.51787941127473	0.0300294786718993	0.20348803844257	-3.61049242194242
ZNF346-IT1	-1.37121683034265	-1.85016058835849	-2.5177674408043	0.0300352934976006	0.20348803844257	-3.50644350391262
SLC44A3-AS1	-0.998765655363465	0.825321596508104	-2.51773839160784	0.0300368022555485	0.20348803844257	-3.71343876451666
ENSG00000279726	-0.978302167819716	0.516798704108859	-2.51720867617045	0.0300643277491071	0.203616716909177	-3.6878789127596
GAMT	-0.842179480707205	4.1377292346432	-2.51620424035023	0.0301165893964083	0.203881431157193	-4.08760333761174
KCNT2	1.0129367507803	3.90907812500836	2.51612918819557	0.030120498020709	0.203881431157193	-4.05845328026455
RHBDD3	-1.05521308216615	5.06960290333289	-2.51545388247537	0.0301556896344091	0.204061764815549	-4.19240494472219
SLC1A4	0.987459375620315	3.24113810189861	2.51503134814434	0.0301777294225171	0.204139674081796	-3.97309147208085
ENSG00000269846	-1.49540561734982	-2.27404984071861	-2.51490526165536	0.0301843092904285	0.204139674081796	-3.48523313133459
GAS6-DT	-1.31985775078918	-1.2138878090128	-2.51461882217901	0.0301992624959155	0.204182945606236	-3.55476332205336
NPIPB2	1.00390682637989	0.392000734408447	2.51398436682291	0.0302324094487974	0.20434916916297	-3.68263080213391
PFKL	-0.793089360474483	7.06706821414801	-2.51294015140705	0.0302870423689206	0.204643381674979	-4.30908444586929
MIR4664	-1.8806397493419	0.674653404218782	-2.51282476471121	0.0302930853252483	0.204643381674979	-3.70836526448828
LINC02937	1.50976938684801	-2.17346531006528	2.5126096134776	0.0303043562609131	0.204652885205775	-3.49461186900577
ENSG00000286828	1.70724209257055	-3.20983494251502	2.51246176155869	0.0303121040452896	0.204652885205775	-3.44052632368579
ENSG00000248268	-3.27465592628304	-2.62095887480125	-2.51213092901126	0.0303294475180132	0.204652885205775	-3.47030710615864
MACO1	0.539467515933246	4.87152522403453	2.51190098790338	0.0303415076514151	0.204652885205775	-4.17922227954541
DAZAP2	0.639291093789871	5.37210076258092	2.51188428121386	0.0303423840813986	0.204652885205775	-4.22419137291993
RPL3P7	-1.36379173534852	1.00191451380765	-2.51181649384588	0.0303459404509674	0.204652885205775	-3.73862461215522
AOC3	-1.24001784138311	0.489442669328612	-2.51107247173674	0.0303850015620355	0.204821781019836	-3.69546312115599
PACC1	0.582933890086816	4.62752327216131	2.51093513403991	0.030392217201679	0.204821781019836	-4.15482995149496
CR2	-1.10421627976116	2.77873265839721	-2.51084926198826	0.0303967297260762	0.204821781019836	-3.92258556527217
PLXNA1	-0.700319995207582	6.83118499710137	-2.51066903955162	0.0304062024549757	0.204827782668051	-4.30462156327594
ENSG00000297474	1.77440486705654	-3.8488261645987	2.50974253980663	0.0304549464775893	0.205098252703336	-3.41736251164067
HKDC1	-1.55777467830181	-2.27642945636616	-2.50834135515256	0.0305288105516463	0.2055376929298	-3.49517635120709
MRPS24	-1.62898152557726	-4.09621600124411	-2.50703578752075	0.0305977931004129	0.205862567533091	-3.41209090267367
OTX2	-1.75249444334971	4.36597113003958	-2.50699333897809	0.0306000385407755	0.205862567533091	-4.13119279064509
LCORL	0.762617123390963	4.91541941219531	2.50686165915977	0.0306070051653956	0.205862567533091	-4.19205179260321
CALR3	-1.45542517444005	-2.8705445673301	-2.50675831225931	0.0306124739099432	0.205862567533091	-3.465545231729
TCEA1P4	-1.34182455477085	-2.53955259669129	-2.50661249489865	0.0306201916764768	0.205862567533091	-3.48310070450406
ZNF707	-1.21885600697016	2.69902234496078	-2.50609803475903	0.0306474361566938	0.20598771015258	-3.92095316335055
S100A13	0.859026579913911	5.00677783586544	2.50556856779639	0.0306755003150032	0.20603036518924	-4.20304023655577
PCDHB7	-1.3459498466711	-1.2913938097094	-2.50540326841427	0.03068426712302	0.20603036518924	-3.56361072304335
CLCN7	-0.966581813177636	5.62930557271816	-2.50537715124113	0.0306856524977826	0.20603036518924	-4.25395242316765
STS	0.752748880206305	2.85499164222344	2.50506378231281	0.0307022798338891	0.20603036518924	-3.94132377717528
ENSG00000294462	-1.64601950276227	-2.18954401170692	-2.50492699795587	0.0307095403878776	0.20603036518924	-3.50548576848016
LINC00562	1.25910422403236	-1.20012537774981	2.50476839727061	0.0307179610781987	0.20603036518924	-3.57121931611992
ENSG00000225387	-1.46140088528929	-2.54500548465767	-2.50464121637766	0.0307247152213473	0.20603036518924	-3.48581324977736
DYNLT1	0.516243136922287	5.70685358100605	2.50452093462536	0.0307311043217202	0.20603036518924	-4.26052017085914
RPS27	0.884639552175955	5.21458829689966	2.50451396780654	0.0307314744238361	0.20603036518924	-4.22362062993612
SNHG7	-0.782961755589654	4.1558327200756	-2.50427127813744	0.0307443697023931	0.206058936165969	-4.109810974109
ZNF212	-0.825721320072655	4.35744342185016	-2.50356394948698	0.0307819839386397	0.206253119220526	-4.1358911528533
NCMAP	-2.51254439257128	-1.91292182324628	-2.50221925463952	0.0308536170913141	0.206614217817053	-3.52653477913428
TACR1	-2.52498195733327	-1.76452607706366	-2.50208507530659	0.0308607739593726	0.206614217817053	-3.53628382061868
OPLAH	-1.60956860985107	3.9419901080512	-2.5020649726636	0.0308618463366906	0.206614217817053	-4.08615152481756
BTF3P10	1.83433082504091	1.22145678137354	2.5010713301235	0.0309148980873741	0.206911349593763	-3.77597604633135
NEUROG3	2.17822996581047	-1.71128022092259	2.50071931883692	0.0309337139392616	0.206979240422864	-3.54190879284345
LINC01063	1.81688433638516	-3.01188379374675	2.5002539971946	0.0309586038244596	0.206993170156628	-3.46835429172036
PRR5-ARHGAP8	-1.7490797428598	-3.43344754589424	-2.50019706352529	0.0309616505405507	0.206993170156628	-3.44879932981884
ENSG00000275632	0.945496047895917	-0.228358665737905	2.50019400700104	0.0309618141140136	0.206993170156628	-3.65425286833671
LDHC	-1.0429193723352	-0.00858408567725653	-2.49942023684198	0.0310032507361201	0.207212149347236	-3.67318265240218
C6orf132	-1.45598177609394	4.93257723149822	-2.49866542060972	0.0310437250007965	0.207374772186862	-4.20743613949029
DOCK9	-0.746748134961647	4.08227399215069	-2.49864240345378	0.0310449600294824	0.207374772186862	-4.10984476574402
CDS1	0.617936204192618	5.06468681809766	2.49733346451577	0.0311152733240934	0.207763208842166	-4.22229898524929
ASAP2	0.557620586203082	5.50676780919647	2.49723589409793	0.0311205208702704	0.207763208842166	-4.25894772909996
SLC66A3	-0.695333295632409	3.90654778543588	-2.49542432801093	0.0312181093136901	0.208353832535573	-4.09259580760068
ENSG00000298430	-1.52567997201419	-1.02663907292363	-2.49522355542522	0.0312289434050577	0.208353832535573	-3.59913513825671
ENSG00000276170	-1.05242180350635	1.56995193642257	-2.49506054294323	0.0312377426100886	0.208353832535573	-3.81867445596791
EEF1A1P16	4.71570486432868	0.377627742153577	2.49494633981356	0.0312439086037129	0.208353832535573	-3.7120443618891
SMPD2	-0.606941716397751	3.35485072746906	-2.4946453065233	0.0312601675766696	0.208404027807926	-4.02154791866029
ENSG00000291156	-1.61995468733728	0.372049654624851	-2.49419173887131	0.03128468075542	0.208509208486347	-3.71279151353354
ENSG00000287630	-1.71339134061438	-0.287363710989983	-2.49306198684487	0.0313458208416718	0.208847100468749	-3.66087768921841
DDX12P	-2.19374737793723	-3.02963009511455	-2.49291305546362	0.0313538895075521	0.208847100468749	-3.47856121096379
PGAM2	-1.88498644852633	0.14374323770362	-2.49268041813426	0.0313664972102384	0.208847100468749	-3.6963695899001
OTOF	-2.30800019717424	-1.67024591479006	-2.49239378205343	0.0313820382241183	0.208847100468749	-3.55757019716353
FANCE	-0.586582204399704	4.61227968247292	-2.49237476458968	0.0313830695930814	0.208847100468749	-4.18413609741685
DMAC2	-0.563090869265793	6.20348692105926	-2.49227416625934	0.0313885258705236	0.208847100468749	-4.3091261938277
PCED1B-AS1	2.04352096935964	-3.15111348137396	2.49212475897606	0.0313966311845591	0.208847100468749	-3.47386881097488
SDR42E2	-2.34634081275478	-2.70799197482775	-2.49152136690894	0.0314293860577972	0.208966634995504	-3.49705705464394
PLXNA4	1.44382142982539	2.52635214375251	2.49147117708554	0.0314321121059982	0.208966634995504	-3.92498616331009
FAM186B	-1.36014382825791	-1.59788384043039	-2.49128526082247	0.0314422121323175	0.208975571417996	-3.56418899814388
LINC01725	-0.989370711187801	0.73711191963679	-2.49068791660564	0.0314746848974307	0.20900831630055	-3.74947820691103
DENND1B	0.78701596002681	2.34300777629142	2.49060920442728	0.0314789663029213	0.20900831630055	-3.90578747307901
ENSG00000299466	2.02079291664165	2.41213251685505	2.49056135337953	0.031481569353774	0.20900831630055	-3.91354214628376
TACSTD2	-2.15505067637474	-0.74598052963867	-2.49026387563808	0.031497756611987	0.20900831630055	-3.62870026126222
B3GNT5	0.546269769616498	3.6587108616449	2.49014279291692	0.0315043476779938	0.20900831630055	-4.06889510468438
ENSG00000274943	-1.22510594512156	-1.26182345374066	-2.48980337288769	0.0315228310467701	0.20900831630055	-3.59017359091659
CLXN	1.97491816703355	-2.28608897156297	2.48977261368078	0.0315245065897734	0.20900831630055	-3.52310568157345
ENSG00000296375	1.68015438227516	-3.27961618947202	2.48967820568255	0.0315296498143264	0.20900831630055	-3.47150089504684
PIAS2	0.608785367234689	5.88970656910431	2.48959500435938	0.0315341831988609	0.20900831630055	-4.29684284505195
TRAPPC6A	-0.956104307922905	4.68350983963682	-2.48953291427674	0.0315375667149823	0.20900831630055	-4.1968160915527
IER3IP1	0.763503739756455	4.64263991547144	2.48938330605445	0.0315457208838202	0.20900831630055	-4.19252135971353
ENSG00000295842	-3.19323333200051	-2.25156873525666	-2.48926399205062	0.0315522254003805	0.20900831630055	-3.52590190143821
KMT5C	-1.19101666082255	4.2957598792683	-2.48869728233261	0.0315831381588669	0.209110633955622	-4.15314394956601
ARV1	0.769329189854843	3.66367159176303	2.48864784016431	0.0315858365335329	0.209110633955622	-4.07203167916759
NBPF12	0.888494615210194	3.38706787491401	2.4883683354656	0.0316010951584025	0.209110633955622	-4.03613809269547
ENSG00000309660	-1.7026482422475	-2.26620770257941	-2.48816744566642	0.0316120665484524	0.209110633955622	-3.5267268513539
LIN54	0.650228664461636	4.55955508306326	2.48793347302942	0.031624849451774	0.209110633955622	-4.1856371437797
PAPOLA-DT	-0.933889871818915	-0.0873227214873914	-2.48792794323793	0.0316251516289599	0.209110633955622	-3.68515978105173
ENSG00000229588	1.40616187567367	-2.62916462621099	2.48785748830391	0.0316290019097412	0.209110633955622	-3.50683483172968
GABRG3	1.03536095072733	0.102940340182891	2.48712308390379	0.0316691637526714	0.209318175376629	-3.70192439825136
LRRC4C	1.40930113382766	0.559919936924036	2.48682925913035	0.0316852459950453	0.209366491185976	-3.74046475692037
CTF1	1.32847894271328	0.285643673225041	2.48588889738566	0.0317367699388489	0.209648903440495	-3.71893400274748
EPAS1	-1.0406808476523	1.7302897553718	-2.48569799035719	0.0317472401126414	0.20966003867416	-3.84966144493557
C9orf163	-1.82117293201899	-2.12059170501567	-2.48522799860298	0.0317730310028843	0.209722659724504	-3.53989553306115
FHL3	-0.582319478259475	4.61282461400042	-2.48520494461421	0.0317742966256256	0.209722659724504	-4.19616401024629
OTOG	-1.89294070033267	0.1906359064927	-2.4849267193251	0.0317895746104871	0.209757215284662	-3.71263712850087
SRP72P2	2.9566820682952	-2.84579638022852	2.48450728883497	0.031812620164161	0.209757215284662	-3.50050644985144
UBL5	0.608924531171662	6.31510200659016	2.48448663160325	0.0318137555979073	0.209757215284662	-4.32750230388664
IQGAP3	0.704442499669395	5.93434973824567	2.48446969857372	0.0318146863590094	0.209757215284662	-4.30802606927314
ENSG00000304121	1.29739768482902	-1.49610490230572	2.48419371459472	0.0318298602030215	0.209799302255044	-3.58223553348554
TPBGL	1.65737468134959	0.449478364329039	2.48381432585668	0.031850730960826	0.209864631943792	-3.73594968095989
TYMS	0.711283341328095	7.28163013789431	2.48369391210337	0.0318573579223345	0.209864631943792	-4.36525116572045
RNF126	-0.916012736818998	5.67721966156108	-2.4835038217482	0.0318678222927613	0.209875638703459	-4.29380145782225
TRIM16L	-0.84102657791507	2.70210247205296	-2.48317959905769	0.0318856783825024	0.209929948824741	-3.95906438193514
CHRNA7	-0.665807851485146	1.99239794572102	-2.48303472176948	0.0318936604700428	0.209929948824741	-3.880647090514
RUVBL2	-0.606274830714042	6.9930841826139	-2.48266525059505	0.0319140255761464	0.210004705542015	-4.35741269006807
ENSG00000296655	1.12846261573625	-1.76913245918321	2.48250947289687	0.0319226158170876	0.210004705542015	-3.56632189456112
ENSG00000293057	-1.54122033829315	6.01456653219689	-2.48156049139179	0.0319749958514757	0.210291327083817	-4.31734406521686
GAPDHP71	3.65674702209406	-2.92950359067008	2.48132727099192	0.0319878816405945	0.210318118764757	-3.50104149349912
UBE2R2	0.593511238772293	7.40672818672416	2.48109558749926	0.0320006875734755	0.210344370783844	-4.37352441778759
MT1H	-3.81671637048165	-1.82661380156658	-2.48065278680168	0.0320251767087414	0.210373773156901	-3.56542670068347
TBKBP1	-0.887547567222357	4.25657786124812	-2.48054841029826	0.0320309519468981	0.210373773156901	-4.1618854190711
GATC	0.490010466648785	4.97427912611249	2.4802526031844	0.032047324767765	0.210373773156901	-4.24225869547997
AMPH	0.892875642368011	4.62298775320503	2.4801658222088	0.0320521296269017	0.210373773156901	-4.20571109281826
FGF16	-1.00255270943965	0.00352996614403698	-2.48012843440012	0.0320541999207033	0.210373773156901	-3.70499234250228
FAM124B	-1.34238358825707	-0.875492770260208	-2.47987247335089	0.0320683769144533	0.210373773156901	-3.63491890063346
PHF12	0.433814392910675	6.21483677964716	2.47976669518453	0.0320742374841536	0.210373773156901	-4.33064471462024
ICA1	-1.09212856061626	3.97684124017686	-2.47938977147891	0.0320951292643197	0.210373773156901	-4.12840744059227
KPNA4P1	-1.46566654693345	-3.18351387671069	-2.47923344150476	0.0321037981063534	0.210373773156901	-3.49169414268183
DLST	-0.540646447054393	6.96876962585306	-2.47904472252349	0.0321142660598519	0.210373773156901	-4.36263645194535
PICALM	0.38770215458654	6.83788928930783	2.47894102000596	0.0321200197098431	0.210373773156901	-4.35813780976024
SMG7-AS1	1.22829597183432	-3.11286047469386	2.4788048924285	0.0321275739151063	0.210373773156901	-3.49574380693456
TRMT61A	-1.21248904359581	3.67961076742431	-2.47879356903841	0.0321282023692006	0.210373773156901	-4.09046642286457
NUTM1	-1.39810751818421	-0.393774987478107	-2.47869165855547	0.0321338589988692	0.210373773156901	-3.67516420651529
LINC02074	1.7989054601126	-2.75596460199783	2.47850002409924	0.0321444984895193	0.210373773156901	-3.51428919018741
BASP1-AS1	-1.65799893618625	-0.973602883336001	-2.47834805056245	0.0321529384815203	0.210373773156901	-3.62971391375809
DDR1	-0.85939830206967	7.77641179399392	-2.47829399247095	0.0321559411737368	0.210373773156901	-4.3890865930608
CNN2P1	-1.5201316922484	-3.63111971843174	-2.4781521671789	0.0321638202643622	0.210373773156901	-3.47306464971898
ENSG00000306835	-1.67770649984487	0.832385433964308	-2.47760065140269	0.0321944777310616	0.210504638013846	-3.7789119374373
ENSG00000309781	1.90819425007174	-1.6109157191105	2.47747497409326	0.0322014678589077	0.210504638013846	-3.58475979604162
TAB3	0.589574735829263	4.7192022818	2.47654162040904	0.0322534274081243	0.210786569537158	-4.22238872457965
ENSG00000266876	0.891307604950667	1.47988604344715	2.47627907536146	0.0322680580792632	0.210798769357175	-3.84055330067896
ENSG00000238207	0.923136448629552	0.609288393568581	2.47619116224084	0.0322729586136137	0.210798769357175	-3.76180318015479
RPL5P34	1.35710565063243	4.96690558535636	2.47600584429408	0.0322832911763027	0.210808566485586	-4.24863381019459
ENSG00000290537	1.05940060866526	1.05206820761557	2.47508269437663	0.032334810703838	0.211087233880881	-3.80261052446369
CDH17	-1.61838976751417	-2.42977197056966	-2.474628708039	0.0323601766182299	0.211127193884316	-3.53802839735105
ZSCAN26	0.557189642866003	4.07895788057419	2.47458497691263	0.0323626210731421	0.211127193884316	-4.14945123223305
BACE1	0.590376096791633	4.69620338329187	2.47410204274107	0.032389627904318	0.211127193884316	-4.22395996295234
CENPE	0.779084977864655	6.51099114339081	2.47396144035187	0.0323974948913011	0.211127193884316	-4.35372709749585
PIEZO2	0.862781840522022	4.78221563570212	2.47395935778903	0.0323976114290127	0.211127193884316	-4.23336117243825
NME7	0.696738232289357	4.47373843891538	2.47390493224474	0.0324006571632141	0.211127193884316	-4.19907513160986
NFKBIB	-0.785020581430648	4.61458746626672	-2.47386568304773	0.0324028537812984	0.211127193884316	-4.2152713756596
LAMC2	-0.939079999190849	3.41815369533976	-2.47365371938068	0.0324147190583794	0.21114686128994	-4.06456246232291
UNC13D	-1.39020720522389	2.48637246014109	-2.4733084697395	0.0324340545521312	0.211215165073865	-3.95025218906233
GPR39	-1.60234457769747	-0.92089132989807	-2.47304235751171	0.0324489657452899	0.211224651422211	-3.64214419588502
C1orf210	-3.76334078091243	1.45567531156186	-2.47292238317308	0.0324556905295205	0.211224651422211	-3.84368619600783
FA2H	-1.41277171484519	0.781848742356812	-2.47270146085618	0.0324680772214101	0.211224651422211	-3.7823755543281
THOP1	-0.935665488972838	6.12053144883414	-2.47265092088565	0.0324709115543676	0.211224651422211	-4.3378652024972
RAD51AP2	-1.25223334925043	-1.89035018876203	-2.47220878008848	0.0324957176390438	0.211265538210514	-3.57434690254318
SHANK1	1.2990662049352	2.54489717217235	2.47217764762371	0.0324974650123798	0.211265538210514	-3.95880507574696
DIXDC1	0.454110961553473	4.97819425366614	2.47191449261531	0.0325122388184643	0.211265538210514	-4.2565605953959
MCRIP2	-1.1997043133686	3.26399587972299	-2.4717207350391	0.0325231207999096	0.211265538210514	-4.04770500929525
ACSF2	0.657515002552725	3.91390395274463	2.47168726658778	0.0325250008469481	0.211265538210514	-4.1329927880235
EXOC6	0.548005578086008	3.72564938528279	2.47159280537622	0.0325303076601014	0.211265538210514	-4.10844615516082
LY6L	-1.68652059885174	-0.669152277107901	-2.47138898250222	0.0325417612921712	0.21128243110997	-3.66458833322739
ACD	-0.492058474924981	4.87378448247697	-2.47079203763543	0.0325753288614153	0.211329378218739	-4.24815571502495
SOWAHD	0.79504352719471	1.93561316263578	2.47076818885173	0.0325766706399786	0.211329378218739	-3.89479517020051
ART3	-2.4611651701239	-3.59270837804245	-2.4707500003725	0.032577693995429	0.211329378218739	-3.48571220796135
NPM1P39	-0.801133883597117	5.80772919570069	-2.47063064946241	0.0325844099319127	0.211329378218739	-4.32369712996355
ENSG00000296660	-3.16699180235615	-2.58019114048875	-2.46985779292222	0.0326279319281989	0.211554156840621	-3.53689013492083
MSN	0.667894793802127	9.14425255414074	2.46956166846335	0.0326446227760478	0.21160489185115	-4.43683725244918
FREM1	0.984712704812411	2.90999684802277	2.46925650643969	0.0326618318039714	0.211658957280854	-4.0070800835141
LINC01050	1.85372851780259	-0.919117500538514	2.46903081740439	0.032674564842873	0.211683995413911	-3.6485894993156
ENSG00000280194	-1.48666910536444	-2.13378309781013	-2.46850985848028	0.0327039752083075	0.211709336518276	-3.56478661774393
MFSD10	-1.14453948182592	6.12358773364259	-2.46843659254458	0.0327081134717632	0.211709336518276	-4.34507494982014
ENSG00000289358	1.10331162296436	2.71118898377284	2.46833585932833	0.0327138040040769	0.211709336518276	-3.98455043002175
ENSG00000253223	2.29923017699142	-2.77446623001507	2.4682393648548	0.0327192559979143	0.211709336518276	-3.52886241239981
GPR153	0.825752678468876	5.29873079189711	2.46817614795198	0.0327228282740152	0.211709336518276	-4.29144144031855
ENSG00000260613	1.5481167359573	-3.67271922007413	2.46748847517798	0.0327617122365931	0.211847573187004	-3.48711578062862
TP53TG5	-1.60968344525407	-3.6215467580151	-2.46748088245528	0.0327621418150987	0.211847573187004	-3.4893194865014
DGCR5	-1.04046976601165	2.36112487529944	-2.46732745937294	0.0327708233211723	0.211847573187004	-3.94596314939845
THAP12	0.401694482583133	5.94986861645075	2.46700386329375	0.0327891415505367	0.211887370549492	-4.33814466087399
STEAP2	0.585711589330056	4.26838639041982	2.46685501341064	0.0327975710718533	0.211887370549492	-4.1861274202262
PASK	-0.631710471568475	5.56499653397224	-2.46674834517774	0.0328036131135196	0.211887370549492	-4.31417349994532
SND1	-0.655825781461085	8.31884627241051	-2.46654929870024	0.0328148906909573	0.211902866915876	-4.42309607360247
FEM1C	0.561057039014903	4.94913035917793	2.46621447098344	0.0328338699625355	0.211953301719032	-4.26324599718285
TMEM30B	-2.69746168693219	3.58695360881756	-2.46609821800549	0.0328404621342012	0.211953301719032	-4.09925081529119
QSER1	0.660533667788489	7.34229227774061	2.46562590453489	0.0328672582427693	0.211972588626052	-4.3974636208084
USH1G	-1.30884015374715	1.38132330811444	-2.46560679345508	0.0328683429380786	0.211972588626052	-3.84846807415027
MCM5	-0.682955516722545	7.77001590296502	-2.46545406378273	0.0328770127424974	0.211972588626052	-4.41043573693122
TSTD1	-1.07185543262145	3.51901224354987	-2.46541948185219	0.0328789761215756	0.211972588626052	-4.09143811674887
ENSG00000291214	0.749130281698089	2.18327424706303	2.46496347809039	0.0329048763857131	0.212043041232517	-3.93037117819613
ARHGEF1	-0.974299644968672	5.26438352637603	-2.46491426659419	0.0329076727165225	0.212043041232517	-4.29407783418728
KIAA0586	0.465578141366618	5.48084321050821	2.46465709426707	0.0329222897467834	0.212079970144799	-4.31154294947669
PFKP-DT	-1.38133077483912	-0.34932018874609	-2.46428400419247	0.032943506597109	0.212159382610146	-3.70161945160708
LRRC55	1.89221711237034	4.02301459932365	2.46363312169013	0.0329805531008231	0.212340669235863	-4.1605276062187
LINC01409	1.62289684667216	-0.481384278648645	2.46344660350554	0.0329911767669331	0.212351784222328	-3.69225431049212
ENSG00000272777	1.16212495334949	-1.49226545047801	2.4632484973213	0.033002464143494	0.21236716411776	-3.61509803149342
ING5	-0.794520799918077	5.01860835535736	-2.4628820074032	0.033023355425224	0.212378038616424	-4.27550653947473
ENSG00000304480	-1.61381747638832	-2.51201838794436	-2.46285086432378	0.033025131295078	0.212378038616424	-3.55134480838824
STK4	0.446618180030246	6.05753900338663	2.46275060063998	0.0330308492623357	0.212378038616424	-4.35112735954764
MCF2L-AS1	-1.37265927721532	-1.18221287917691	-2.46233232769133	0.0330547135720506	0.212457728047515	-3.63900552495626
MAN2A1	-0.599253283097568	6.74282734189401	-2.46217009489879	0.0330639742258501	0.212457728047515	-4.38267900148435
ENSG00000289026	-1.35224037884713	2.29792289992575	-2.46206545909995	0.0330699484516914	0.212457728047515	-3.94758223972738
ATP1B1	0.527513250124331	6.0741588224256	2.46190109074094	0.0330793352759077	0.212460843657182	-4.35343031840406
ENSG00000280173	0.832079734764251	1.02801336719458	2.46163549491469	0.033094508579412	0.212501112796563	-3.82215727590521
LRRC8E	-0.815358893229075	2.29669794084568	-2.46132912869069	0.033112019562647	0.212556366568503	-3.94865178086846
SNORD17	-1.10200447333408	-0.457072409087035	-2.46100056001916	0.0331308096909313	0.212619799648684	-3.69809573805002
FKBP8	-1.05511478155576	8.07865089468499	-2.46073890268288	0.0331457807999004	0.212658696330974	-4.42671840146981
ENSG00000295329	0.944693751909385	-0.643205380492825	2.46022648651757	0.0331751187035762	0.212744199131775	-3.68429103256517
ENSG00000299072	-0.977817696075007	-0.391954903715541	-2.46019477658768	0.0331769350638315	0.212744199131775	-3.70464666941377
GALNT18	-1.12231927135341	3.10188331506363	-2.4593869030944	0.0332232434242252	0.212983924471121	-4.04732043097898
HNRNPA3P3	-1.97001618038136	2.53338205602044	-2.45859864659862	0.0332684885275557	0.21315315453808	-3.97975404937996
ASTILCS	-1.35602373000976	-3.08527703238902	-2.45845215720587	0.0332769035348002	0.21315315453808	-3.5276986658035
YPEL5	0.621562889993823	5.63506457577164	2.45832914938033	0.0332839712708851	0.21315315453808	-4.33308155959937
ENSG00000279742	1.92009854926975	-3.58943108646369	2.45800612474676	0.0333025385181019	0.21315315453808	-3.50478318658798
AP3B1	0.447710136866745	6.87308474767544	2.45794210910853	0.0333062193036104	0.21315315453808	-4.39457882112053
PON1	-3.67568736503546	-1.49567965944444	-2.45786464075648	0.0333106741307853	0.21315315453808	-3.62322686982733
SLC34A2	-1.08371978995399	1.32831660488406	-2.45779282217269	0.0333148045902562	0.21315315453808	-3.85611873712369
PROX2	-1.71763093771354	-3.94383915858586	-2.45768357687799	0.0333210885147516	0.21315315453808	-3.49044608536871
ABCB8	-0.786656459942603	4.37238187480132	-2.45683572362006	0.0333698976879978	0.213324200125092	-4.215516899408
IGSF11	0.867798160238293	1.8175066020925	2.45664257203807	0.0333810268479316	0.213324200125092	-3.9057532902976
SYTL4	1.02901775454285	-0.712991078446753	2.45622903433662	0.0334048666506166	0.213324200125092	-3.68501196244693
FRMD6	-0.570848693429754	3.77849534749871	-2.45603730624558	0.0334159251496384	0.213324200125092	-4.14119642196976
RPL24P8	1.07517125179413	5.91816328255995	2.45567250347453	0.0334369761874233	0.213324200125092	-4.35527349057277
MYL3	-2.27008637730911	-2.91702792821135	-2.45538392743587	0.0334536377698334	0.213324200125092	-3.54084261739456
TMSB4XP6	1.66818780811594	1.92508576589743	2.45532551236629	0.033457011486791	0.213324200125092	-3.91888373385757
DSCAS	1.59739939595027	-3.22527177703097	2.45526372163325	0.0334605805263011	0.213324200125092	-3.52563480810888
MAD2L2	-0.531302938651811	7.4623685517791	-2.45523726155181	0.0334621089778646	0.213324200125092	-4.41855367835757
ENSG00000291121	-1.17132402145795	-2.66032015949386	-2.45516789025568	0.0334661164969562	0.213324200125092	-3.55481089140664
ETNK2	1.05086943655181	5.8246443685866	2.45513224904767	0.0334681756416915	0.213324200125092	-4.35061950874525
P3H3	-1.27646152599992	4.8211564803795	-2.45502103236918	0.0334746019040897	0.213324200125092	-4.26899524695135
SLC25A14	0.653306712075584	3.92597490650825	2.45478015990336	0.0334885240229604	0.213324200125092	-4.16260688551888
ANKHD1-EIF4EBP3	1.14884326167992	0.601491411391074	2.45466640482964	0.0334951008970555	0.213324200125092	-3.79572549261745
CDC37L1-DT	1.4085056963813	-1.03558979256702	2.4545351279488	0.0335026923904991	0.213324200125092	-3.66232321356002
CYTH1	0.531401632899165	4.45662663473927	2.45450297968032	0.0335045517215832	0.213324200125092	-4.22934753202402
LEMD2	-0.677844153854745	5.1746244331308	-2.45440934270993	0.0335099678981054	0.213324200125092	-4.30385771995892
RASGEF1B	0.867222266059097	2.4200352457273	2.45409985675154	0.0335278753929288	0.213324200125092	-3.97420580065116
ALDH16A1	-1.06997625935055	5.06069601227364	-2.45390647574682	0.0335390695871576	0.213324200125092	-4.2944521385957
ENSG00000300266	-1.05454276572354	0.1446298462889	-2.45374426627178	0.0335484621943702	0.213324200125092	-3.75869053447491
OGFR	-0.886801098100851	4.75930508358024	-2.45369077409251	0.0335515601817614	0.213324200125092	-4.2647285169116
GPSM1	-1.16307033970183	3.86088502524647	-2.45359122347829	0.033557326380978	0.213324200125092	-4.15610540255449
NDUFV1	-0.767547775587255	6.59061465809181	-2.45356607379256	0.0335587832622821	0.213324200125092	-4.39111207616169
C3orf70	1.45897812639138	3.27677226761629	2.45350467750225	0.0335623401126962	0.213324200125092	-4.07942228358166
RPL29P11	-1.46084440380914	5.41566690245149	-2.45327799905878	0.033575475405222	0.21335087100544	-4.32564469732882
CACTIN-AS1	-1.59928712527717	-2.85596751587772	-2.45307289629645	0.0335873648067378	0.213369612947141	-3.54750965044478
MAP3K6	-0.937781640593093	3.39627074173642	-2.45280050680295	0.0336031610793265	0.213413157392306	-4.09614216139787
ELOVL6	0.765062225924716	7.69018044703359	2.45223077965718	0.0336362239983957	0.213461663410696	-4.43031594293834
RAB19	-2.43332151544753	0.966333615119392	-2.45216000713021	0.0336403333636172	0.213461663410696	-3.83187278406479
TPM1	-0.998316347472932	7.12381811389648	-2.4521205383944	0.0336426253067311	0.213461663410696	-4.41300947795809
PWWP2B	-1.16062016174209	2.90333930437812	-2.45205254836622	0.0336465738363028	0.213461663410696	-4.03456003215086
STX16	-0.731247393923448	5.92727795157818	-2.45187732322481	0.0336567521567626	0.213469493416278	-4.362135426966
NOP53	-0.591515505335937	7.45122343167615	-2.4511115737563	0.0337012678139474	0.213665891788352	-4.42511757908312
ENSG00000274685	-1.83194563617699	-4.32822044954556	-2.45099543627931	0.0337080243334767	0.213665891788352	-3.48677411056373
STK17B	0.513678849820524	4.1057544008488	2.45073445219681	0.0337232124343621	0.213665891788352	-4.19246364492003
ENSG00000287804	1.53241556526558	0.434602479678745	2.45072905136124	0.0337235268096837	0.213665891788352	-3.78776537208306
THOC2	0.464319513049883	6.47769336413747	2.45018980970796	0.033754929827603	0.213808097185616	-4.39209388720784
RAP1GAP2	-0.847510924384914	5.18927599396067	-2.4499874398064	0.033766722352351	0.213826044675925	-4.3125158863104
KLK14	-1.55617461930242	-2.10792697052082	-2.44960755404656	0.033788870028937	0.213877712683391	-3.59539253119626
CPEB1-AS1	-1.80783262623648	-3.85554125947225	-2.44954010153189	0.033792804061217	0.213877712683391	-3.50600506249846
ENSG00000236106	-1.03633777112786	0.147392264551017	-2.44906159717434	0.0338207247797631	0.213978593038976	-3.766391836125
MEIS3	-0.879197719011549	4.55996047977678	-2.44893678157746	0.0338280114908828	0.213978593038976	-4.25062813772829
CD40	-0.822221611755202	3.82676695640175	-2.44879030386004	0.0338365647984148	0.213978593038976	-4.15958865245478
SHISAL1	-0.684668482088009	3.00935854542871	-2.44865264551384	0.0338446050497395	0.213978593038976	-4.0533162183905
ENSG00000274105	1.50529696297925	-4.08627176226199	2.44832283465476	0.033863876040455	0.214043731318204	-3.49862523194052
SUSD5	-0.890898679870066	2.68621435265506	-2.44757645709303	0.0339075269871616	0.214218057563654	-4.01566417644311
RAB6C-AS1	2.03266976883667	-3.07604332308967	2.44754432907763	0.0339094071930064	0.214218057563654	-3.54454815639284
ENSG00000273355	-0.927722259778337	0.575774895410632	-2.44720550233989	0.0339292423507837	0.214285128970026	-3.8054820169346
FAM53A	-1.10441077569295	0.909036993682206	-2.44705629289331	0.0339379807896551	0.214285128970026	-3.83494976347552
GUCY2C-AS1	-2.52213321319469	-1.41554131430048	-2.44655031772765	0.0339676296350824	0.214378671525667	-3.64652588102841
KDR	0.958221834359927	7.77224894864004	2.4464969166431	0.0339707602844963	0.214378671525667	-4.44223387294556
ZNF709	1.5486507371163	-2.58860251306996	2.4458829529043	0.0340067743876427	0.214549216048075	-3.57286316325709
SLC48A1	-0.734802119823189	3.63441604871224	-2.44493511888943	0.0340624463725992	0.214843659507089	-4.14054095495352
NSRP1	0.650406338603872	5.29515241460592	2.4444500607874	0.0340909713425221	0.214913145752271	-4.33072800166904
VWA2	-1.93238414695934	0.950736061917652	-2.44444154541453	0.0340914723181841	0.214913145752271	-3.84290535551567
ADCY10	1.75161874160768	-1.88503781297105	2.44398459305626	0.034118366298768	0.215025890798177	-3.61822041610585
AXIN2	0.569996248191346	4.14320071428081	2.44335909245792	0.0341552139664867	0.215157802479916	-4.20946726784202
LBR	0.629038356150828	7.67339230954882	2.44332325018499	0.0341573265846735	0.215157802479916	-4.44473101290582
MBTPS2	0.49422663068141	4.76534013745351	2.44288058202721	0.0341834289423271	0.21526540859275	-4.28334642339009
DNAJB2	-0.638843685784903	4.92244137408294	-2.44264950562557	0.0341970623619862	0.215294457239126	-4.29990949748222
ENSG00000299904	-1.76458139400036	-2.3974170482685	-2.44128881590623	0.0342774508230619	0.215743649470997	-3.59074938255442
ENSG00000270504	1.04550580263299	0.621346373080552	2.44087406784983	0.0343019906607309	0.215785362662773	-3.81957303708127
ENSG00000306064	-1.32024563844384	-1.89317996062727	-2.4407347364865	0.0343102384948425	0.215785362662773	-3.62269329996924
H4C8	0.963594913056337	0.467462323666945	2.44036861734584	0.0343319204927764	0.215785362662773	-3.80714764541188
STAT5B	-0.504725438867797	6.03321204105889	-2.44022647544564	0.0343403419225609	0.215785362662773	-4.38745178378893
MIR9-3HG	-2.70677886970581	-3.19397218750781	-2.44015320160797	0.0343446839428235	0.215785362662773	-3.54978260361344
POTEE	2.42822605814869	0.416963548782904	2.44002782571032	0.0343521146473551	0.215785362662773	-3.80340024921349
SLC10A7	0.806220509378906	2.66718675243906	2.43991786439008	0.0343586330682269	0.215785362662773	-4.02596449026107
VARS1	-0.817280440757495	7.78047390747038	-2.43985473194068	0.0343623760587177	0.215785362662773	-4.45357023801216
DTX4	-0.605557827854959	5.17633381804789	-2.439644064165	0.0343748690043231	0.215785362662773	-4.32860608290181
HPSE2	-1.44324267761897	-0.787402249902894	-2.43957892965496	0.0343787324897211	0.215785362662773	-3.70526611127686
SLC35C1	-0.728435531582266	4.19914130639547	-2.43930245212451	0.0343951366327442	0.215785362662773	-4.22328365145768
TEAD3	-0.508028045160104	5.31877108518718	-2.43925937823189	0.0343976930120232	0.215785362662773	-4.3413007943608
CYP7B1	0.914040314420239	0.204213388590415	2.43906595786879	0.0344091745560803	0.215785362662773	-3.78705903613378
MROH6	-0.879190858043586	0.837023490057971	-2.43904103151132	0.034410654472473	0.215785362662773	-3.84142208831594
C14orf93	-0.595087741219383	3.25151257072894	-2.43878075291475	0.0344261113461355	0.215825584317892	-4.10040714771008
ENSG00000271151	1.83251477148585	-3.37411721380224	2.43844695042605	0.0344459444707606	0.215833485603614	-3.54367199603055
RHOQP2	0.791362022421479	1.38243057098623	2.43834961214248	0.0344517300083593	0.215833485603614	-3.8927157047657
RAB6D	1.3499992413923	0.205509538887471	2.43819188710923	0.0344611068032153	0.215833485603614	-3.78856118457233
ILF2	0.902556169479183	9.48314108840525	2.4381508921115	0.0344635443765607	0.215833485603614	-4.49635634092328
TRMT1	-0.870374175309104	5.8721190193829	-2.43757196829938	0.034497985404199	0.215894503565242	-4.38276988643639
NHLRC2	0.500191086789358	5.30802966614517	2.43738236791217	0.0345092723476184	0.215894503565242	-4.34354966661665
SLC16A1	-0.50900269527078	9.04489687623628	-2.43731237733801	0.0345134398138275	0.215894503565242	-4.48875119577925
RAB6C	2.60725718367257	-1.72891482700202	2.43707483335894	0.0345275876356998	0.215894503565242	-3.63928903078506
RPS14	-0.64334817948536	9.57403495676942	-2.43701618394519	0.0345310815969324	0.215894503565242	-4.50003229933954
ENSG00000289496	-1.54590686743754	-2.94424220253081	-2.43691824549907	0.0345369169234549	0.215894503565242	-3.5672581885716
RORB	1.07386075788001	2.92460542491866	2.43678962165296	0.0345445820037119	0.215894503565242	-4.06225424051276
ENSG00000289469	-1.69963352370195	-1.00569223252694	-2.43677164573151	0.0345456533756089	0.215894503565242	-3.69245230795352
CHADL	-1.43848753958061	-1.74090698220905	-2.43644962485356	0.034564851467609	0.215942559717858	-3.63944049316043
SHANK2	0.639135912589427	5.86494504042277	2.43628125805797	0.0345748932473164	0.215942559717858	-4.38449871903548
ENSG00000234337	0.559803972689164	5.4946299016538	2.43618750451848	0.034580486162553	0.215942559717858	-4.36004743634712
LYPLAL1	0.648523629382066	3.81296086567905	2.43583282257004	0.0346016529252582	0.215968017412999	-4.17919817085625
CD8B	-1.21108403656069	-0.961071135229701	-2.43581594409429	0.0346026605181761	0.215968017412999	-3.69743416334338
CSNK1G2	-0.761703367028593	6.74464890563882	-2.43535599278589	0.0346301292723161	0.216060957162468	-4.42756058382864
MED23	0.49664039846779	4.92660891739432	2.43526347931467	0.0346356568527088	0.216060957162468	-4.31259804567434
CABS1	-2.12534204336063	-4.00570063350983	-2.43494547310047	0.0346546639824623	0.216065926890414	-3.52138951399294
SPOCD1	-1.36179929373869	0.745437874304256	-2.43485712921593	0.0346599460837114	0.216065926890414	-3.84005493685841
SRRM1P3	2.56451444427715	-2.79815815369913	2.43479581948788	0.0346636122706413	0.216065926890414	-3.57818052322543
RBCK1	-0.561389199138672	5.39814397224566	-2.43449730781469	0.0346814680470993	0.216117123700813	-4.35558880539558
NIPAL2	0.838033048144728	1.83883405053978	2.43429465584276	0.0346935950192964	0.216117123700813	-3.9442569815832
FOXRED2	0.541838753630626	5.5058631418152	2.43420450689196	0.0346989909926474	0.216117123700813	-4.36418014762506
P2RX3	-1.52091749037608	-0.635281697071746	-2.4339027216061	0.0347170607023897	0.216173255357145	-3.7264379568782
IL11	-1.82731099576094	0.0321944255316102	-2.43366477020337	0.0347313147980964	0.216205605186794	-3.78139314443615
TENM3	0.464043061677883	6.90511190233227	2.43346387800794	0.0347433533897211	0.216224150026721	-4.43663137116301
CETN2	0.861206859595823	5.74065383441058	2.43330163756752	0.034753078737349	0.216225099963001	-4.38180049613443
TPT1P9	1.82787580520197	2.49991319790285	2.43314366685309	0.0347625507055241	0.216225099963001	-4.01757645801561
MYDGF	-0.733621286589076	4.50602721608478	-2.43300804281328	0.0347706847805757	0.216225099963001	-4.27086758084012
CTSD	-1.30115734397825	6.17321088636045	-2.43268004938669	0.034790363958309	0.216281623751334	-4.40729195558651
ENSG00000293358	-1.2753172430399	-1.19164489476042	-2.43238663498791	0.0348079776946109	0.216281623751334	-3.68506884352262
INTS1	-0.968502671489355	7.14254794702421	-2.43226813510937	0.0348150937492358	0.216281623751334	-4.44680621533812
RNF32-DT	-0.80643303714975	2.47599881275985	-2.43221633436936	0.0348182048916029	0.216281623751334	-4.01635123323277
CLK1	0.649476012396943	4.36536396603007	2.4321018126666	0.0348250840104067	0.216281623751334	-4.25572961366746
MCM3AP-AS1	0.627352839005929	3.38952713351019	2.43139157825067	0.0348677763231457	0.216490431192643	-4.13055342231552
UNC5C	1.98376815271832	2.27371599512881	2.43078191099793	0.0349044644552103	0.216633928863113	-3.99601286252672
NTPCR	0.486402100101769	6.10828679017709	2.43049891732673	0.0349215071111177	0.216633928863113	-4.40764084616946
SIVA1	-0.752408503788739	5.01532462718951	-2.43040867226915	0.0349269436317969	0.216633928863113	-4.32925866025107
RNF103-CHMP3	-1.57043198654591	-2.96076835582093	-2.43040450328293	0.0349271947988963	0.216633928863113	-3.57620021912433
PRDM5	0.560768993235933	4.60890999068707	2.429733154734	0.0349676643545848	0.216683719391226	-4.28802838079844
BCLAF1	0.658946143063488	7.7734567691572	2.42965602519221	0.0349723167429836	0.216683719391226	-4.47040862291856
LINC02805	1.62762129786588	-0.721836240295361	2.42958787500492	0.0349764280093378	0.216683719391226	-3.72624249984366
HMGXB4	0.509791046559474	6.30016347072384	2.42956705114827	0.0349776843354808	0.216683719391226	-4.41861261795555
ASB8	0.671609160260311	3.23461732589016	2.42951845500459	0.0349806163662964	0.216683719391226	-4.11345943781402
MYO19	-0.482645454840699	6.3434399949198	-2.42936242363504	0.0349900320916837	0.216685805898344	-4.42094337035801
ENSG00000299328	-1.29096167550437	-3.12978124678721	-2.42874501296456	0.0350273141611373	0.216837971258285	-3.57005243722475
SOAT1	1.03941586361973	4.17228583024977	2.42865464916859	0.0350327740047743	0.216837971258285	-4.23753624179456
RPL26P36	2.81575361696902	-0.341668466246501	2.42825170066148	0.0350571305912694	0.216911851256327	-3.75931537935406
ENSG00000229021	-2.22514155000249	-3.32862349349051	-2.42811712361325	0.0350652689197876	0.216911851256327	-3.56123213870755
CHCHD10	1.13656895308988	4.31205232759861	2.42800624889834	0.0350719752795981	0.216911851256327	-4.25599123636122
SOS2	0.589847721834703	4.49304257010204	2.42705184901378	0.0351297550551949	0.217155254624198	-4.27921130060595
ZNHIT2	-1.11451471908787	2.46292816272115	-2.42700871491144	0.03513236861473	0.217155254624198	-4.02336268643202
ASTE1	-0.875328135431039	2.59509700552924	-2.42690545143055	0.0351386262772302	0.217155254624198	-4.03878359323342
ENSG00000302611	-2.04159089710849	-1.29478036215149	-2.42656614129263	0.0351591958220661	0.217214975332024	-3.68643283600466
TXK	1.40816018740285	-2.7819737156577	2.426323592122	0.0351739067892622	0.217214975332024	-3.59184614932924
CRTC2	0.588169889356927	4.4290514642854	2.42619492012776	0.0351817133856786	0.217214975332024	-4.27307830694739
ENSG00000233264	-2.01301909632786	-3.30592260510517	-2.42614579759539	0.0351846941229985	0.217214975332024	-3.56526444235829
MTTP	1.21230291972906	0.381488209069411	2.42593674529474	0.0351973821085991	0.217237113727937	-3.82291124769966
DYRK1A	0.435336501612281	6.05759089280993	2.42559668358248	0.0352180310133365	0.217308362511712	-4.4131359998436
AP3B2	0.862947460211282	4.42405222757052	2.42525006930135	0.0352390900147806	0.217330600102839	-4.2740539650569
C11orf87	0.790851707034079	1.02514697450766	2.42494179632596	0.0352578299090547	0.217330600102839	-3.88104117780299
IRF2	0.71924393298934	4.15194304172949	2.42488103861126	0.0352615245186045	0.217330600102839	-4.2411860493638
ZMIZ1	0.549948716603852	6.65514639133168	2.42481374610673	0.0352656169443366	0.217330600102839	-4.44169335857153
KLHL36	-0.579480619009468	5.25796804102142	-2.42478830199615	0.0352671644613189	0.217330600102839	-4.36038608673862
NRXN1-DT	-2.67488040058947	-2.86300612302223	-2.42330379919539	0.0353575675809002	0.217831457267255	-3.59204227301919
RPL31P34	-2.36133302781129	-2.63820854803061	-2.42298557881123	0.0353769760739337	0.217890008058561	-3.60480949180974
FBXW5	-0.842638090405493	5.45036582138157	-2.42284866095944	0.0353853300052366	0.217890008058561	-4.37898011272055
ENSG00000285771	-2.02451249550704	-3.78950112628076	-2.42266505652947	0.0353965355142166	0.217902789042509	-3.54838529039006
NPEPL1	-1.12266385015204	2.01798124598733	-2.42217684625789	0.0354263482516826	0.217956938279356	-3.98251445352897
DNAJB4	0.598139392529584	3.95402041058458	2.42215229298139	0.0354278482560455	0.217956938279356	-4.22025765154162
LINC01512	-1.65472092063637	-1.88675267266988	-2.42207242353388	0.0354327280564755	0.217956938279356	-3.65183513223151
MAP3K14	-1.35463000311131	2.21900413177604	-2.42163152271455	0.0354596777209585	0.218046988625855	-4.00493525863026
ENSG00000295769	-1.68374439768631	-4.68174827586102	-2.42153403695556	0.0354656391605803	0.218046988625855	-3.52183513260334
TPP1	0.941906684238748	6.02917527850492	2.42124477165734	0.0354833340641786	0.218099596731844	-4.41886498181968
H2AJ	-0.988393511731974	4.34042405028783	-2.42051125277218	0.0355282435831016	0.218260011214892	-4.27190648526527
MIR320E	-2.00496348687543	-4.2655785416755	-2.42042016736127	0.0355338241510042	0.218260011214892	-3.53306404241447
ENSG00000289207	-0.955087353157757	-0.292048548949079	-2.42005364134528	0.0355562889352074	0.218260011214892	-3.77633754849127
CYB561A3	-0.757876621933177	3.95547285137645	-2.42000754694887	0.0355591150963906	0.218260011214892	-4.22399067299278
PLEKHM1	-0.79865661259668	3.59623373553673	-2.41962680406465	0.0355824677998563	0.218260011214892	-4.17721775786757
ENSG00000263063	-2.112727650797	-3.83531927794526	-2.41952752066987	0.0355885597740428	0.218260011214892	-3.55105226621595
LONP1	-0.819765100547662	7.19979747471749	-2.41928784359185	0.0356032704377431	0.218260011214892	-4.47034418542848
ASMER1	1.22184692535189	0.687775657795757	2.41924605846611	0.0356058356937452	0.218260011214892	-3.8600300158577
NBDY	0.637006088893032	5.68579796335659	2.41923613973823	0.0356064446469754	0.218260011214892	-4.40162680892136
MRPS18CP7	2.78862070419341	-1.18002072072124	2.41921506002704	0.0356077388547042	0.218260011214892	-3.70648191113614
MMADHC-DT	1.32508061510669	-3.04915309390185	2.41893416605573	0.035624988990232	0.218260011214892	-3.58885545189944
KANSL1L-AS1	1.53478272994907	-2.30684406353755	2.41891948580252	0.0356258907524674	0.218260011214892	-3.63019950115834
NCAPH	0.43901504659806	6.64478539757966	2.41888001548978	0.0356283154017355	0.218260011214892	-4.45117099509114
ZC3H12B	0.907419409628833	2.20072338033155	2.4185020656655	0.0356515409303031	0.2183462477248	-4.00804445421147
ENSG00000290385	0.827909514143884	1.31552447361293	2.41818513281488	0.0356710283151605	0.21838760270027	-3.91892740727855
COL6A3	-1.43720982457466	1.50064472354423	-2.41806360943898	0.0356785032416447	0.21838760270027	-3.93689930182648
ENSG00000267293	1.43287443474211	-2.36110760599317	2.41780287393102	0.0356945463112456	0.21838760270027	-3.62866032246647
ARHGEF18	-0.850334805135534	5.51916514262091	-2.41779722242081	0.0356948941271946	0.21838760270027	-4.39244636611925
ENSG00000296743	-1.47313189702485	-2.50729306203936	-2.41729762745553	0.0357256542682473	0.218519782270697	-3.6208679556446
HSF1	-0.620564116966778	5.95823248853427	-2.41663071937283	0.0357667563685447	0.218715135600322	-4.42265034701829
SELENOO	-0.887124017531449	3.53493559656175	-2.41637309173816	0.0357826465723511	0.218756256593828	-4.17446450300231
ENSG00000272180	-2.31866470629378	-1.67460934023491	-2.41554007033645	0.035834073798905	0.219014555533538	-3.67626465962466
LUZP1	-0.683116995837944	6.11175374996715	-2.41485861727095	0.0358761976562082	0.219215875437973	-4.43386531632582
TMEM164	0.470162475353898	6.26427125466729	2.41448914689311	0.0358990566475533	0.219299407475596	-4.44203030085423
SPDYA	1.61165691918958	-2.07835321685641	2.41401447056602	0.0359284456243157	0.219331879480278	-3.65179859152047
PPP1R15B	0.510886316392878	6.53525378078101	2.41372612896854	0.0359463094257181	0.219331879480278	-4.45531488932217
SLC9A7P1	-1.20303573978335	-0.718878629164856	-2.41372020183767	0.0359466767240534	0.219331879480278	-3.75141100831244
ENSG00000224945	1.07394721859347	1.38796421736599	2.41366214408456	0.0359502746988878	0.219331879480278	-3.93312889186636
SLC7A2	-0.959475372083912	4.93757789729567	-2.41366139617151	0.0359503210511101	0.219331879480278	-4.34953804918366
PALM	-0.861961204328185	4.48577927438728	-2.41344202513447	0.0359639191885634	0.219358768022858	-4.30090056648152
ANKRD34B	-1.90174270291113	0.0646540307479557	-2.41265224142695	0.0360129171742237	0.219526892086431	-3.81748864038241
JARID2-DT	-1.08148773976523	1.03559046260566	-2.41256336818977	0.0360184349375234	0.219526892086431	-3.90190242118345
PDGFRL	-0.764096729992439	1.48242281209656	-2.41255302842541	0.0360190769434978	0.219526892086431	-3.94403396737934
ADGRL3	0.864788920626014	5.44180088582218	2.4108030107913	0.0361278988035276	0.220133919005308	-4.39835571192676
ENSG00000259994	0.933619469615703	0.0975359953402356	2.41041082855772	0.0361523300987848	0.220184741094524	-3.82378449901737
SNCG	1.06560698630613	3.4349924156713	2.41037295060218	0.0361546905915883	0.220184741094524	-4.17113741318143
PHLDA1-DT	-1.6755683389222	-1.79344427836447	-2.41021266322519	0.0361646811113645	0.220189399001259	-3.67632269562037
JPH2	-1.70339480315442	-0.0386884813666666	-2.40991028349669	0.0361835354351405	0.220248008219969	-3.81325217251038
EXOSC5	-0.659221458276056	4.66610177081965	-2.40973701876997	0.0361943433699423	0.220257621930243	-4.32758439591832
SCUBE2	1.18670738463217	1.08285751873754	2.40824933281853	0.036287272623765	0.220766845707724	-3.91318017495103
UBXN2B	0.707968127392446	6.23501265988187	2.40753496481325	0.0363319790322858	0.220982503456566	-4.45218555252212
CFAP298	1.17984923105372	4.13786576585702	2.40730686306011	0.0363462653930506	0.221004218233063	-4.26843057787174
ENSG00000278594	-2.15133985988789	-3.64978023368886	-2.40718230730315	0.0363540688307288	0.221004218233063	-3.57736708655569
PDGFD	0.756768481448831	3.61071183017887	2.40679316816605	0.0363784590234894	0.221072007263113	-4.20027345381987
ENSG00000233514	1.7732034471097	1.648868249302	2.40670886371417	0.0363837451095449	0.221072007263113	-3.96983098066056
KIFC3	-1.07118892911434	1.92759056848916	-2.40619988301293	0.0364156753611377	0.221146569113516	-3.99898496789484
SNTG2-AS1	0.741805440827563	2.97354663215845	2.40617601023576	0.0364171736622773	0.221146569113516	-4.11853028747324
ZNF326	0.491961627198399	5.9239701483186	2.40607022347978	0.0364238137673454	0.221146569113516	-4.43825426335552
ENSG00000298823	-1.1922099341773	-0.928737845232267	-2.40551275831287	0.0364588247501731	0.221261393014116	-3.74741747014926
GBX2	1.92370006940014	4.7321593056344	2.40538023477646	0.0364671525878492	0.221261393014116	-4.34205710264917
ENSG00000255921	-1.30460903609788	-2.87135255861145	-2.40511422749818	0.0364838742213019	0.221261393014116	-3.61897637965147
THAP4	-0.472145556057561	6.16686594024676	-2.40511296487538	0.036483953609634	0.221261393014116	-4.45287075671885
UPK3A	-1.23436642272576	-1.27346337875001	-2.40503145809366	0.0364890787658088	0.221261393014116	-3.72151120190926
CPEB3	0.875122010194059	1.38640701710122	2.40405780733611	0.0365503565404315	0.221527907194706	-3.94846949725814
RPS27AP5	-1.07779326577109	5.28933508335575	-2.40403815861634	0.0365515941900009	0.221527907194706	-4.39744106549284
COL14A1	-0.933617295309642	4.64737620238856	-2.40352028498742	0.036584229222842	0.221669408190294	-4.33578387362407
DHODH	-0.544799408317485	4.10200687559628	-2.4029883473272	0.0366177802142089	0.221729951306272	-4.27097265477868
ALG8	0.792170486894547	6.50535097470848	2.40297233783389	0.0366187904501116	0.221729951306272	-4.47197186104599
PGAP6	-0.704035695049372	6.6991165929727	-2.40291292402823	0.0366225398364783	0.221729951306272	-4.47986764875534
RBBP5	0.567936447497317	5.61653987101025	2.40277282971349	0.0366313821594934	0.221729951306272	-4.42433878201393
PUF60	-0.723435366704997	6.93732823054257	-2.40254490188243	0.0366457727280737	0.221733321659426	-4.4892915863327
GRIK2	-0.828834614288795	2.15273343379371	-2.4023326304293	0.0366591797814197	0.221733321659426	-4.02913572587925
TXNL1	0.650701938449928	6.9745253329019	2.40223038921254	0.0366656390432183	0.221733321659426	-4.49113207483728
DES	-1.04698625892977	1.66544275812795	-2.40217560706316	0.0366691004562683	0.221733321659426	-3.97881057894481
HPS6	-1.06654020365643	3.79527715602876	-2.40169802422036	0.0366992900983734	0.221859664837355	-4.23315588776364
NEU3	-0.472240268856482	4.88449823616852	-2.40129843247941	0.0367245683385169	0.221956260454643	-4.36475537620691
F13A1	-1.60994227127953	-1.34666728931511	-2.40114671045407	0.0367341707597914	0.221958089499732	-3.72207025626186
ENSG00000309182	1.92373186627278	-1.64660653091018	2.40055185919502	0.036771842335324	0.222106224420055	-3.70133996891408
SP4	0.472025922827529	5.29514511974289	2.40046574298602	0.0367772991539808	0.222106224420055	-4.4038409599834
LINC03053	1.05522406809318	2.97933974868455	2.39992081379319	0.0368118473728421	0.222258629205065	-4.12948951587569
ENSG00000307784	1.58408878780625	-1.39344195355917	2.39956297563874	0.036834551385118	0.222339463305162	-3.72107017684915
ZIC2	0.887495264927551	7.99122121868364	2.39935580391051	0.0368477022168761	0.222362606525962	-4.52689717767248
ENSG00000305959	-1.73861503578065	-2.01611250256661	-2.39897489472017	0.0368718935272722	0.222364973982506	-3.67880917993044
ENSG00000257624	-1.90856107761548	-3.97099679499325	-2.39892726828305	0.0368749193455723	0.222364973982506	-3.57559116406286
ZNF404	-0.863822057732674	1.03838739372293	-2.39890955077202	0.036876045042224	0.222364973982506	-3.92408971852051
EIF2AK1	0.517341950034906	7.64358284530587	2.39815492965865	0.0369240217293293	0.222497954419499	-4.51919068205334
ENSG00000260464	1.58170588567767	-3.57598402091629	2.39813883244967	0.036925045809288	0.222497954419499	-3.5940992383347
ENSG00000300283	-1.36776215670246	-2.06815510993104	-2.39812280982623	0.0369260651718119	0.222497954419499	-3.67676204336801
ENSG00000277117	-1.67450269683571	-0.283627282286677	-2.39753070080072	0.0369637545734621	0.222668836548415	-3.81261563498872
CRX	-2.08358268973704	-1.75186509240224	-2.39689516997759	0.0370042497537605	0.222856530121878	-3.6996578600102
PABPC4	-0.670909783203477	7.7137413081585	-2.39650548583899	0.0370291013622918	0.222949940013577	-4.52396469865892
SPRY1	0.692238153464717	5.35811200357099	2.39627572226185	0.037043761888697	0.222981958385254	-4.41589675970682
GALNT3	-2.77563946088207	3.40581923582848	-2.39566634180055	0.0370826721268295	0.223159893003288	-4.19142741909184
ENSG00000279827	2.05311398434966	-2.33395917732934	2.39525331669946	0.0371090673772408	0.223233811263477	-3.66459324996263
GTF2F2P1	2.00939878846584	-1.69633647531355	2.39518145590133	0.0371136616706531	0.223233811263477	-3.70614076486329
ATAD3B	-1.50572819919366	4.17857747390845	-2.39499314880812	0.0371257033908865	0.223249978037361	-4.29395482827312
TRMT2B	0.491586410532785	5.01474044360509	2.39481383671197	0.0371371734564699	0.223262699971176	-4.38825495969594
SLC18A2-AS1	-1.47292787775862	-2.80472499414545	-2.39435405371795	0.037166600252201	0.223383341279094	-3.63879331657874
CTNNA1	-0.443809657960228	8.77075270518499	-2.39399411028014	0.0371896530758605	0.223425153477893	-4.55498856556845
ALDH1L1	-1.24861656892253	-0.123987011206611	-2.39389088050293	0.0371962670766706	0.223425153477893	-3.8315568634895
TRIM44	0.469907343984648	6.91922071309915	2.39373456310126	0.0372062846262688	0.223425153477893	-4.50329674182225
ENSG00000304676	1.22913444543606	-1.88617121385418	2.39365652586816	0.0372112866038454	0.223425153477893	-3.69551770010713
LINC01311	-1.05213093790643	0.477294873380206	-2.393406455529	0.0372273198718764	0.223425153477893	-3.88300502712114
MARVELD3	-2.39288248381122	3.55433128884844	-2.39336895922216	0.0372297245310085	0.223425153477893	-4.21485089487186
UXT-AS1	1.27305029525135	-1.80821972174	2.39312770844771	0.0372451997100136	0.223441499777292	-3.70158842060304
ANXA3	-2.98644152382357	2.00846722632751	-2.39303462587229	0.0372511722300181	0.223441499777292	-4.02880582225322
MPLKIP	-0.524890094178865	4.82591696020608	-2.39254503169722	0.0372826018075515	0.223507001552419	-4.37318654837314
ZNF284	0.92715593076157	0.935260856707635	2.39246736303388	0.0372875901417964	0.223507001552419	-3.92500148429522
ENSG00000289407	-0.847707295314788	0.305927425908991	-2.39238880892639	0.0372926360080673	0.223507001552419	-3.8699584689443
ENSG00000272405	-1.77814299629438	-0.970339329935029	-2.39228117086176	0.0372995511452334	0.223507001552419	-3.76476647630491
ZFYVE28	-1.15313241829463	0.919638120953417	-2.39203954720354	0.0373150786646421	0.223543921307483	-3.92426892751547
ZNF670	0.53594004144608	4.8733004680123	2.39151049256766	0.0373490994976273	0.223691582863205	-4.37982239051925
ENSG00000295484	-3.78418120709156	-0.627515287789922	-2.39112867983363	0.037373670781211	0.223782589195976	-3.79431712957466
ENSG00000275532	1.33923791002143	-0.385127090750631	2.39097096736054	0.0373838248644628	0.223787245558097	-3.81457781643958
ENSG00000288956	-1.87129477935707	-3.41493089373764	-2.39068154110733	0.0374024661590768	0.223842693033773	-3.61275593236776
SMARCE1P1	1.72064338350402	-3.68454389331148	2.39018495312066	0.0374344714448274	0.223978072191952	-3.600876066118
SLC35F1	0.792957464033562	5.13716546084748	2.38973069786405	0.0374637718106803	0.224031605239073	-4.40799177044312
CRYZL2P	0.705704504459397	1.49007860263819	2.38962737033283	0.0374704397700057	0.224031605239073	-3.98176239412519
FOXP1	0.604461677767901	3.45579216857348	2.38960972359464	0.0374715786698948	0.224031605239073	-4.20799594415937
GRID2	0.719263728753214	5.35906717246075	2.38943546436465	0.0374828269739346	0.224040277355904	-4.42730893798488
RPL17-C18orf32	-2.36658672310822	-3.41886481997444	-2.3892964404202	0.0374918032328941	0.224040277355904	-3.61462045001422
ENSG00000307289	-1.8573256817334	-4.15803748441348	-2.38814743328778	0.0375660708231126	0.224386737315161	-3.58371256419455
LINC01232	-0.829947919795585	1.4022308584378	-2.38810858515239	0.0375685843344947	0.224386737315161	-3.97568513771903
DDX19B	-0.517904467131488	4.39891248185064	-2.38742312082562	0.0376129615717844	0.224575034598927	-4.33363555096486
TMCO3	-0.451587603359332	5.61315129847384	-2.38717420575809	0.0376290891080712	0.224575034598927	-4.44997548956203
ENSG00000229770	1.30000518615856	-1.56627177345984	2.38684223701682	0.0376506083170069	0.224575034598927	-3.72818595042594
ENSG00000301825	-1.83932489264806	-4.64146271148494	-2.38682450145327	0.0376517583277142	0.224575034598927	-3.57266298267
PRR3P1	-2.29845748042263	-3.3228979045305	-2.3867752765671	0.0376549503512091	0.224575034598927	-3.62305637158052
NDUFAF2	0.762416094092604	3.73908578558951	2.38675034492696	0.037656567162396	0.224575034598927	-4.25026371577519
KATNA1	-0.594583926233714	4.47703984047493	-2.38640814594949	0.0376787655442746	0.224651285846915	-4.34455378132685
ENSG00000226465	1.02743684489596	-1.11346384471767	2.38574175776062	0.0377220307167816	0.224853073705651	-3.76371295356313
GEN1	0.560764364382981	4.53992101523303	2.38548550964496	0.0377386805124822	0.224896151758156	-4.35345362359278
BORCS7	0.742812159137826	2.20632990756129	2.38486464133662	0.0377790513895962	0.225080534077756	-4.06330884181048
TNFSF13B	1.42273684800523	-1.76911290193654	2.3841915773278	0.0378228638622044	0.22527232988013	-3.7179993807542
ASS1	-1.20497329178516	6.94634903966126	-2.38398432989354	0.037836364432479	0.22527232988013	-4.52045206849564
ANGEL2	0.437999753441391	5.5958923086208	2.38383386880258	0.0378461687602424	0.22527232988013	-4.45430893751668
ENSG00000286355	-1.6312233988434	-1.85227083025066	-2.38374215086932	0.0378521464908142	0.22527232988013	-3.71300677550851
RAMP3	-2.81059465307226	-1.35048255254298	-2.38357546963623	0.0378630123273675	0.22527232988013	-3.74901577271845
UTS2R	-0.964416685812244	-0.169408325740717	-2.38330546814419	0.0378806200072448	0.22527232988013	-3.84452224487619
EIF4EBP3	-1.7080622846235	-1.60824515791017	-2.38319337179341	0.0378879325261922	0.22527232988013	-3.7308150975471
MAPK1IP1L	0.6013462750362	7.14421283222546	2.38313401885704	0.037891804927522	0.22527232988013	-4.52865065497924
ARL2	-0.701620142333451	6.24012106880745	-2.38300802258832	0.0379000266636313	0.22527232988013	-4.49316129028302
LGALS8	0.894309237240801	4.26164213985251	2.38271017742195	0.0379194691235397	0.22527232988013	-4.32458736695978
LLGL1	-0.822380314197743	7.20211697298998	-2.38266203003269	0.0379226129586588	0.22527232988013	-4.53134534301499
TOGARAM1	0.574612838237926	3.70957647526936	2.38263301666993	0.0379245075400496	0.22527232988013	-4.25311419646795
ICAM4	-1.22942699100536	-0.100869320604465	-2.38243577526831	0.0379373899143631	0.225292780563847	-3.8515824853512
ENSG00000295275	1.41286737499677	-1.64234513136279	2.38219941144738	0.037952833110792	0.22532842483962	-3.7299191912926
ADORA2A-AS1	-2.28949589283772	-2.92888785753583	-2.38083595305907	0.038042036716498	0.225658605783777	-3.65232630466529
SDK1-AS1	2.01293398357937	-3.30939101787706	2.38078229875488	0.0380455512077869	0.225658605783777	-3.63263373770772
ARL8B	0.619433525614197	5.99438933678895	2.38077652094359	0.0380459296878072	0.225658605783777	-4.48418968159399
RASA2	-0.509563149832927	4.80937093909862	-2.38077138751266	0.0380462659602764	0.225658605783777	-4.39092378229454
NKD1	0.605685290903784	3.99577706256782	2.38060807035031	0.038056965791418	0.225665988209633	-4.29421632844423
SYNGR1	-0.827835309477372	4.61241649052268	-2.38006766722815	0.0380923916112956	0.225819947984797	-4.37061484580426
NR2F1-AS1	1.1048694030526	0.732965954366232	2.37967662168565	0.0381180464611351	0.225915921253517	-3.92729400862988
MVB12A	-0.719973561949721	4.8725964602175	-2.37935254585477	0.0381393204959053	0.225985889343538	-4.39984998720015
ENSG00000303487	1.91837736492881	-3.67140528280782	2.37862192401206	0.0381873248838588	0.226170230824439	-3.61851058271662
SIRT4	-1.03857471699075	0.671925618396508	-2.37859060307776	0.0381893840961364	0.226170230824439	-3.92362297596424
MRPS12	-0.913751962085583	4.9550150875469	-2.37725760572267	0.0382771233225451	0.226633615068019	-4.41150376212221
SLC25A22	-1.01237120440114	5.22837914630832	-2.37708014866128	0.0382888185596423	0.226637306781403	-4.43697226281529
MIR589	-1.961850945008	-3.48310538889612	-2.37661019854282	0.0383198072915825	0.226637306781403	-3.63031732416081
ZMPSTE24-DT	-0.80615523671251	2.13537512737412	-2.37648139578362	0.0383283048805555	0.226637306781403	-4.06918262269157
PAFAH2	-0.52666880968936	4.18924890286701	-2.37642706384096	0.0383318899091385	0.226637306781403	-4.32590112680731
STIL	0.579295815916865	6.14331213454903	2.3763878103407	0.0383344802083414	0.226637306781403	-4.49936590728599
ZFR	0.363791153440206	7.48219965786764	2.376299945406	0.038340278946855	0.226637306781403	-4.55070823317973
ENSG00000302189	-2.24648824913912	-2.56311527379202	-2.37624027055885	0.0383442177392762	0.226637306781403	-3.67979573322511
FBXO27	-0.532539802698557	3.64400707628311	-2.37600814325134	0.0383595428811864	0.226671752895587	-4.25529219218139
LINC01833	-4.95130989804539	0.205249948208359	-2.37561732823668	0.0383853581615446	0.226768154267719	-3.88805649889666
PFN2	0.62422428669917	8.06816585703594	2.37525851451167	0.0384090745306836	0.226813017239147	-4.56899596389258
PEX6	-1.00276242033734	4.50566386650724	-2.37521489525362	0.038411958590549	0.226813017239147	-4.36640950463185
NFAT5	0.779206594464387	4.65068416845795	2.37475477714508	0.0384423939995279	0.226936586096149	-4.38368286219458
PKD1P4	-1.79571359507633	0.69276927969204	-2.37415110510737	0.0384823607677933	0.227013336701352	-3.93254654849479
FLT3	-1.3623235455644	-0.437225137997322	-2.37407016618867	0.0384877225002239	0.227013336701352	-3.83684141333545
AKAP14	1.3447471911144	-0.32657515491137	2.37402646932507	0.0384906174662926	0.227013336701352	-3.8461038418848
RB1	0.659775432155665	5.43479591554765	2.37393917367587	0.0384964015371255	0.227013336701352	-4.45891592276404
UCP3	1.49253435656669	-1.9455063394658	2.37377299040095	0.0385074149215015	0.227013336701352	-3.72200275937978
DRC7	-1.43876231416625	-3.33801030769369	-2.37369680538689	0.0385124649224357	0.227013336701352	-3.64173079051917
CCNF	-0.599458899474789	6.39675305248222	-2.37328218134519	0.0385399600319808	0.227071138627131	-4.51653988809741
ITGAL	-1.55822998248336	-1.87632181779914	-2.37317920254151	0.0385467918711935	0.227071138627131	-3.7275658228972
PDE9A	0.414998913893347	5.67447503932257	2.37303092377294	0.0385566310856276	0.227071138627131	-4.47752802108173
ENSG00000267397	1.9521971088987	-3.60949466931278	2.37296624729255	0.0385609235383286	0.227071138627131	-3.62971017859136
ENSG00000271780	-1.41881529649259	-0.069093456330989	-2.37267477385029	0.0385802738540375	0.227071138627131	-3.86964640153268
RPS24P19	1.67339555186376	4.75618795168264	2.37265503230976	0.038581584796491	0.227071138627131	-4.39870932023142
LINC01138	0.895058972323797	3.18939993911414	2.37254534992391	0.0385888690774561	0.227071138627131	-4.20101073429864
SP2	0.595965966770389	4.65954617356401	2.37188883374132	0.0386324980255867	0.227169646594247	-4.38940231656884
PPP1R3E	0.827031309038689	1.90157643909172	2.37186991088739	0.038633756262127	0.227169646594247	-4.05182447468475
ENSG00000254719	-0.844442362130613	0.929426516997079	-2.3718637768672	0.0386341641398604	0.227169646594247	-3.95744456959609
ENSG00000271743	1.77419507552856	-0.504041122381584	2.37112475067325	0.0386833359778569	0.227330666496061	-3.83591530318149
ETFRF1	0.923424090269709	3.13389572413039	2.37112314455815	0.0386834429087949	0.227330666496061	-4.1962025108234
ENSG00000282556	-1.20721155982697	-1.2575285610959	-2.37093443880514	0.0386960084517939	0.227330666496061	-3.77561255975685
FUS	0.506982255592925	9.1335650063035	2.37087979280321	0.0386996479647	0.227330666496061	-4.60132500545585
LYPLA2	-0.913884882437276	6.66721810021214	-2.37041965822137	0.0387303069300367	0.22736046422042	-4.53256814368918
STEAP3	-0.708390939515996	4.849395883122	-2.37038983484363	0.0387322948922298	0.22736046422042	-4.41224262677243
ENSG00000228033	1.72966725114733	-2.85587746647025	2.3702080916003	0.0387444116582353	0.22736046422042	-3.67225399409143
DRC1	-1.99173589191027	-2.32889506361304	-2.37003606400564	0.0387558840924077	0.22736046422042	-3.70319836108993
NOD1	-0.785580646731377	2.92631812696749	-2.36997358211474	0.0387600517990121	0.22736046422042	-4.17175712854808
SYNE1	1.19551605975856	1.96578459033421	2.36994621429748	0.038761877442196	0.22736046422042	-4.06166290427177
GABRG1	-1.29749282146514	-0.612741458723647	-2.36962492161783	0.0387833164022942	0.227411078371835	-3.82924528293543
RAVER1	-1.45884696334411	5.16140372478293	-2.36953134029686	0.0387895629970982	0.227411078371835	-4.44356379184183
RNF157	0.492506591438482	5.5500214610292	2.36935330866762	0.0388014493979759	0.227424899995455	-4.4750088583367
GALNTL5	1.70369606271759	-0.951044586900611	2.36892336859551	0.0388301692914549	0.22749503646504	-3.80271818680291
H3P36	3.73255970801578	-2.49591875588	2.36878076737641	0.0388396995984269	0.22749503646504	-3.69501984000894
TMEM88	-1.21674100296617	1.07399275842655	-2.36874618904825	0.0388420108767352	0.22749503646504	-3.97572602858308
LCTL	-1.31016709204066	2.63519628988532	-2.36807542089936	0.0388868727985974	0.22769557578025	-4.13940860852706
VAV2	-0.551112309759613	5.85085172851387	-2.36794904142344	0.0388953308943763	0.22769557578025	-4.49713580182221
LINC00339	-0.691234495518848	2.3986434796247	-2.36730582665824	0.03893840662381	0.227890558601788	-4.11320764386262
APPBP2	0.469443721570605	4.66043276997054	2.36711367936304	0.03895128364535	0.227890558601788	-4.39737423363678
PTGES2	-0.716306865710603	5.81753551219362	-2.36702417625613	0.0389572832402604	0.227890558601788	-4.49664595946079
ENSG00000272202	-1.68580319916077	-4.54592689571252	-2.3657288229148	0.0390442146952106	0.228321364276416	-3.60514070736775
ENSG00000288586	-1.73226486933236	-2.00797427070373	-2.36564180701903	0.0390500611294395	0.228321364276416	-3.7302903316634
CCDC177	-0.946439058537127	2.5972158164877	-2.3652435806981	0.0390768281045501	0.228421909471295	-4.13952194147284
NTAQ1	-0.582676937867123	4.21316472928496	-2.36484913218251	0.0391033587948307	0.228500753644721	-4.34795488743021
CLDN16	1.63073687903631	-2.26331091525986	2.36475839835018	0.0391094640565922	0.228500753644721	-3.71526811514538
IFITM1	-0.985027575107942	7.13675173992642	-2.36415023787808	0.0391504097220058	0.228651426628092	-4.55987801753534
IRX6	0.957154899528744	-0.470864903086928	2.36409080756602	0.0391544132328744	0.228651426628092	-3.84971047844236
ACOT8	-0.630073254291179	4.04388676858817	-2.36369633808765	0.0391809967116085	0.228750696799403	-4.32821070640667
ENSG00000290880	0.792634340941961	1.91175027786125	2.36301473391577	0.0392269718195201	0.228935541735605	-4.06717958419608
CHD5	-1.71117264260387	0.852649584140342	-2.36285548637274	0.0392377208577028	0.228935541735605	-3.96485989915457
ARHGAP6	1.25055616330554	1.39179265300123	2.36278399945585	0.0392425470819557	0.228935541735605	-4.01538101947967
TMEM258	0.892580547928562	5.93435972803943	2.36265842940208	0.0392510259681608	0.228935541735605	-4.51081146978183
TJP3	-1.0704467974906	4.10273624926909	-2.36247475131592	0.0392634317100758	0.228951948356799	-4.33776666315983
BTBD3	0.660500534072844	6.87352462716057	2.36201705448126	0.0392943615007132	0.229076337551911	-4.55426068817637
SF3B4	0.722781908340198	7.11170640088698	2.36143943046263	0.0393334295287626	0.229219854699426	-4.5635248765088
HEG1	0.686481639318923	4.73768787985977	2.36136911934053	0.0393381876586437	0.229219854699426	-4.41535286466439
TRMT9B	0.929755976031679	1.391265348216	2.36111756697895	0.0393552154339724	0.22926310147977	-4.01800435385665
SCNM1	0.690978995774636	5.45831426763198	2.36055141582017	0.0393935649406281	0.229288218733524	-4.48281490490176
SLC10A4	1.07306885963005	1.95595849620014	2.36034922999678	0.0394072692744449	0.229288218733524	-4.07612349642256
ENSG00000290846	-2.3021994796586	-2.75053313540587	-2.36024172109343	0.039414558215836	0.229288218733524	-3.69311225097196
CREB3	-0.672508656679098	4.93024465389963	-2.36012733733184	0.039422314705522	0.229288218733524	-4.43735620185873
ZNF132-DT	1.22426906709175	-1.64043867529084	2.35999767061286	0.0394311093493215	0.229288218733524	-3.76420127204022
TPM1-AS	-1.87704553798404	-3.79488985046867	-2.35992160697272	0.0394362692550493	0.229288218733524	-3.64037786517133
ALDOA	-0.966166459120814	5.78160853231484	-2.35979101615147	0.0394451296397896	0.229288218733524	-4.5063877778701
ENSG00000282048	-3.39750055554568	3.37168733797757	-2.35975918895241	0.0394472893600391	0.229288218733524	-4.24571341652558
GNMT	-1.33040064407736	-2.15390909882442	-2.35970952996604	0.0394506593344868	0.229288218733524	-3.72984668064183
ENSG00000269968	2.23399230381757	0.225075540019328	2.35963678928774	0.0394555961930105	0.229288218733524	-3.91505444067137
SYNGR2	-0.788510584078083	5.52850624335995	-2.3592920566112	0.0394790011492062	0.229367404243293	-4.49006930973059
SULT2B1	-1.60349664711377	0.0574994239614853	-2.35910017195043	0.0394920346493905	0.229367404243293	-3.90171720505028
MLST8	-0.482498367375179	6.16060868372184	-2.35901158780057	0.0394980530204858	0.229367404243293	-4.52899076629374
RENO1	-1.89193272351266	-0.822730258173136	-2.35872582066851	0.0395174740186313	0.229424362053679	-3.82898245440057
LDB2	0.838445130415428	6.66978682090309	2.35795718638536	0.0395697573202234	0.229611564405129	-4.55330149533711
ENSG00000260743	-1.53632961941692	-2.94561066712909	-2.35787604849932	0.0395752803367066	0.229611564405129	-3.68579359577188
SPINT1-AS1	-1.61863227953425	0.673408953963933	-2.35779435000046	0.0395808422731124	0.229611564405129	-3.95688788200172
UQCR10	0.758949949348973	6.15736377933679	2.35758490498117	0.0395951045212885	0.229611564405129	-4.53118856611369
DPY19L2	0.916657729891609	1.80216384190278	2.35728477655824	0.0396155506277048	0.229611564405129	-4.06508760567091
ENSG00000286358	0.967843937583609	0.956721416432691	2.35721188496408	0.0396205178860532	0.229611564405129	-3.98334715068309
SEC31A	0.476986424460903	7.29354566331366	2.35717257715616	0.0396231968013068	0.229611564405129	-4.57653738072471
SCO2	-0.659954873672234	2.96210458170004	-2.35681635471439	0.039647482211124	0.229611564405129	-4.19767481718798
OPTC	1.66599809739107	2.47706011368805	2.35670695323149	0.0396549435520322	0.229611564405129	-4.13937356681079
NDUFS7	-0.706254109444973	5.39933289789266	-2.35640638827128	0.0396754495674635	0.229611564405129	-4.48513742383652
SNORA11	1.46262095736806	-3.95748990833981	2.35628571302888	0.0396836855318413	0.229611564405129	-3.63850773322497
PLBD2	0.582909206135041	6.36753042803202	2.35623223119495	0.039687336146312	0.229611564405129	-4.54344975023784
CHRM3	-0.643697933647009	3.26634757709276	-2.35614853569148	0.0396930497714598	0.229611564405129	-4.23778615426595
GMFG	1.39229054348944	-2.02824935791227	2.35607384257498	0.0396981495093764	0.229611564405129	-3.74354928461057
ENSG00000273456	-1.07523002912413	-0.0886006133953747	-2.35588486636666	0.0397110548773934	0.229611564405129	-3.89450226508385
INSC	-1.39599773326824	-1.59992183155336	-2.35580450178427	0.0397165442915821	0.229611564405129	-3.77356079030532
LINC01980	0.725599595170433	2.4060829066645	2.35570350851574	0.0397234438255061	0.229611564405129	-4.13285485825989
BCAP31	-0.70252769981418	6.80709678719241	-2.35566696127901	0.0397259409025343	0.229611564405129	-4.56233010065529
EPM2AIP1	0.695885171757678	4.25959898907643	2.35557086044442	0.0397325076881544	0.229611564405129	-4.36898509410025
LMLN	0.590426482425736	3.6170087489081	2.35533203073433	0.0397488320401389	0.229614069955142	-4.28554707783817
ENSG00000296696	-1.06309334916312	-1.35046393233203	-2.35528302605696	0.0397521823880104	0.229614069955142	-3.79276176991088
BCL2L1	-0.642527637006073	5.96646752273257	-2.35497354332898	0.0397733474369218	0.229680736336079	-4.52534736314467
ZNF408	-0.686504703426297	3.89171140919044	-2.35454361477796	0.0398027678172797	0.229746601898632	-4.32333867684986
WWTR1-AS1	-1.20588895463986	-1.92475147473744	-2.3545255352062	0.0398040054825007	0.229746601898632	-3.75281282206267
WDR82P2	-1.42793078704	-0.720611776288873	-2.35373469919073	0.0398581801087793	0.230003671338548	-3.84517529732564
ENSG00000287104	-1.0671680486378	-0.531577893325427	-2.35357938272536	0.03986882818843	0.230009505045506	-3.86112426721547
LINC02916	-1.40037139969553	-0.039280941033178	-2.35318156048199	0.0398961144574754	0.230111301052819	-3.90290251624128
ENSG00000249199	-1.89770455116854	-3.93440705885403	-2.35262112309316	0.039934585230444	0.23027754184465	-3.64486272396204
INO80B	1.50671961636277	-3.01358677185508	2.35231564255387	0.0399555699146375	0.230342895447501	-3.69040423000653
HLA-V	-1.2760072363984	-2.53814952909932	-2.35172186356695	0.0399963897198249	0.230447633635426	-3.71826657633353
TOR1AIP2	0.531633641499039	5.76998295293175	2.3517033885072	0.0399976604539725	0.230447633635426	-4.51900960616911
ENSG00000274213	-1.46584005123939	-3.59162526953672	-2.35152034630126	0.0400102524161306	0.230447633635426	-3.66215119055872
LINC00641	0.738629786364129	4.01902319029146	2.35148971645614	0.0400123599021747	0.230447633635426	-4.34504753889714
CCM2	-0.582206607039521	4.78509392765172	-2.35109712702309	0.0400393815913861	0.230547628574574	-4.43729014262226
HSPB1P1	3.28161813649397	-1.35536934064459	2.35091552167411	0.0400518873895448	0.230564012620903	-3.79913323103809
BMP3	2.12258019996413	-1.33941738595339	2.35073164449002	0.0400645535091397	0.230581311454699	-3.80062238081645
GSG1	-1.41621632453394	-2.09175760634108	-2.350239820589	0.0400984512838653	0.230720765861141	-3.7482696035705
KRTCAP2	0.987452225295481	1.4445790706886	2.34901872404483	0.0401827332591257	0.231149986670415	-4.04259815712702
CLDN3	-1.38060762025021	2.99819984394868	-2.34855841132468	0.0402145495227573	0.231277265893891	-4.21565227514266
COPS8-DT	-0.972788375362777	0.451326358556701	-2.34781348859925	0.0402660896829873	0.231517890258699	-3.9532337286385
PLEKHA6	1.12484110178145	4.91308103354128	2.34734425322512	0.0402985884440772	0.231565141083018	-4.45672269614701
ENSG00000307046	-1.58018621860026	-2.98934453073847	-2.34719762948078	0.0403087486919815	0.231565141083018	-3.69935885215507
NHSL1	0.879269561648088	5.20813289950284	2.34719469499757	0.0403089520615705	0.231565141083018	-4.48454196509526
EIF3L	-0.363326199246188	8.41228067071759	-2.34713460232712	0.0403131169061859	0.231565141083018	-4.62432570213463
ENSG00000289047	0.53250704661532	4.92413723110064	2.34689532462521	0.0403297046907905	0.231588530856693	-4.45855680696749
BOK	-0.689656096395223	5.68951510284183	-2.34679595455886	0.0403365954150615	0.231588530856693	-4.52187269648435
NDUFS6	0.527546768712041	6.28989645044099	2.34617017537868	0.0403800158414341	0.231729700807184	-4.55650291824922
ENSG00000305204	-1.29680672405192	-1.83758868028663	-2.34616173346555	0.0403806019045995	0.231729700807184	-3.77154745076275
STAT4	0.995091060790156	0.0737240169390794	2.34556399786558	0.040422119584281	0.231868980060251	-3.9244553739211
DUSP2	-1.38697883854914	0.778390931457446	-2.34546144792197	0.0404292467023345	0.231868980060251	-3.98588309512137
STEAP1B	0.778513237491381	2.77397758223571	2.34539281259381	0.040434017472274	0.231868980060251	-4.19293887195145
CHD1-DT	0.885635376629378	-0.402727608102428	2.34522449599576	0.0404457193039498	0.231874690043229	-3.88498484104153
MIF	-1.30408959554512	6.823800290778	-2.34509903610328	0.0404544437650314	0.231874690043229	-4.58042046049871
DECR2	-0.742273416230188	2.82399050634754	-2.34488812291724	0.0404691147648682	0.23188176339085	-4.19988069372418
RXFP3	1.83895995819082	-1.49269940184721	2.34469058688682	0.040482859955899	0.23188176339085	-3.79847199522078
RSRC2	0.430637211708744	6.54043703403811	2.34466235817369	0.0404848245715704	0.23188176339085	-4.57004497428157
CEP83-DT	-0.988883973995525	0.0419649166548316	-2.34433113277872	0.0405078835900719	0.231953796437668	-3.9237117790609
DBNDD1	-0.786024256950491	6.00570286202245	-2.34411818176475	0.0405227154188781	0.231953796437668	-4.54542533359603
FOXB2	2.32229573137283	2.29613920777918	2.34391034146673	0.0405371963903369	0.231953796437668	-4.13953752824595
PAG1	1.38038733741335	0.577321280851832	2.34385420610614	0.0405411084043677	0.231953796437668	-3.97055053194493
TNNT1	-0.70063305322551	5.86778916973344	-2.34378410779965	0.0405459939974841	0.231953796437668	-4.53806935589499
EVA1C	1.08875797568308	1.10644769043944	2.34355170108037	0.0405621959890163	0.231990877467015	-4.01902763852766
IQGAP2	0.539952329699837	6.91543984254674	2.34330904919354	0.0405791189384035	0.232032063177498	-4.58670534381825
ENSG00000285041	1.80234029271454	-3.8928182397466	2.34301144757376	0.0405998835602192	0.232090980843469	-3.66073091363194
ENSG00000276412	1.27620257507816	-1.59729725982926	2.34280004319503	0.040614640207591	0.232090980843469	-3.79372403292459
KLF15	-0.545947356199566	3.58337621682585	-2.34274338729928	0.0406185958429283	0.232090980843469	-4.30162356378539
PARP11	0.632017162616583	3.77349288082175	2.34252806878634	0.0406336325019264	0.232121327650426	-4.32734224227204
CDK5R2	1.55381967564046	-1.44141821392087	2.34223904854234	0.0406538246035627	0.232181103568612	-3.80605475769061
LINC01521	-1.55984228906793	1.55758913459264	-2.34187275979391	0.0406794290254649	0.232271754198749	-4.06517290458874
KCNB2	0.816890849549724	0.885426787430376	2.34149311793662	0.0407059834282875	0.232347874160823	-4.00188969731562
ENSG00000176868	1.75615555103056	-3.60420018002429	2.34127242542093	0.0407214277268176	0.232347874160823	-3.6766279489708
MAPRE2	0.523551573695075	6.40584730166169	2.34126473813105	0.0407219657943907	0.232347874160823	-4.56988410453096
TRPC4	2.08124269952187	4.19082247946607	2.34097185072164	0.0407424714415683	0.232352371322913	-4.38434088797602
CCHCR1	-1.12814642703154	4.63662250309624	-2.34093865504972	0.0407447961726141	0.232352371322913	-4.4377772006133
C12orf56	-0.761760455745664	0.760743184868267	-2.34083637354389	0.0407519598758836	0.232352371322913	-3.99165482502905
NUP62CL	0.759649370654024	2.11117969047218	2.34040162873329	0.0407824226888656	0.232414612096404	-4.1248603279063
TOPBP1	0.416720129834089	6.61246617641246	2.34034068339862	0.0407866949338128	0.232414612096404	-4.58012502739373
PTPA	-0.904277666726529	7.62821481151087	-2.34004623213096	0.0408073419941387	0.232414612096404	-4.61508073986707
ZBED3	1.00693450729184	4.32816366114022	2.33992673018932	0.0408157244281351	0.232414612096404	-4.40319512437017
SPSB1	-0.735147541681006	2.80564620387521	-2.33981861993044	0.0408233092393528	0.232414612096404	-4.20585379335721
AGBL4	0.977315200167221	-0.180156363678908	2.33980879151102	0.0408239988506931	0.232414612096404	-3.91213012159678
PTPRA	0.411013939624678	6.98610680127407	2.33970842750089	0.0408310415435631	0.232414612096404	-4.59515684979756
UBXN6	-0.708452310404778	4.87791370698893	-2.33954865650429	0.0408422553534437	0.232423011092189	-4.46599162521352
EIF1AD	0.604852854565025	5.03005762310957	2.33911437712781	0.0408727511691529	0.232537570241769	-4.48166391902424
ENSG00000282221	-1.39933049601496	-0.369467345122831	-2.33866357907692	0.0409044303964407	0.232537570241769	-3.8980522792793
IKBKG	-1.29042560004741	1.26551690233365	-2.3386586479531	0.0409047770566403	0.232537570241769	-4.04188448396221
PCDH12	-1.77687601381048	-0.580371887665805	-2.33840605509291	0.0409225382722803	0.232537570241769	-3.8807712265109
EEF1A1P5	-0.327078886686557	12.1685990029157	-2.33837479844465	0.0409247366236976	0.232537570241769	-4.70449688252099
ODAD3	-1.14104569848949	1.6502932852653	-2.33835976700726	0.0409257938599255	0.232537570241769	-4.08008023175613
SNHG9	2.0583391775515	-0.499543253461955	2.33829161691775	0.0409305875303001	0.232537570241769	-3.88771605197397
MT-ATP6	1.4543956343325	10.5422584988518	2.33781473666841	0.0409641465325021	0.232672842763262	-4.68234577742769
FNDC11	-1.1072339428589	1.24845890149561	-2.33741367543285	0.0409923907302734	0.232749199139144	-4.04224512703272
LINC02786	-1.55902061649018	-2.87153892625225	-2.33734692172524	0.0409970936096267	0.232749199139144	-3.72059188342471
REEP3	0.478881209122516	5.35368486844126	2.33686084631177	0.0410313540447746	0.232888306061031	-4.51369913625918
DMRTA1	0.716708809311768	3.225272078952	2.33658991048113	0.0410504627191137	0.232941367978385	-4.26428986062895
NOCT	-0.8829264008232	4.45350602023796	-2.33638408052335	0.0410649853676186	0.232968387394569	-4.42408373631065
ATG4D	-0.82467161165441	4.85312497597733	-2.33623017856268	0.0410758474231329	0.232974631760435	-4.46888590584239
ZNF883	0.70805114592017	3.57657638325268	2.33602147897058	0.0410905814389121	0.233002828986105	-4.31168742714475
SCUBE3-AS1	1.56376345992972	-1.84402683724448	2.33580223815263	0.0411060651952893	0.233035263186691	-3.78692669171784
RHOT2	-0.917133877331074	6.42220696325921	-2.33512168771723	0.0411541648491919	0.233212666987488	-4.58074122336916
OGG1	-0.455562881247041	4.61226320918261	-2.33479272718458	0.0411774346105688	0.233212666987488	-4.44511592593115
ENSG00000306232	-1.67716693398572	-4.42375626531798	-2.3344994388597	0.0411981918125063	0.233212666987488	-3.65328539301012
FLOT1	0.40271733858433	6.99946049542416	2.33441930142852	0.0412038652335284	0.233212666987488	-4.60435458689329
PRR13P5	-0.649485382109294	4.21693435930851	-2.33441927557191	0.0412038670641991	0.233212666987488	-4.3983632157205
LRRK1	-1.15925804055503	1.84806062681878	-2.334410126568	0.0412045148267574	0.233212666987488	-4.1066245642881
UBE2D4	0.638479191829215	2.89267334581373	2.33439257399204	0.0412057576019707	0.233212666987488	-4.22542188814647
CCSER2	0.449933158184011	5.23650498039005	2.33387006045104	0.0412427698392179	0.233340082310765	-4.50893687408679
SLC5A11	-1.2610043922943	-1.64341861359173	-2.33376546445053	0.041250182779418	0.233340082310765	-3.80423490825548
ENSG00000272750	1.19830454085193	0.0815850547820033	2.33366082153739	0.0412576003415356	0.233340082310765	-3.94388744747036
SLC44A2	-0.566023063082861	7.53375111829551	-2.33206746106873	0.0413707053540069	0.233785714467758	-4.62546230562371
ADGRA2	0.651240981521299	3.05095517936989	2.33198516056919	0.0413765556564166	0.233785714467758	-4.24929135722269
TSBP1-AS1	-1.09729352648177	1.14699843697977	-2.33198107785134	0.041376845895946	0.233785714467758	-4.04130181243402
BCAT2	-0.926327804986069	4.70231800184184	-2.33194623903505	0.0413793226604183	0.233785714467758	-4.45988968951709
GPR176	-1.42685782715861	7.02570375917818	-2.33184430827748	0.0413865699598571	0.233785714467758	-4.60951606331604
TAF1C	-0.964513005169989	5.35109952409096	-2.3317234290313	0.0413951661013426	0.233785714467758	-4.52194526062274
MICU1	0.387616542799111	5.91353767093347	2.33135734814676	0.0414212099752664	0.233877458831247	-4.56126514859027
EMILIN3	-0.780726449620657	3.70996942324519	-2.3309534052391	0.0414499659402345	0.233984469511726	-4.33777694411188
C5orf24	0.569027139439295	4.6693017789085	2.32977350383419	0.0415340722217771	0.234403807452626	-4.45977640742938
CERS6	0.402800718654805	6.4196755713685	2.32957134324441	0.0415484993728779	0.234429795397749	-4.58977912748426
CFAP91	1.59921568531096	0.459936071446628	2.32920675330971	0.0415745305840922	0.234466785455018	-3.98345551218058
CRYGB	-2.51995810697405	-2.7800982163829	-2.32920433948107	0.0415747029809208	0.234466785455018	-3.7379634138578
SPATA3-AS1	-0.908511033110997	-0.308077047335869	-2.3290650419569	0.0415846528563738	0.234467495800395	-3.91823992711492
RAD50	-0.812547739737284	2.19630575054906	-2.3286836797292	0.0416119050086353	0.234565738507581	-4.15304112765706
NIPSNAP3B	0.894679491853721	0.0806051532844714	2.32769808907924	0.0416824158015157	0.234907725604433	-3.95319611140922
NANOGP4	3.11906703831343	-1.63833422021795	2.32754241543123	0.0416935635724128	0.234915080685264	-3.81413408651469
RCC1L	-0.689772793564332	5.87562282308744	-2.32725973336385	0.0417138138128012	0.234973282564202	-4.56576214901497
ENSG00000235100	-0.819813918947486	1.23065454008366	-2.32711986557419	0.0417238369317793	0.234973282564202	-4.05698429571323
MESTP1	-0.881864950249852	3.58145221987156	-2.32698604649131	0.0417334287840806	0.234973282564202	-4.32707339857931
ENSG00000280161	-1.21625350671212	-1.49527114763179	-2.32679145317978	0.0417473806228386	0.234994169857042	-3.82578801113564
CPSF4	-0.573415822074129	5.98671667302941	-2.32665968642633	0.041756830534366	0.234994169857042	-4.5731617877505
KCTD3	0.458127040210508	7.00830686617296	2.32592458304692	0.0418095880952162	0.235235605626715	-4.61867166801232
FOSB	-1.22565596002563	-0.400015888767468	-2.32561912942882	0.0418315292192964	0.235303584227421	-3.91590235736351
ENSG00000294503	1.93395191493894	-1.19281108481697	2.325011340851	0.0418752207529031	0.235399796943999	-3.85161193447212
TSPAN3	0.598178539534265	7.60037377916184	2.32497244130514	0.0418780185985185	0.235399796943999	-4.63914139826089
CNPY2	0.958058969499776	3.70809298167772	2.32496960565631	0.041878222559359	0.235399796943999	-4.34728990937379
FAM153A	2.48026880613911	-1.1530663163913	2.32449041579151	0.0419127033129325	0.235538142210916	-3.85554073753342
ENSG00000297754	-2.82177976701817	-1.15945521875788	-2.32426527396422	0.041928913225071	0.235573769289729	-3.85538361760504
TMPRSS13	-1.87073250502745	-1.17287647952696	-2.3233077390339	0.0419979225687007	0.235905958566058	-3.85580511114345
BAIAP2L1	-0.43642404438038	5.6015010221105	-2.32290710867571	0.0420268286637255	0.236005596865099	-4.55525649386714
RAB11FIP5	-0.760587415440698	4.50301519279397	-2.32278784121413	0.0420354377288112	0.236005596865099	-4.45225305086417
EPC2	0.522252763462835	4.99665568721407	2.32198545409741	0.0420934008888136	0.236216975053364	-4.50657835666462
PCID2	-0.482210510014083	5.82892078860208	-2.32174070166976	0.0421110968684322	0.236216975053364	-4.57202845813301
UPF1	-0.817379870661608	6.5473040053388	-2.32164218312848	0.0421182219522851	0.236216975053364	-4.60828796149151
SNORA9B	-2.17490312925209	-4.08387918875647	-2.32155576420186	0.0421244729292478	0.236216975053364	-3.68357400439224
SNRPFP1	2.86642637661157	-0.149429050925624	2.32148605711269	0.0421295157387175	0.236216975053364	-3.9434762930146
QSOX1	-0.742850145011116	6.84459748727091	-2.32144522317024	0.0421324700549785	0.236216975053364	-4.62020744061747
ENSG00000273306	1.00718011360054	-0.80970666339145	2.32121455651962	0.0421491624585642	0.236255063503652	-3.88841875646368
THTPA	-1.04078258428847	3.26361300139279	-2.3210149410827	0.0421636130000459	0.236280570902112	-4.2946334930487
C1orf56	1.11798042849444	2.35683420560679	2.32069158064605	0.0421870318950483	0.236299645341333	-4.18384758771704
BET1L	-0.534176073412636	5.48270837409556	-2.32055569414286	0.0421968770431281	0.236299645341333	-4.55051243539712
ZNF117	0.521815037296593	4.44024399299243	2.32035750452693	0.0422112401331489	0.236299645341333	-4.44876873443733
LRP4-AS1	-1.75802173416928	-1.49093461978227	-2.32029961467545	0.0422154363914276	0.236299645341333	-3.8360745070517
QPCTL	-0.69433673916084	4.40481969595272	-2.32028466373673	0.0422165202051134	0.236299645341333	-4.44467715120253
HSBP1	0.510974601071223	7.04342018039515	2.3194134973039	0.0422797189437603	0.236447337331196	-4.63060883911594
NCOA2	0.43650536623377	5.8649992836283	2.31939931754489	0.0422807483738694	0.236447337331196	-4.57806423594815
GAPDHP63	2.52533016824315	-1.61185893994526	2.31917473336187	0.0422970561105426	0.236447337331196	-3.82887531604774
ZNF624	0.925599655712117	2.25039975492549	2.31908235042323	0.0423037660890633	0.236447337331196	-4.17447973938092
DNAL4	-0.639263009957157	3.69746354884095	-2.31905210068507	0.0423059634196705	0.236447337331196	-4.35552290926393
CA8	-0.694434926400999	1.69499551665982	-2.31903768698138	0.0423070104651738	0.236447337331196	-4.11557454330174
RDM1P5	-1.79053848357061	-1.10492409716044	-2.31896550267215	0.0423122544828231	0.236447337331196	-3.86789961970437
NAB2	-1.1850975735805	4.61785558763357	-2.31851270782572	0.0423451633560737	0.23657584593151	-4.47244491697313
MPPED2	1.24993713998536	2.61841937275083	2.31800984725621	0.0423817401233559	0.23672478154087	-4.21854300746948
TNXB	-1.37963113985375	2.19852374566994	-2.31720669328015	0.0424402231243343	0.236995976908865	-4.17176561377319
ENSG00000289311	-1.18943917713376	-1.77941513128238	-2.31699270753935	0.0424558180768174	0.237027604687579	-3.82015542503267
ENSG00000280169	1.55278056153581	-3.04646698162335	2.31548510213102	0.0425658479271687	0.237586317230527	-3.74345696180905
DUS3L	-0.770310136444842	4.4006997800429	-2.31476772438611	0.0426183016566465	0.237801785119561	-4.45321475040447
AP1B1	-0.603652716642131	7.04163615980193	-2.31468467335263	0.0426243782939406	0.237801785119561	-4.63833352051958
ENSG00000268756	1.89920740382318	-1.63050583961572	2.31445160951475	0.0426414354894	0.237841350975815	-3.83473587239124
TMEM139-AS1	-1.39324458486701	-3.44939105629308	-2.31407922300854	0.0426687030245764	0.237937835300833	-3.72426264556866
PLEKHG4B	-0.740376814710174	5.34240381982103	-2.31380599548957	0.0426887205378108	0.237950467443503	-4.55068660150124
ENSG00000308024	-1.32421228871773	-3.10183249489877	-2.31377614522957	0.0426909080149612	0.237950467443503	-3.74296569011724
KCTD13	0.581693636668009	3.00742249626907	2.31353560450742	0.0427085392164731	0.237993160280075	-4.27367356810417
ENSG00000289885	-1.54472263467529	-3.28833792911443	-2.31314170904417	0.0427374263173717	0.238024713334993	-3.73394168263533
RNASEH1-DT	-0.489277065745452	3.982612911277	-2.31301999368259	0.0427463563905768	0.238024713334993	-4.40322105679241
LINC02709	-1.26772995413893	-2.17174440274067	-2.31297308168304	0.0427497987372996	0.238024713334993	-3.79960011993385
ENSG00000288533	1.54248022549362	-1.19102673554153	2.31291456017333	0.0427540933534635	0.238024713334993	-3.87040958537222
ENSG00000227482	-1.495821432967	-2.86270678597745	-2.31249729071239	0.0427847269275801	0.238139710256659	-3.75819698675593
SLC17A7	-1.00903037649294	1.531382655208	-2.31191572719127	0.042827457604973	0.238321970309604	-4.11053067920396
ENSG00000276744	-1.33288251720811	-2.27958255578424	-2.31149353427649	0.042858504405702	0.238396463067492	-3.7948847439815
ENSG00000278231	2.00836244668051	-3.64087241716841	2.31137285230575	0.0428673830115768	0.238396463067492	-3.71874168353964
RBP7	-1.03695372432419	0.447076898950508	-2.31132627922816	0.04287080988334	0.238396463067492	-4.01059143025437
STMP1	0.651307942100332	6.53675972167542	2.31074599049079	0.0429135301481515	0.238533233598149	-4.62577863900611
PUS1	-0.927934603566388	4.97617137157928	-2.31053762268531	0.0429288800570635	0.238533233598149	-4.52336494736196
RPS19	-0.466764875097001	9.3874457655339	-2.31048628957517	0.0429326624508352	0.238533233598149	-4.70644510494422
SAMD4A	-0.886419647409506	2.47159160941884	-2.31044937836081	0.0429353823914881	0.238533233598149	-4.21350877645105
MAP1S	-0.835655719431705	6.07020926004552	-2.31010818843511	0.0429605321674235	0.23861741243656	-4.60490596895238
SDC4	-0.514650037452763	6.12140942769754	-2.3098647298455	0.0429784867195397	0.238646977943086	-4.60800078468959
ENSG00000297726	1.46344184937515	0.202157531349107	2.30964863311057	0.0429944294962475	0.238646977943086	-3.99200091225292
NYAP1	-1.11941368610842	2.41371694490596	-2.3096002576838	0.042997999233568	0.238646977943086	-4.20819518935115
LCOR	0.62200319781113	5.31635294590042	2.30949386431516	0.0430058512646421	0.238646977943086	-4.55563610983759
KCNS3	-0.638443963656777	4.37065448375943	-2.30910367134989	0.0430346601572581	0.238751332862222	-4.4588649612105
SP140L	1.10254557543643	1.84744116867007	2.30880934541389	0.0430564033502434	0.238816448700966	-4.14764070234467
HSPG2	-1.3619522718179	6.13636841528739	-2.30826790048627	0.0430964302039204	0.2389829227874	-4.61139668700621
ENSG00000228427	1.46708453340519	-2.59661680418956	2.30793026137179	0.0431214087943898	0.239005019497114	-3.78061494691196
NXPH3	-0.629923666509054	2.75391795367483	-2.30792639236525	0.0431216951054815	0.239005019497114	-4.2511508749946
STARD8	-1.05857012529214	2.9623928914249	-2.30770231185365	0.0431382804790309	0.239005019497114	-4.2774210074666
LYST	1.15482678884099	-0.440296406926404	2.30767272107545	0.0431404711104692	0.239005019497114	-3.94052215571127
AP2S1	-0.472873025830978	6.77682622591819	-2.30730608340397	0.0431676225804795	0.23909761423861	-4.64093712504922
GCC2-AS1	-0.816574004717301	0.719308177380282	-2.30714632884225	0.0431794584434514	0.23909761423861	-4.04138286030676
FAM131A	-0.807745599519736	3.85785878694899	-2.30690196577559	0.043197568858328	0.23909761423861	-4.39673374551412
LINC00342	1.71343878570335	0.889050159512762	2.30684083612299	0.043202100496775	0.23909761423861	-4.05729147818732
ENSG00000273702	-1.01187573158243	0.772409096977365	-2.30677105469309	0.0432072740692641	0.23909761423861	-4.04676757279912
ENSG00000289326	-1.25421685634926	-0.333588705963341	-2.30594931297388	0.0432682429867581	0.23937949823017	-3.95224696341809
GLIDR	0.602931147513163	2.39579575092226	2.30563830690648	0.0432913397776558	0.239405705276877	-4.212525213128
SLC30A6-DT	-1.10841466041255	-1.50100345079505	-2.30561539760524	0.0432930416045167	0.239405705276877	-3.85783132217333
IFT88	0.485532803732051	3.69819467841723	2.3053882607565	0.0433099180722307	0.239443552149625	-4.3778665704986
ENSG00000288906	-1.41921561541075	-2.27935572054026	-2.3051645398198	0.0433265469761349	0.239480013126311	-3.80445028928185
FAM107A	-1.48030729066905	-1.40052739542505	-2.30454080990062	0.0433729407847059	0.23968093950187	-3.86706526632017
LINC00428	1.3465483225102	7.23529017463789	2.30429337132109	0.0433913589278938	0.239694963142248	-4.6618922040726
NCAN	0.697837357028599	4.42826516822957	2.30415186852836	0.0434018951293953	0.239694963142248	-4.47384355608203
CD96	1.57268867473859	-2.39116861960967	2.30401764564469	0.0434118915681984	0.239694963142248	-3.7991015244395
SEC14L5	-1.24372554544799	2.95780017862889	-2.30396718467447	0.0434156502980659	0.239694963142248	-4.28288233219785
PBDC1	0.509885786786947	5.13291133127698	2.30372217716457	0.043433904873744	0.239740288534146	-4.54926453358741
B3GNT4	-1.40804776813202	0.580009713715319	-2.30324225726461	0.0434696834616711	0.239882297151377	-4.03509705933785
VPS35	0.459324492012784	7.14007183667148	2.30297647198641	0.0434895103670776	0.239936232993768	-4.66092547108709
ENSG00000289056	-0.962799304310767	-0.0337706482154	-2.30283269548881	0.0435002393848978	0.239939961497425	-3.98252347920397
USP54	0.470798540810969	5.83273914078735	2.30243642669453	0.0435298234034236	0.240030254873909	-4.603971541493
ENSG00000228559	-1.52707401406063	-1.91263678152739	-2.30229298056417	0.0435405373929084	0.240030254873909	-3.83320127775213
CEP126	0.826358432068192	2.39244689635644	2.30220941311557	0.0435467802239085	0.240030254873909	-4.21766149572321
NAV2	0.450574098797734	6.73288682147429	2.30203529099572	0.0435597906501884	0.240046530465954	-4.64792854080811
DDIT4	-1.13923672878117	7.5599392510008	-2.30183381707309	0.0435748495131855	0.240052122078691	-4.67604123667983
TCL6	-2.68027255953064	-2.68091653341613	-2.30168028138485	0.0435863286965837	0.240052122078691	-3.78493524479413
ZNF283	-0.892476409155741	1.81122989177784	-2.30149477200865	0.0436002023251072	0.240052122078691	-4.15559332918366
TOX3	0.738115506794207	5.02067069041855	2.30148361357711	0.043601036963637	0.240052122078691	-4.54250754971499
ARFGAP3	-0.591060836476721	4.59726258504639	-2.30100166013138	0.0436371013540088	0.240195271682686	-4.49875744790255
STX3	-0.769718157661867	6.13466963571076	-2.30081077008948	0.0436513935820611	0.240212607940947	-4.62355287655268
NPBWR1	-1.07994887317917	-1.14223782081723	-2.30055917126041	0.0436702381069039	0.240212607940947	-3.89331353022759
SERPINE3	-1.07223942337335	-1.43507893765838	-2.30036730244203	0.0436846142118608	0.240212607940947	-3.87084412272801
PHLPP2	-0.642900567045961	4.34497888167841	-2.30036104571557	0.0436850830852629	0.240212607940947	-4.47001179623334
ENSG00000303021	1.4980739697791	-3.1824912292296	2.30028777807295	0.0436905740592303	0.240212607940947	-3.75857498477303
LSM3	1.16169089364576	6.52551086451638	2.29983687595137	0.0437243812331206	0.240343115359486	-4.64323524477576
DCAF15	-0.727528725307856	6.07456849194179	-2.29959915890093	0.0437422146984964	0.240385779002766	-4.62239325322133
NADK	-0.485194878038365	6.22865700512098	-2.29926785656169	0.0437670806749015	0.240444098621826	-4.63076201742678
ENSG00000293498	-1.40705875097195	-0.124208113814501	-2.29918934225567	0.0437729755944122	0.240444098621826	-3.98054402490413
ENSG00000304564	-1.67127693596698	-1.90471176820584	-2.29904450771412	0.0437838519132525	0.240448502902347	-3.83868600922931
TMEM259	-0.516749785271003	6.24408689847902	-2.29873001959553	0.04380747735732	0.240462034771308	-4.6323936856839
H1-5	1.52131385994121	-2.39153526473996	2.29870208363741	0.043809576601793	0.240462034771308	-3.80707595957677
ARL8A	0.552507428915749	5.49617304466331	2.29847632426473	0.0438265448455671	0.240462034771308	-4.58774455892383
INVS	0.574772529237102	3.83398495594618	2.29837556844871	0.0438341197854338	0.240462034771308	-4.40745258495282
EFHC2	0.869943124900189	2.37313872043779	2.29831169466681	0.0438389225485977	0.240462034771308	-4.22173086218275
SYT14	0.610981238348515	4.39135218900854	2.29816142481363	0.0438502235717638	0.240462034771308	-4.47923235307404
ENSG00000279725	0.940680364040633	-1.06955938126235	2.29807344286077	0.0438568415535888	0.240462034771308	-3.90298296927442
SEPTIN7P6	1.62779458081235	-0.667729397619621	2.29788642504944	0.0438709122077294	0.240483936991703	-3.93650703398624
RPL7AP6	-0.636210382675525	8.89989231213632	-2.2976765413579	0.0438867084356116	0.240484894417105	-4.7172276429163
PCDHB14	0.773712429239635	1.95327286496832	2.29757166268868	0.0438946038615782	0.240484894417105	-4.17676605907588
HCK	-1.27625137620776	1.66975228626744	-2.2974288333365	0.0439053584883479	0.240484894417105	-4.14757559301704
SLC38A6	0.857268451957945	3.08279431229993	2.29734873151381	0.0439113910365669	0.240484894417105	-4.30952012033565
ROPN1B	-2.45009021503411	-2.88879894946288	-2.29698481396063	0.0439388081543985	0.240531271974458	-3.77981567710559
RAG1	-0.969176691670804	0.902328617766359	-2.29696879577454	0.0439400153269635	0.240531271974458	-4.07416176671458
CAMTA2	-0.855758380056417	2.37705438556162	-2.29656447291736	0.0439704968137928	0.240642936816049	-4.2249856973896
ENSG00000305512	0.996069385737371	3.94515191718256	2.29579976940609	0.0440282031068837	0.240903512964693	-4.42631889987855
WNT16	-2.01971030439285	-3.69294120160111	-2.29461570391699	0.0441177003419772	0.241337876246154	-3.7407243210837
PARTICL	-0.807227057735371	0.886996733783592	-2.29447060310061	0.0441286798691751	0.241342622006783	-4.0767060187041
MT-CO2	1.60587088355059	11.0750307847906	2.29428289016012	0.0441428877127134	0.241360522417944	-4.76246948292619
CACNG6	-0.833463420946788	1.45287421681729	-2.29414178811527	0.0441535705344801	0.241360522417944	-4.13112056411963
DNAI4	1.10423476475489	1.05815527394246	2.29384953922397	0.0441757046418804	0.241360522417944	-4.09360572299796
NAPSA	-1.30367081332466	-1.25383943889608	-2.29378750269261	0.0441804044979309	0.241360522417944	-3.89492049109067
UBL3	0.636415225684967	5.90892414516926	2.29375962642421	0.0441825165477017	0.241360522417944	-4.62276484380618
ATP6V1F	0.50429898686077	6.23270863731824	2.29343278769874	0.0442072868374901	0.241440575503518	-4.64053018136321
ATP7A	0.585935329911428	3.00858558714964	2.29313648079732	0.0442297548321995	0.241508020722971	-4.30682135656889
LSAMP	1.43842538349505	3.91760945480824	2.29190615344658	0.044323165051819	0.24188362597372	-4.4290122948702
C1orf131	0.652162087369123	3.88560335280343	2.29176716793854	0.044333729271562	0.24188362597372	-4.425013557041
GLYATL2	1.59590204462754	-0.298431528140411	2.29159557378438	0.0443467754253897	0.24188362597372	-3.97762461054362
RAB3D	-0.538115800629325	4.41729622048965	-2.2915836435659	0.0443476826078427	0.24188362597372	-4.49305041527023
CILK1	0.470837368260633	4.72896205773576	2.29156347374393	0.0443492163766287	0.24188362597372	-4.52891933986541
ZSCAN9	0.48333766520854	3.91718500962401	2.2913056743911	0.0443688246783554	0.241902174940064	-4.42993261253391
ENSG00000287068	1.37966423284958	-2.21883907546238	2.29125226365038	0.0443728881672435	0.241902174940064	-3.829345776967
ENSG00000294582	-1.85151671819089	-3.98965731025036	-2.29107118565378	0.0443866672651642	0.241922034167087	-3.73194779902102
LYSMD1	0.692057463233268	3.08777830144733	2.29060888523921	0.0444218647466737	0.241963092880134	-4.32105964613728
MMS19	-0.542165546523459	7.21870202029399	-2.29048985118969	0.0444309318444323	0.241963092880134	-4.68402569478423
ARID2	0.608777629204247	6.00285343001711	2.29048769401142	0.0444310961782184	0.241963092880134	-4.63345321765636
ENSG00000307510	2.19487527894694	-3.0414547683519	2.29037150953834	0.0444399479788272	0.241963092880134	-3.78100323305917
ZNF598	-0.942095987431376	5.09148540555572	-2.29020182723356	0.0444528787147981	0.241963092880134	-4.56764992911995
ENSG00000290064	-2.5068386115622	-1.8288206122294	-2.29017362313849	0.0444550283772316	0.241963092880134	-3.85748615337508
LRP3	-1.3229758600317	5.10901733324721	-2.28970311169043	0.0444909047280901	0.24208441783611	-4.5700528905913
DLG2	-0.817538677104614	1.95086277811377	-2.28961527828505	0.0444976051052505	0.24208441783611	-4.18924505869147
MTAP	-0.543777528288065	5.9265612058788	-2.28928203559247	0.0445230354414596	0.242167567657547	-4.63113228440687
PIK3CB	-0.421044702748469	5.46145152172295	-2.2889356704814	0.0445494821004549	0.24225620626374	-4.60078356473167
ENSG00000254339	-6.24000920818032	3.30358391302746	-2.28801287312289	0.0446200164954262	0.24254882793574	-4.35341164668431
C8orf88	-0.638284725887362	3.73804183578384	-2.28796578585699	0.0446236185304325	0.24254882793574	-4.41149894135723
TPI1P1	-0.553939592026502	6.88099490755585	-2.28782067976028	0.044634720485054	0.242553933018393	-4.67678523520854
LMBRD2	0.556454417972467	4.02120537280054	2.28765425746092	0.0446474566209762	0.242567914220997	-4.44957413293502
VSNL1	-2.95339508526039	4.58107362529376	-2.28740197987314	0.0446667698937357	0.242617614258942	-4.51912373002358
CFAP251	-1.03006342964603	0.621979389941869	-2.28722439477877	0.0446803698894283	0.242625866649164	-4.06412486235316
ENSG00000286791	-2.42810240494442	-3.90355359420978	-2.2869495177155	0.0447014287063566	0.242625866649164	-3.74188024715058
ENSG00000237713	-2.45645403403468	-3.36586221613962	-2.28693085324074	0.0447028589733445	0.242625866649164	-3.7685135713246
POLR3D	-0.397401506128444	6.01719792815504	-2.28685134563287	0.0447089521734204	0.242625866649164	-4.64019556970265
SLITRK6	1.35457934468765	-1.29504054985401	2.2865899913927	0.0447289871688645	0.242679412766376	-3.90274071583588
SC5D	0.84899027515972	7.83972379510577	2.28640167335351	0.0447434287187302	0.242702593915894	-4.70945252903974
TASP1	-0.608978876004395	2.93694536249918	-2.28599875356503	0.0447743426131424	0.242742339752976	-4.30926757577774
ENSG00000307869	-2.188559899963	3.93608062581997	-2.2859798565891	0.0447757929856238	0.242742339752976	-4.44108845952564
PPP2R2C	-0.590614096579527	4.06301460039706	-2.28589192496539	0.0447825424741134	0.242742339752976	-4.45783176402309
DDX3X	0.495513763994206	8.92077449612133	2.28534993457971	0.0448241665431394	0.242742339752976	-4.73794062918077
LIMK2	-0.562437642165946	5.4018064352789	-2.28532673830389	0.044825948819374	0.242742339752976	-4.60210869820758
ENSG00000304417	-2.16945958795686	-3.59830537980756	-2.28525940826997	0.0448311224834851	0.242742339752976	-3.75906098312417
SERTAD3	-0.646377377903084	4.34897224309013	-2.28516073779677	0.0448387054033783	0.242742339752976	-4.49528157007241
ENSG00000310238	-1.55381899352216	1.16221219655773	-2.28503792698557	0.0448481452670665	0.242742339752976	-4.11742175563076
ENSG00000281468	1.26586694802873	-0.831254833161298	2.28479500864	0.0448668228777379	0.242742339752976	-3.94305334934452
CASR	1.20869433397106	-0.643098320035827	2.28464835312405	0.0448781026382066	0.242742339752976	-3.95912650656021
TSSC4	-1.39560328254427	4.0387120665524	-2.2846067380631	0.0448813038904429	0.242742339752976	-4.45679081186421
KYAT3	-0.396953683801331	6.09967892126392	-2.28421047113411	0.0449117979385684	0.242742339752976	-4.64894982634984
SCMH1	0.429032197535384	4.81643957259183	2.28398440038452	0.0449292038194471	0.242742339752976	-4.55060090908748
KCNQ5	1.03305192315914	1.12839011046092	2.28387986544559	0.0449372544944945	0.242742339752976	-4.11604462446036
ABCC6P2	1.16760138800308	-0.223607229489931	2.28384110067061	0.0449402402879293	0.242742339752976	-3.99608237182848
GALNT12	-0.6126020389183	4.75251868693481	-2.28376635775846	0.0449459977810764	0.242742339752976	-4.54417981610968
MYBL2	-0.453466801460746	8.03371211933975	-2.28365730421001	0.0449543995257642	0.242742339752976	-4.71924639232758
CPEB2	1.20662867801941	1.97547563120761	2.28363457450329	0.0449561508679992	0.242742339752976	-4.20143316045458
RAD18	0.419262293484393	5.29916346663298	2.28350426436747	0.0449661926447301	0.242742339752976	-4.59677553480808
IL4I1	-1.50125546671307	-1.31679007433052	-2.28345697846307	0.0449698370619398	0.242742339752976	-3.90584678152384
WRAP73	-0.629450980349684	4.1485607308385	-2.2833140140798	0.0449808573470922	0.242742339752976	-4.47307266890913
SLC52A1	-1.53825349685515	-1.73733728999987	-2.28328372378958	0.0449831925835911	0.242742339752976	-3.87451240234178
P2RX6	1.53187684628079	-0.692952095899133	2.28311826808217	0.0449959505001101	0.242742339752976	-3.9572804251385
RNF11	-0.392311578109614	5.94883799622982	-2.28308403289976	0.0449985907354269	0.242742339752976	-4.64256212571564
ENSG00000290913	-2.26735737968368	-3.88221606584897	-2.28277387009308	0.0450225174937987	0.242742339752976	-3.74893911901236
USP43	-1.53613737543074	2.28092191707519	-2.2827442323457	0.0450248044709458	0.242742339752976	-4.23628133811159
LINC00662	0.561520409754514	5.23165696684541	2.28273687198796	0.045025372445518	0.242742339752976	-4.59235377895513
PRKCZ	-0.389310267814457	5.50198608424957	-2.28255285847433	0.0450395744182452	0.242742339752976	-4.61424113534272
DGKI	1.33172647858564	1.34230891605509	2.28244023142519	0.0450482689978849	0.242742339752976	-4.13889087233958
GDF5-AS1	-1.84963426244785	-3.64055181816357	-2.2822223308228	0.0450650950975908	0.242742339752976	-3.76139666063319
TMCO4	-1.20693290196849	1.84828228655889	-2.28221002558832	0.0450660454789222	0.242742339752976	-4.19027206800985
PLA2R1	-0.914318403944248	1.22810904110201	-2.28190723727826	0.0450894371196379	0.242760517171495	-4.12868819941748
ATP5MC2	0.712704956965907	7.84863046916522	2.281870190767	0.0450922999220933	0.242760517171495	-4.71713463404084
ENSG00000298776	-1.55194924627087	-3.00558085566952	-2.28168657129821	0.0451064918804305	0.242760517171495	-3.79588948525106
FAAP100	-0.98284611399856	5.19656982695303	-2.28151302063223	0.0451199095970957	0.242760517171495	-4.59127643642581
PPP1R9A	0.631935341898237	4.36076732127678	2.28150826755109	0.0451202771262728	0.242760517171495	-4.50267125395176
RTBDN	-1.09572411611813	0.58168048114732	-2.28075876602825	0.045178268176535	0.243017743197963	-4.07071357204264
ENSG00000303391	-1.41370995176009	-0.124953030719497	-2.28051345902869	0.0451972639455907	0.243065141637993	-4.00967441778438
PTPRM	0.668897006354977	3.77821687974787	2.27965036783772	0.0452641603953054	0.243370064463788	-4.43038490983404
C2CD4C	-1.82335381883429	2.46621618951253	-2.27943940202704	0.0452805265043931	0.243403226594674	-4.26276254752199
ENSG00000296981	-1.41948922984833	-2.76940390974389	-2.27886288736508	0.0453252800514582	0.243583324848908	-3.81374171787831
GTF2H5	0.603491372953448	4.5643434963441	2.278685232155	0.0453390796595623	0.243583324848908	-4.53143227918486
ZNF382	-0.90170887996184	2.10682558302842	-2.2785743539492	0.0453476943354477	0.243583324848908	-4.22369173589546
WDR46	-0.853577966916526	5.82370454651788	-2.27848222107645	0.0453548537993274	0.243583324848908	-4.64265726234887
ENSG00000223774	-1.96090097123129	-3.02900267208545	-2.27825108491644	0.04537281975171	0.243624991904176	-3.79965622122418
S1PR2	-0.63112576415566	4.04788228313626	-2.27760116598059	0.0454233741502408	0.243841581386369	-4.46935697678512
FHOD1	-0.700766653981362	5.19054481191612	-2.27730619200271	0.0454463368956739	0.243881071838444	-4.59761093259291
PIM3	-0.64565217665437	5.01594148966746	-2.27724416144232	0.0454511671989524	0.243881071838444	-4.58166311251698
TBX6	-1.08845867303473	1.59576664132121	-2.2764544402172	0.0455127060409344	0.244058249614113	-4.17352924151805
HTR7P1	-0.696035104507265	1.74209258200215	-2.27627896948143	0.0455263905052549	0.244058249614113	-4.18871127839486
PYDC1	1.25124847276486	0.213586020763108	2.27624205523441	0.045529269849603	0.244058249614113	-4.04545313058965
ZSCAN16-AS1	1.17230148815636	2.40081336261105	2.27621399463716	0.0455314587192682	0.244058249614113	-4.26037285446812
CASD1	0.449535214456838	5.09431090177279	2.27616454950433	0.0455353159396508	0.244058249614113	-4.59083610846137
GNPDA1	-0.519243736474627	6.57306797072835	-2.27577346021564	0.0455658360067231	0.244166997748644	-4.68464283101957
ENSG00000253144	2.18387311205186	-0.461973595628618	2.27376336965112	0.0457230133760612	0.244943349682148	-3.99144885551054
SKA2	0.670690095908635	5.93261437666981	2.27365831360729	0.0457312425601732	0.244943349682148	-4.65704465471202
COPS2	0.434018285846327	7.06067873133022	2.27318700887064	0.0457681781502146	0.244981495602514	-4.70709367806558
ENSG00000254531	1.04864312815515	2.14023249701846	2.27313651805458	0.0457721367669498	0.244981495602514	-4.23605244322493
LINC01415	-0.690247264429592	1.08863167454437	-2.27297545403409	0.0457847668369627	0.244981495602514	-4.12955234809505
SEMA4F	-0.877585883602876	3.24668540864706	-2.27297015091513	0.0457851827461156	0.244981495602514	-4.37021957502806
KCNQ1-AS1	1.16393335070126	-2.14336170635592	2.27291272579951	0.0457896866754437	0.244981495602514	-3.86196693277261
MIR3685	1.39102685452776	-0.952724743307062	2.27254686791431	0.0458183914725048	0.245080132065054	-3.95186550577525
NDUFA1	1.29718262357987	5.29135237958129	2.27233820510609	0.0458347707184309	0.245112810382431	-4.61436835514415
CFAP210	0.896179074700184	0.433135815940151	2.27172349075559	0.0458830564240588	0.245306185599895	-4.07173124452195
RAB43	-1.34982056093321	0.618309890268459	-2.27161622801469	0.0458914869360846	0.245306185599895	-4.08838977691302
RILP	-0.798576056151943	2.08573421303029	-2.27143403990572	0.0459058097801549	0.245327801617322	-4.23280558214096
ENSG00000291041	-1.13414361846537	-0.418046675629748	-2.27104367157074	0.0459365134211398	0.245436929890831	-3.99942382074311
SYTL1	-1.30721184022618	2.4440539420334	-2.27081973040136	0.0459541360342443	0.245476133556246	-4.27401374502838
RPS15AP38	2.04984391273652	1.39206385872264	2.27054031034815	0.0459761336228324	0.245515697527693	-4.16265635732012
SPG7	-0.594847410642179	6.27244587332853	-2.27034558808152	0.0459914693274931	0.245515697527693	-4.68025354518885
SUMO3	0.573236006864231	7.23005932017519	2.27033373431447	0.0459924030521773	0.245515697527693	-4.71742008234101
CENPP	0.540269554227893	3.98497463423183	2.26999604902122	0.0460190103259102	0.245519458283902	-4.47352045910753
ENSG00000285840	1.09254595967345	-1.47583747478441	2.26999042733857	0.0460194534017609	0.245519458283902	-3.91419195336485
PPIG	0.46652710217491	7.32084489259582	2.26993314331543	0.046023968507235	0.245519458283902	-4.72100036187211
ALDH3A1	-0.936971914951863	-1.20571925644486	-2.26977928534485	0.0460360976570479	0.245529283302964	-3.93555802990537
AKR1C3	-1.5765729845866	-0.558704900054084	-2.26948055302804	0.0460596565789927	0.245600049948798	-3.9898293922511
ENSG00000307812	-2.00769762730318	-4.18753316699441	-2.26925656618866	0.0460773285005274	0.245606462642014	-3.75462709894772
RNF208	-0.954285864854	2.38340609667593	-2.26920445999633	0.0460814404705634	0.245606462642014	-4.26961497414296
SRP9	0.76177215590436	8.58199793241135	2.26871195153624	0.0461203244087211	0.245685917656638	-4.75749185758195
ZBTB10	0.562506564252323	4.9856436589285	2.2686502640318	0.0461251969229159	0.245685917656638	-4.59273793129406
CUL1	0.424823602087131	7.16484590251305	2.26862452726207	0.0461272299417353	0.245685917656638	-4.71807760718937
NRCAM	1.12368398292316	4.14822681366528	2.26799367262721	0.0461770900109599	0.245837066095454	-4.49792229280728
CCDC144NL	-2.0434939256116	-1.07268846537347	-2.26798480302761	0.0461777913979337	0.245837066095454	-3.94904171730518
DHX40	0.506169257138023	6.43761551663993	2.26787457598922	0.0461865087514985	0.245837066095454	-4.69183290070139
UFL1	0.471801265266038	5.63541603028393	2.26740039895864	0.0462240274058704	0.245981909051485	-4.64852370516842
TRMT61A-DT	-0.780331561611589	0.972340603500735	-2.26715203295036	0.0462436908132433	0.246031691627213	-4.12782552690082
ST7	0.820591279667845	4.23319497922235	2.26685091136269	0.046267541788601	0.246103726291183	-4.51059578024028
ENSG00000301447	-1.12175417005487	-1.17778617891956	-2.26571435318011	0.0463576725469537	0.246490882056701	-3.94402042633411
GFER	-0.842493899374374	4.58326156394418	-2.26567265490696	0.0463609825094285	0.246490882056701	-4.55476070875897
NUAK2	-1.14874613358219	3.05598453209845	-2.26518878692208	0.0463994081293821	0.24649778881688	-4.35796400528323
ACOT13	0.646759616669852	5.3055106660748	2.26494924161541	0.0464184426423049	0.24649778881688	-4.6275855070117
TENT5B	-0.895499524952178	6.27120646412008	-2.26492381018845	0.0464204638926241	0.24649778881688	-4.68905297961842
NCKAP5-AS2	1.07705667448549	0.165787700643571	2.2647016312306	0.0464381259514618	0.24649778881688	-4.05938369577353
ENSG00000262050	-1.80921334400967	-1.43006251042999	-2.26456952723475	0.0464486306049922	0.24649778881688	-3.92597261687868
ARHGAP44	-0.422754015354222	4.80030569108592	-2.26445287863383	0.0464579081858221	0.24649778881688	-4.58072932505922
ENSG00000296269	2.96355478057477	-1.069223332088	2.26436721749918	0.0464647223370877	0.24649778881688	-3.95487980393467
LDHD	-1.39826257909389	2.45432288230909	-2.26435596357178	0.0464656176336136	0.24649778881688	-4.28556329042105
CLCN6	0.73306433436909	5.57356946773541	2.26403959416637	0.0464907929570198	0.24649778881688	-4.64970122251298
GANAB	-0.589778474313205	9.04816504559734	-2.26402040742256	0.0464923201801276	0.24649778881688	-4.77567691040619
KIF14	0.599813156111885	5.79576721510552	2.26396695090004	0.0464965754590153	0.24649778881688	-4.66466162450296
SELENOV	-1.00065502224872	2.32310323646574	-2.26384650426961	0.0465061647058615	0.24649778881688	-4.27131881192714
GRHL1	-1.23392588050031	1.82073824729811	-2.26384226809202	0.0465065020000235	0.24649778881688	-4.2166859138333
COL11A2	-1.51365739708332	1.0884709627166	-2.26383760591665	0.0465068732158383	0.24649778881688	-4.1439898840048
POR	-0.584195604617051	6.64044786957826	-2.2635597978787	0.0465289982637429	0.246560302300344	-4.70734674482588
PCDHGA8	-1.72742700790535	-2.17136417576956	-2.2622059552542	0.0466369660488823	0.247077573515799	-3.87622383269822
LHX4	-2.03897393075674	-0.732540303175659	-2.26164461074611	0.0466818037942834	0.247260233279663	-3.98714696800488
STK25	-0.477518842043097	6.96310564685398	-2.26146627450538	0.0466960572348848	0.247280851569779	-4.72286587943491
GPR37L1	-1.32377084824585	-1.28842509538964	-2.26106543915621	0.0467281091700597	0.247395692449382	-3.94235243059565
USP46-DT	-0.799753813480954	0.194291841090128	-2.2603687810185	0.0467838665482976	0.247612080268697	-4.06863320701868
ENSG00000254662	2.26911272894634	-1.58295263190939	2.26029556906093	0.0467897298366709	0.247612080268697	-3.92086069053772
KRT8P45	-1.27430741508419	0.28659700324294	-2.25954625285244	0.0468497807915365	0.24787490980971	-4.0779580131989
TMEM184C	0.542208734019233	5.74985978836959	2.25900939891302	0.0468928506060077	0.248047798185635	-4.66982416197635
L1TD1	0.659077492414431	9.45241019086354	2.25867806946003	0.0469194510433469	0.24809561321383	-4.79280605669788
SYT10	0.950945272882397	0.831273878651401	2.25853840254436	0.0469306684241528	0.24809561321383	-4.12832615175289
ENSG00000289193	-2.17977297666185	-3.33542767454849	-2.25850844646207	0.0469330746914335	0.24809561321383	-3.81187940674914
NIN	0.659020552980039	4.95140774617936	2.25824302789696	0.0469544000455326	0.248153380400072	-4.60631956576567
TMEM186	-0.479686728105284	3.5656437727952	-2.25809586059289	0.0469662284042156	0.248160941625728	-4.43672647306613
RBBP6	0.452841123189761	6.90742078287922	2.25766822566694	0.0470006152852298	0.248287668218809	-4.72707930237806
P4HB	-0.467124090458945	8.79614132009079	-2.25728418177466	0.0470315176707061	0.248355256665286	-4.78113509630007
GNG3	0.708235685463557	3.25008870268973	2.25721745291098	0.0470368890616186	0.248355256665286	-4.39606986177767
ENSG00000243389	-1.98697695171608	-2.90745946472	-2.25712133589559	0.0470446271162593	0.248355256665286	-3.83791608287749
SEC24B	0.518593953811132	5.62913351041577	2.25689547347912	0.0470628153748919	0.248396332276105	-4.66523193854068
FZD10-AS1	1.43908819086266	0.396460132342487	2.25622108266467	0.0471171631928178	0.248589056561184	-4.09281464636801
ENSG00000203546	1.36969414786607	-1.45791598484106	2.25618390054459	0.0471201613894833	0.248589056561184	-3.93661476305693
ENSG00000273711	2.1385547427147	-2.09829990345713	2.25578565958512	0.0471522852885238	0.248703556459933	-3.89080304873442
TRGV3	-1.96988412106371	-3.81525569509617	-2.25522927505332	0.0471972011931131	0.248885461969958	-3.7921049711874
ENSG00000302691	1.54409201634504	-2.72140462658176	2.25477674518938	0.0472337635833433	0.249023246177083	-3.85244390032012
RPL5P17	2.05892580298334	-1.7954465944195	2.25463866303778	0.0472449254520541	0.24902708387018	-3.91377018512782
ZNF519	0.574913596664633	4.68173062397043	2.25438620625838	0.0472653393814236	0.249079676532664	-4.58426042629075
FZD7	-1.14800458470215	8.00933280349322	-2.25381534650098	0.0473115311476717	0.249268060463903	-4.76743806334223
TNFRSF1A	0.516804970865016	6.29938773129928	2.25340631849296	0.0473446549299549	0.249387525758824	-4.70918890592165
ENSG00000272361	1.6455368405198	-3.19447886339069	2.25289485383318	0.0473861057290007	0.249518846546628	-3.82782201546542
SSBL4P	1.65653480717225	-1.87549143461035	2.25273012801742	0.0473994631196154	0.249518846546628	-3.91091325882446
ENSG00000254675	-1.94430238814913	-4.15803748441348	-2.25271180639954	0.0474009490192488	0.249518846546628	-3.77972942052564
PRR13	-0.55157530464811	5.61252133654009	-2.25248768327267	0.0474191292479487	0.249559505570185	-4.67126979240658
TMEM100	1.1302092541464	0.488561218328574	2.25233364091656	0.0474316286299166	0.249570255844405	-4.10707108177873
INTS6P1	1.12750974351101	-0.07547658403313	2.25194209434662	0.0474634140251191	0.249653975378503	-4.0584532047121
LEFTY2	-1.34420568126545	3.22706615056563	-2.25160103266258	0.047491117868617	0.249653975378503	-4.40207929589822
PDZD2	-0.643569955482448	2.96096557023487	-2.25148666005596	0.0475004116518061	0.249653975378503	-4.36785942132292
SPHK1	-1.09135312783422	0.606664519200954	-2.25139586196999	0.0475077910480934	0.249653975378503	-4.11912720591272
SPINK5	-1.86905438472057	1.39658921566687	-2.25136884557244	0.0475099869546389	0.249653975378503	-4.19349074138522
SOST	-1.79394772746673	-3.34231011846398	-2.251364980813	0.0475103010922681	0.249653975378503	-3.82198407838841
YWHAZP6	-1.53023975528232	0.832831116205878	-2.25077228442838	0.0475585007381119	0.249770857799528	-4.14069610117779
IFT74	0.593156619278694	4.66600135098268	2.25072277361602	0.047562529225712	0.249770857799528	-4.5884310568741
SECISBP2L	0.460052185142066	5.55196878667584	2.25070543966162	0.0475639396949283	0.249770857799528	-4.66986219934473
GGT1	-1.27101476746072	-0.773116982331433	-2.25019145150542	0.0476057814329803	0.249935588530783	-4.00136209998233
ENSG00000303054	-1.10208091056102	1.63880878085577	-2.25000764965552	0.0476207526400544	0.24995920458768	-4.21991881673604
CAMKK1	-0.876363277667232	3.40569451508603	-2.24987511933039	0.0476315504502117	0.249960909101847	-4.42854617146643
ZYX	0.471861930596066	8.01381657740534	2.24958305257546	0.0476553547205959	0.250030853180141	-4.77446990588786
NDUFA5P11	1.47761229201393	0.092565399634615	2.24893689754163	0.0477080590220027	0.250252361467723	-4.07765452733126
DKK2	1.68532598106095	-1.40617648971336	2.24790748704007	0.0477921402339511	0.250638323657155	-3.95321832786894
MC1R	-1.30468592154662	0.231094573611114	-2.24740961971527	0.0478328568532745	0.250796747477395	-4.09208778946583
DCAF12	0.471799506296444	6.15660375236002	2.24720079120009	0.0478499452497774	0.250810839419823	-4.71232580052151
LRRC37A12P	-1.83424707523692	-3.58088991507354	-2.24698112464421	0.0478679268820627	0.250810839419823	-3.81581853867041
ENSG00000289687	-2.09260792553915	-3.24926928611687	-2.24675805262808	0.0478861939576536	0.250810839419823	-3.83381128508293
NME9	1.36050406378051	-2.81223583210847	2.2467370833763	0.0478879114482758	0.250810839419823	-3.85892115285555
LITATS1	-0.951719280386598	-0.245737232998945	-2.2467349283976	0.0478880879555927	0.250810839419823	-4.05192428699204
CMIP	0.469273947712014	6.4635826855305	2.2462364388431	0.0479289345000371	0.250922942038245	-4.72827464800109
GALE	-0.857863803407228	4.22764703873742	-2.24621288575759	0.0479308652864722	0.250922942038245	-4.54335900707758
HPF1	0.662391601273054	5.51082293425362	2.24608887764204	0.047941032207416	0.250922942038245	-4.67436358720095
SPTLC1P1	2.27317163479517	-1.30879397455363	2.2459114411558	0.047955583123912	0.250944069813288	-3.96389111579495
CNP	-0.597462867603216	6.23844597505156	-2.24543199898665	0.0479949217482073	0.251094870093044	-4.71925298327644
CCDC85C	-0.859667618339586	5.72724553840297	-2.24453753141706	0.0480683968356554	0.251310115872682	-4.69191523613325
ERFL	-1.11519850410405	-2.509178959662	-2.24439412722013	0.0480801867156272	0.251310115872682	-3.88100313693261
ECI1	-0.533372445977403	5.26225862860449	-2.24426134545612	0.0480911057681453	0.251310115872682	-4.6576744201126
ENSG00000300481	-1.75066034953518	-3.80854060022262	-2.2441649496181	0.048099034193671	0.251310115872682	-3.80846824276558
ZNF497	0.894347853297655	0.69109080977343	2.24414663279004	0.0481005408703069	0.251310115872682	-4.13814430090263
WFDC1	-1.12172501409155	-1.77294189836884	-2.24395093784518	0.0481166408787245	0.251310115872682	-3.93158156969476
SNAP29	0.511868768218982	4.71080321808918	2.24388399140962	0.0481221498193448	0.251310115872682	-4.60453409434256
ECHS1	-0.638407920039983	6.51696791109859	-2.24386166210663	0.0481239874058701	0.251310115872682	-4.73442074619092
PCCB	-0.468564689499318	6.43067076064338	-2.24356936637993	0.0481480480842543	0.251310115872682	-4.73117794588418
PATJ	-1.13460800907013	5.02568161355487	-2.24352120049645	0.0481520140316862	0.251310115872682	-4.63750040941431
ATP6V1G1	0.725330478181032	7.18539882511425	2.24335253534039	0.0481659042959686	0.251310115872682	-4.76002333397119
KLHL9	-0.466725043201291	5.42593676266705	-2.24333814887006	0.048167089259527	0.251310115872682	-4.67245144029632
CPLANE1	0.723794721144251	3.90549632828135	2.24326700841164	0.0481729492654092	0.251310115872682	-4.50623675658966
ENSG00000290450	0.673263120876456	3.26405509112	2.24275179093903	0.0482154094744499	0.251398243811217	-4.42119294102314
ENSG00000272944	-1.05001073202404	-0.252221689207725	-2.24252701160629	0.048233945349887	0.251398243811217	-4.05789480902901
ENSG00000300772	1.51041535099569	-1.99548735031705	2.24247785950368	0.0482379994735033	0.251398243811217	-3.9179136335365
NAA38	0.890232533899544	4.16008348542628	2.24241198902061	0.0482434330645999	0.251398243811217	-4.54090760118208
H2AC25	-0.67515953276478	2.88537654066144	-2.2424106631662	0.0482435424390854	0.251398243811217	-4.37285983028165
ENSG00000271737	-1.08793828812435	-0.767597720407983	-2.24229551833257	0.0482530420622275	0.251398243811217	-4.01399176382824
KCNIP2-AS1	-1.55394827858464	-1.43868075639601	-2.24209086935806	0.0482699303681595	0.251431346158198	-3.95955925348284
SLC39A3	-1.124866091955	4.1855513980681	-2.2418064598457	0.0482934102483118	0.251498761160039	-4.54516159190628
TPM4	0.56407155047423	9.54039731877365	2.24077921804356	0.0483783076600281	0.251842899348577	-4.82379558899999
MIR34AHG	1.04810579276673	2.01511879328482	2.24075154921905	0.0483805963679233	0.251842899348577	-4.27406955845767
SPATA6	0.560914943472531	4.2909970332067	2.24035722387842	0.0484132255007046	0.251957796124142	-4.56078883937929
FBXO28	0.424144162091922	6.02603383940437	2.23991488887276	0.0484498525449318	0.252041496324807	-4.71729422172218
HIP1R	-0.959340896940127	3.94557909968182	-2.23989626750122	0.0484513950526287	0.252041496324807	-4.51699853405007
RHCG	-1.27182337843709	-1.67693223086308	-2.23978045975162	0.048460989090985	0.252041496324807	-3.9449701309512
SKIL	0.823989477846598	7.36039080869484	2.23944235045109	0.0484890100852452	0.252111233138152	-4.77203480404516
B4GALT7	-0.665772085067961	3.78628981002195	-2.23932017717725	0.0484991391068357	0.252111233138152	-4.49670696830005
DPM3	1.00342141079679	3.96176955749982	2.2392055566447	0.0485086438091728	0.252111233138152	-4.52026564272091
RPS20P14	1.71147198463778	1.24017398827495	2.23910901982946	0.0485166503458135	0.252111233138152	-4.19757525564809
RBM18	0.446147311280773	4.37562055328904	2.23831393636477	0.0485826412097341	0.252191578292587	-4.57459054555173
ENSG00000308518	2.06067563130451	-2.45088736866637	2.23821042057211	0.0485912392503175	0.252191578292587	-3.89392808765457
RALGPS2-AS1	2.02825136662854	-3.00683921874484	2.23813071663895	0.0485978604737752	0.252191578292587	-3.8601995855598
SCML2P2	-2.13681022312342	-3.67000221521584	-2.23808994152969	0.0486012481100125	0.252191578292587	-3.82419447557958
ENSG00000276997	1.17080684066737	-0.919561757375867	2.23801822099118	0.0486072072757432	0.252191578292587	-4.00771985969143
GOLM2	0.575256565045774	6.146986401454	2.23791506236527	0.048615779827098	0.252191578292587	-4.72695644128696
SNX13	0.378038670410282	5.44417985558798	2.23788900392052	0.0486179455321566	0.252191578292587	-4.68271810781651
ENSG00000261168	1.30280761253653	-1.46408813992487	2.23781902006856	0.0486237623177223	0.252191578292587	-3.96408731696225
C16orf96	-1.01900945261752	0.958529902760138	-2.23772759181275	0.0486313624901695	0.252191578292587	-4.17291028299257
ENSG00000286426	-1.61613069984848	-2.80889982006505	-2.23765043186471	0.0486377774701798	0.252191578292587	-3.87258089457846
ENSG00000228084	-1.28399154593665	-1.51698658764306	-2.23732506363053	0.0486648371511919	0.252277078255321	-3.96076934125218
ENSG00000280294	1.43294175432018	-0.129841041984358	2.2367405472747	0.0487134857118235	0.252455265023532	-4.07740598948714
CLCNKB	-1.03078541672332	1.57684074265567	-2.23649501652549	0.0487339349150785	0.252455265023532	-4.23503612010675
ENSG00000297367	1.1448870183508	-1.23139772694253	2.23647056856354	0.048735971534211	0.252455265023532	-3.98445506742539
CCDC33	0.67864477352539	2.79653810037263	2.23640396702387	0.0487415201419716	0.252455265023532	-4.37139139337593
WSB2	0.820342622193328	6.17167800117268	2.23599092197792	0.0487759447416721	0.252578753124211	-4.7313214828222
PCDHA1	-1.64007632919007	-2.64573163418551	-2.23582091854723	0.0487901202254355	0.252597353453464	-3.88523378136532
AFAP1L2	-1.04482749327413	2.94865908313615	-2.23550072510227	0.0488168298709435	0.252640614994372	-4.39193350455245
ENSG00000287190	1.72572759221183	-3.55711982145262	2.23546696269296	0.0488196470588698	0.252640614994372	-3.83381738508471
KLF3	0.552678296685316	5.27590684065462	2.23531517559781	0.0488323143472594	0.252651386630401	-4.67335090202791
KIF17	-0.972196812371065	2.91655009330257	-2.23495117128364	0.0488627049961059	0.252753831847	-4.38874118621892
TMA16P2	1.51146196902869	-0.162338064839565	2.23479625403774	0.0488756445393272	0.25276598227955	-4.07762620143435
SUV39H2	0.401858356589927	5.53993194383496	2.23451527144714	0.048899122188672	0.252832614661403	-4.69530422233549
CFAP73	-1.44105843368442	-1.96067915942609	-2.23384548013678	0.0489551308266534	0.252961550413538	-3.93334729410254
SERBP1P6	1.20125579665328	1.07666948489909	2.23383962945869	0.0489556203388159	0.252961550413538	-4.1901872495928
ASAP3	-0.661237198513688	5.89866801065697	-2.2338368197491	0.0489558554221365	0.252961550413538	-4.71995036583634
MPC2	0.618480234797488	5.1214273595792	2.23296529774615	0.0490288266512868	0.253283767464559	-4.66356465041807
LYPLA2P1	-0.836251382536952	4.54403183144567	-2.23264366732395	0.0490557827691096	0.253349131630529	-4.60384563130528
MIRLET7IHG	1.02474040527254	1.53563174265254	2.23256104827494	0.0490627094480372	0.253349131630529	-4.23709828620761
SNTG2	0.600252976876771	2.616944424743	2.23241759900602	0.0490747382975878	0.253351926292331	-4.35585354958001
FSCN2	-1.1327683483878	-2.87267487081179	-2.23230143830967	0.0490844809643332	0.253351926292331	-3.87668065284716
CLEC2D	-0.86394930376416	3.06529620136564	-2.23194840802481	0.0491141018798984	0.253450004230818	-4.41256466283457
RPL36AP37	0.969214853853117	8.49132305031547	2.23173901948643	0.0491316787131963	0.253461453832315	-4.81570192705224
FBXL15	-1.0059627750426	3.04019818417441	-2.23159516571894	0.0491437578345135	0.253461453832315	-4.40988920691192
CRYBB3	-1.07537724848345	-2.45568950030881	-2.23142506145831	0.0491580448532002	0.253461453832315	-3.90373692707559
ENSG00000305416	-1.85688269084162	-3.41050855950897	-2.23141607674049	0.0491587995889633	0.253461453832315	-3.84749060109049
HCRTR2	1.71224951310251	-3.48466685516599	2.23102060049749	0.0491920315204389	0.253471042825942	-3.84410297494615
BBIP1	0.689626030650341	4.18191367336024	2.23098222615671	0.0491952572748737	0.253471042825942	-4.56218760588244
TRIP12	0.413262784873443	7.48816411697429	2.23085182312079	0.0492062205030257	0.253471042825942	-4.78997573407235
SEPSECS-AS1	1.03650671996451	0.354809269699896	2.23077186556633	0.0492129438496144	0.253471042825942	-4.12893174108276
H2BC14	1.60218146414136	-3.51917230325008	2.23076215893255	0.049213760106231	0.253471042825942	-3.84265531433842
USP6NL	0.389877148859065	5.78767027164129	2.22994537303261	0.0492824925778714	0.253770280551469	-4.7195300117886
UXT	0.659478261532927	4.73593456833105	2.229633263615	0.0493087809893357	0.253850879178705	-4.63037537817425
ENSG00000297572	1.59660730303764	-0.940060127606221	2.22920346674198	0.0493450041264934	0.253859568008899	-4.01951000871219
PPT2-EGFL8	-1.14923046293211	-1.9575897810626	-2.2290980801985	0.0493538899842042	0.253859568008899	-3.94070913408145
ID1	-0.882440019836304	5.09762020673101	-2.2290540635666	0.0493576017830272	0.253859568008899	-4.66775359133129
CHST11	0.671868628829218	5.24031253422753	2.22900588178198	0.0493616651259407	0.253859568008899	-4.68055946174966
ENSG00000278993	-1.47608572494924	-4.34187119929951	-2.22898233696418	0.0493636508622491	0.253859568008899	-3.80700662145553
CFAP65	-0.954709171520294	-0.946825810722195	-2.22874089101211	0.0493840185127946	0.253909601431467	-4.0196485489626
SCAF4	0.378606660733425	6.49449708633056	2.22842206575619	0.0494109260576292	0.253993231147413	-4.75859805861965
MASP1	-0.69258522522488	2.50067217158988	-2.22818087351693	0.0494312910818618	0.254043200743065	-4.34880167318442
TPH2	-1.55096978116093	-2.95868406776581	-2.22795194408356	0.0494506281813403	0.254087867126813	-3.87801361963107
NHSL2	1.1969613659985	4.89541047344839	2.22771881180431	0.0494703277772005	0.254134376465442	-4.65028965109112
FRMPD1	-1.21300860076851	-1.03934161711917	-2.22692219723396	0.0495376985206647	0.254376051375121	-4.01470991188677
ENSG00000272720	-1.41949619820023	-1.45326079390096	-2.22691049502735	0.0495386888503608	0.254376051375121	-3.98149754296215
ENSG00000230325	1.49100162871056	-2.58873759339654	2.22647970193766	0.0495751591189181	0.25447889804441	-3.9026589463688
SOX5	0.914294241891198	1.52857035601698	2.22642204101431	0.0495800425653205	0.25447889804441	-4.24609020923273
ENSG00000294523	-1.6381895951948	-4.41010551556403	-2.22626558789434	0.0495932953029295	0.254492190710604	-3.80890367393459
ENSG00000289119	-1.05050657720664	-1.96616153996919	-2.22577762771847	0.0496346510722837	0.254649659746818	-3.9450974390273
IL3RA	-2.02319985687241	-3.07049830238192	-2.22502182525819	0.0496987727076412	0.254831467317956	-3.87581837289945
CFAP184	1.31067343100435	-1.00252163198	2.22499737922451	0.0497008480202537	0.254831467317956	-4.02070930385656
CD59	-0.414142830295619	5.34632496977394	-2.22490409094215	0.0497087683687853	0.254831467317956	-4.69602543343589
EIF2S3B	-0.470210762570165	6.39560935802768	-2.22485665297905	0.0497127964064357	0.254831467317956	-4.76005311679216
COX20P1	0.638047741188687	3.0633669127842	2.22400526404168	0.0497851427740947	0.255102478025111	-4.42503714841223
SNHG4	-0.882776527232168	5.06825360312926	-2.22398292403678	0.0497870424703971	0.255102478025111	-4.67324223952017
LINC02321	1.48199161454977	-2.03346084668467	2.22380677533659	0.0498020238318495	0.255124469369983	-3.94334205521913
ARSI	-0.933385466262679	2.35467748774297	-2.22365782907585	0.0498146950277598	0.255131064511963	-4.33904152124518
GPRC5D	-1.86591110653658	-3.73594377083547	-2.22352084841256	0.0498263510248252	0.255131064511963	-3.84197679620649
LINC01356	-3.03486796825305	2.94666864909034	-2.22341475750576	0.0498353803475415	0.255131064511963	-4.41102402064136
UGT8	0.603494189682539	5.53579887469921	2.22214899246759	0.0499432303883966	0.255578519505455	-4.71506461202569
LINGO2	1.44007861385681	3.08220450621569	2.22213762787708	0.0499441997307346	0.255578519505455	-4.43046999663663
ENDOV	-0.945717101797986	2.6302076908248	-2.22193967979158	0.049961086612712	0.255579268432453	-4.3741666299238
GNB2	-0.593639462303643	7.29424290435285	-2.2217594750205	0.049976464601071	0.255579268432453	-4.79869420584754
RALA	-0.518553661508803	6.64290813289698	-2.22146942959337	0.0500012255475279	0.255579268432453	-4.77599776859068
LINC02882	-1.18255828362687	-2.28342998866396	-2.22138977712228	0.0500080274831966	0.255579268432453	-3.92994718182455
ZGPAT	-1.67788552257019	0.961632797908953	-2.22105582200038	0.0500365553377075	0.255579268432453	-4.19939383138548
SUCO	0.529541178811421	6.35926716848002	2.22094418178517	0.0500460956109613	0.255579268432453	-4.76476254573909
TFPI2	-1.18226208174188	1.92405059947464	-2.22084026199698	0.0500549777054781	0.255579268432453	-4.29588593440578
AEN	-0.547164005747409	7.09625448863498	-2.22079723076652	0.050058656058314	0.255579268432453	-4.79372671959707
ALDH3B1	-1.14617953771043	-1.51193796846694	-2.22054295431343	0.0500803971801614	0.255579268432453	-3.98661232833141
P2RY6	-1.0674819481674	-3.01669516881744	-2.22048044415096	0.0500857433107874	0.255579268432453	-3.8856178432861
OPCML	0.838664583521634	1.92593451099826	2.22041696998003	0.0500911724498783	0.255579268432453	-4.29675811293483
DESI2	0.396807095033706	7.83736110163801	2.22037895249913	0.0500944244721615	0.255579268432453	-4.81719923681425
NLRP12	-2.59649788569512	1.52726353760147	-2.22018026544057	0.0501114235080463	0.255579268432453	-4.255813727775
ENTPD8	-2.00450561890542	-2.06312728478493	-2.22001086431117	0.0501259213199349	0.255579268432453	-3.94697315243553
CCDC115	0.532794646935336	4.40230377217751	2.21992604741601	0.0501331816992506	0.255579268432453	-4.6075244031261
ENSG00000273821	-1.03873090540303	-1.61939627389608	-2.21985837283477	0.0501389754121689	0.255579268432453	-3.97943774339102
ENSG00000259539	2.30656778909872	-3.36235536408664	2.2198495089809	0.050139734306509	0.255579268432453	-3.86698889210587
H2BW2	1.31473598261744	-1.82832966088176	2.2195553654855	0.0501649241912187	0.255579268432453	-3.96436289575314
RHOQ	0.655783154617396	6.67481413577982	2.21939351313239	0.0501787901138544	0.255579268432453	-4.78063953740082
INPP5B	-0.420786404199442	5.14301074936424	-2.21932108872361	0.0501849959222942	0.255579268432453	-4.68762408457143
ARID4A	0.756053338134857	4.08275184030764	2.21931773685071	0.0501852831511095	0.255579268432453	-4.5681545238985
CNTNAP3	1.1021566308108	3.88104283075181	2.21925206144941	0.0501909113293964	0.255579268432453	-4.54171011030674
PCDHB18P	-1.55216513302031	-3.58792944129986	-2.21921979621404	0.0501936765826981	0.255579268432453	-3.85582690561803
POGLUT1	0.491412706425895	4.04590650428137	2.21888449720176	0.0502224216679718	0.255579268432453	-4.56407888962331
FBF1	-1.2086443898378	1.63311279213219	-2.21881337479261	0.0502285210086539	0.255579268432453	-4.26871952161803
CABLES2	0.548966253232127	5.00620116975674	2.21850529145029	0.050254949966762	0.255579268432453	-4.67614861368343
ACADSB	-0.758961981791118	4.62498203826542	-2.21844314781826	0.0502602825867084	0.255579268432453	-4.63606229075747
ACOT7	-0.470923520533487	6.78810513371939	-2.21836766815487	0.0502667603203886	0.255579268432453	-4.78666312862375
PPP4C	-0.675562146470401	7.02899882528556	-2.21832475297242	0.0502704436990298	0.255579268432453	-4.79544292856654
PIGN	-0.45265342547178	5.0950903853886	-2.21829507137336	0.0502729914009479	0.255579268432453	-4.68494416848023
LMAN1	-0.399236232943844	6.94887478486401	-2.21825642316738	0.0502763089324324	0.255579268432453	-4.79272791278563
ENSG00000273489	-1.88752659964742	-2.06711569112723	-2.21794483048915	0.0503030635038614	0.255611270040479	-3.94979366614546
ARNT	0.507200664959118	6.0664659048928	2.21793184436408	0.0503041788411009	0.255611270040479	-4.7551798181431
MRPL23	-1.09121374680208	2.45577354321556	-2.21752103307679	0.0503394744179678	0.255611270040479	-4.36050390657783
AHSG	-1.29621936192755	-2.25712639942963	-2.21743727204021	0.0503466738212077	0.255611270040479	-3.93760561130147
ST3GAL6	0.575953742176219	3.0919157959686	2.21741239393886	0.0503488123271831	0.255611270040479	-4.43929252880286
ENSG00000295746	2.21231315644659	-1.88790333451169	2.21733578660414	0.0503553979948977	0.255611270040479	-3.96338722802412
LZTS2	-0.710250154628363	6.17030586665198	-2.21731048961484	0.0503575728717616	0.255611270040479	-4.76158784632482
ENSG00000298281	-1.20397788250119	-2.25551722828833	-2.21677856433935	0.050403325428994	0.255789106530683	-3.93869706861967
RBBP4P4	1.93779453372265	-2.99661966727916	2.21635824718383	0.0504395065263178	0.25589491021681	-3.89285569076666
ENSG00000228251	-1.25338317680808	-2.46253308387092	-2.21628728457655	0.0504456174873294	0.25589491021681	-3.92583183350871
ZNF525	-0.99333424390465	4.37878139988252	-2.2155724306102	0.0505072170669191	0.256152942995359	-4.61171198053985
ENSG00000284830	1.04081973010839	-2.0180977052457	2.21534122623305	0.0505271556392747	0.256199622613675	-3.95711884132757
PCDH7	-1.31125235171255	2.06522080845124	-2.21517744895968	0.0505412840264453	0.256216827922508	-4.32010532887052
RPS6KB2	-0.716845561394402	5.35763301282982	-2.21486988687459	0.0505678264110519	0.256285470470361	-4.71319225331851
DND1	-1.19830174526624	-1.13047466953817	-2.21477172447809	0.0505763005788495	0.256285470470361	-4.02573867094147
FNBP4	0.425406726802247	6.08946164662698	2.21431568027028	0.0506156879142995	0.256308766086147	-4.76227859033226
CSRNP1	-1.01473076461497	2.87259051944169	-2.2142405449847	0.0506221799830172	0.256308766086147	-4.4163036547468
PDXK	-0.619869207197615	6.32338341703949	-2.21423935956592	0.0506222824156185	0.256308766086147	-4.7740035904093
ENSG00000260196	1.30549916205402	-0.703841654436141	2.21415795807311	0.0506293168345793	0.256308766086147	-4.06268764653075
NQO1	0.88078395371596	6.03687999127255	2.21409690956596	0.05063459304044	0.256308766086147	-4.75980622662995
KEL	-1.14852495804209	0.778914958952245	-2.21378972053571	0.050661150330991	0.256388819963902	-4.19375317323116
LGALS12	-3.28145847097831	-1.50786886993948	-2.21359532738974	0.0506779630497795	0.256393785416169	-3.99744898459943
SYT7	-0.640089900524359	4.91487989801876	-2.21352997241113	0.0506836166922314	0.256393785416169	-4.67521394545425
TRAF7	-0.703818760836466	7.3269862230644	-2.21307719725229	0.0507228014436771	0.256495390223563	-4.81384244397249
FTO	0.381031644895926	6.06428983845198	2.213049544714	0.0507251955358954	0.256495390223563	-4.76297633001415
LINC01139	-1.5391155372276	-0.470045564164356	-2.21253602184526	0.0507696749145553	0.256614581701047	-4.08542802148322
RHOC	-0.819493494397537	4.95003247003016	-2.21252914439642	0.0507702708674045	0.256614581701047	-4.68030356441227
GDI1	0.4499794321257	6.95076870366685	2.2120983344796	0.0508076153411371	0.256748589369248	-4.80278718032598
ENSG00000275963	1.6667568716256	-3.82166852819132	2.21197514561015	0.0508182987464	0.256748589369248	-3.85434905244625
RNASEK-C17orf49	-1.61513451056631	-4.35420801178715	-2.21099602497836	0.0509032887017498	0.257123553744902	-3.83230356815446
ZNF256	-0.466608758851838	3.77808221846677	-2.21085147254796	0.0509158477712284	0.257132572737179	-4.54141549630307
MTRES1	0.574230316473755	3.82554636571686	2.21071912274275	0.0509273492613445	0.257135973079008	-4.54804457735575
NRG1	0.78878649119954	2.12241764908239	2.21059580042524	0.0509380684927955	0.257135973079008	-4.33365747734173
MIER2	-0.555801458774029	5.2443654113528	-2.20982267247458	0.0510053186045152	0.257400424992475	-4.71196743890413
GCFC2	0.42810583234301	4.34631474958513	2.20968370985513	0.0510174152455868	0.257400424992475	-4.61722927511587
GREM2	1.99181851988905	-2.78884782736522	2.20962174463739	0.0510228101830728	0.257400424992475	-3.91522840413244
TACC2	0.578738311510223	6.07810744959021	2.20920764425221	0.0510588774970364	0.25752794362252	-4.7699425109503
SLC22A15	0.561797709796518	2.66398365679443	2.20869113109647	0.0511038991371132	0.257640401972312	-4.39936469206712
STAC	-0.888019626520864	2.56721012176275	-2.20866317629854	0.0511063368937949	0.257640401972312	-4.38775935874937
LIX1	-2.45343411002337	0.70720178514595	-2.20841276332609	0.051128178775481	0.257640401972312	-4.19556949294042
GIGYF2	0.37449378506924	6.4579213958039	2.20839740697419	0.0511295185015649	0.257640401972312	-4.78950416370233
RBMX	0.398608994694946	9.24690443377592	2.20833288088595	0.0511351482860369	0.257640401972312	-4.87066072259566
ENSG00000178715	-0.805616769043139	2.48063514460658	-2.20814570405768	0.0511514824997358	0.257668305787504	-4.37833293040975
SGF29	0.490156222403267	3.86429990266071	2.2079245273815	0.0511707902212673	0.257711173287822	-4.55770313640004
MARS1	-0.443505213510605	8.53870490895334	-2.20755052067798	0.051203455263365	0.257821279909437	-4.85615879028118
MIER3	0.418066259010839	5.41211987999984	2.20730006354208	0.0512253409310265	0.257877074878888	-4.7297987042639
GPR78	-1.73234450251938	-2.70057541120222	-2.20708393053884	0.0512442344895061	0.257917786706251	-3.92441538520323
ENTPD6	-0.674273366961128	5.44678584254309	-2.20694252337445	0.0512565994149817	0.257925628976886	-4.73306870747146
BMP5	1.96474639468205	-2.11280018501403	2.20643706652931	0.0513008210398765	0.258093738566343	-3.96385322920773
UBL4A	-0.665874048640621	5.01853199768056	-2.20591538257026	0.0513465008301482	0.258176556826391	-4.69769516964106
AGPAT2	-0.752133337205624	4.93565046919147	-2.20580315773038	0.0513563325946695	0.258176556826391	-4.68974773072897
TXNIP	1.48813331133419	7.12089906924844	2.2057198439744	0.0513636326954768	0.258176556826391	-4.81902001816826
MAL2	-1.64166698981391	6.30677376180395	-2.20566937644228	0.0513680552365642	0.258176556826391	-4.78710421876595
PLEKHG4	-1.28667485870009	2.99591610368367	-2.20563156226552	0.0513713691862626	0.258176556826391	-4.44571097149498
ENSG00000242951	1.541779379048	0.792967079910235	2.20527218594017	0.0514028743864188	0.258280505890665	-4.20836893469012
TMEM120A	-0.601531620101368	3.88372533747519	-2.2051364196135	0.051414781356058	0.258285958035158	-4.56475415695113
RNPS1	-0.404340109768955	8.20293068120077	-2.2049391929093	0.0514320832453138	0.258318503959576	-4.85207288685523
ENSG00000278383	1.05063047474946	-0.866194077262704	2.20480117890289	0.05144419397753	0.258324969000991	-4.06309458660718
ENSG00000244245	3.75621268680894	-1.95013491848328	2.20447868794921	0.0514725032577292	0.258378512024893	-3.97821949101462
SNCA	0.991361021712923	4.3746263508786	2.20433211163871	0.0514853751431417	0.258378512024893	-4.62931756058351
ENSG00000276384	-0.786997724241941	0.15052881757956	-2.20430980734721	0.0514873341094562	0.258378512024893	-4.1521177342985
FOXL1	1.11395229543993	-1.19398330907933	2.20394799162405	0.0515191220800754	0.258483684398814	-4.03701407525119
ENSG00000259948	1.84748630397378	-2.43002851417699	2.20376313358407	0.0515353703987354	0.258494331206531	-3.94655635567326
INCA1	-1.38201887294008	-1.82851221048572	-2.20348403234896	0.0515599116722684	0.258494331206531	-3.98852974779327
DUT	-0.758452914355886	6.13076258908574	-2.20328077090996	0.0515777914506776	0.258494331206531	-4.78230463696754
GAK	-0.804616449272306	5.63437967856696	-2.20325957255398	0.0515796564954317	0.258494331206531	-4.7526447290435
LMBR1	0.521178405364228	6.22957045385781	2.20318110905596	0.0515865603277904	0.258494331206531	-4.78741181860954
ENSG00000273139	-1.46813130975222	-2.48394013236664	-2.20315110612017	0.051589200455611	0.258494331206531	-3.94396300947772
GIPR	-0.906587919892877	-0.467308799842926	-2.20306181512551	0.0515970584433701	0.258494331206531	-4.10024547356618
ENSG00000276007	1.31303699604566	0.140090472604919	2.20293086281044	0.0516085848863202	0.258497816470473	-4.15333907873033
CDH2	0.92781558907321	7.31840117607195	2.20267451483944	0.0516311558415814	0.25855660857554	-4.83043299562624
DNAJC6	0.7869823360968	4.06090826519693	2.20250144491247	0.0516463996888082	0.258578691288606	-4.59237569741199
SPATA31A1	1.26654124922845	-2.15546400109408	2.20225712837121	0.051667926241354	0.258632213842784	-3.96715954348767
REM2	-0.986902537880837	0.590767645876625	-2.20196910080407	0.0516933152201232	0.258704989440907	-4.19500071585451
LDHBP2	2.04324089804511	-1.74930820837524	2.20181947641884	0.0517065090047587	0.258704989440907	-3.99688874743234
LUC7L3	0.533446829664575	7.18687002821116	2.20168267319958	0.0517185750601973	0.258704989440907	-4.82777151630296
CARNS1	-1.45398760784956	-0.171025059145122	-2.20160051560617	0.0517258226677844	0.258704989440907	-4.12825047950291
MAP1LC3B2	-0.563427302967382	3.46008029414714	-2.20143632775127	0.0517403095758306	0.258723228293809	-4.51365155994826
ENSG00000247372	-1.61197347106874	-4.30027169765712	-2.20130659334245	0.0517517592862012	0.258726275426008	-3.8477350698432
GJA3	-1.34353871387862	0.00112858559380476	-2.20104219423953	0.0517751013702744	0.25878876322604	-4.14410188831779
ENSG00000298894	-1.49134362331259	-3.18809460961725	-2.20081722612214	0.0517949703172448	0.258796993512557	-3.9045421852317
GPRIN3	0.643892205022483	1.8406837992738	2.20077801021075	0.0517984345753335	0.258796993512557	-4.31876525466233
RPS19BP1	-0.722406179047167	4.75825421092127	-2.20064816359533	0.0518099065650441	0.258800133944727	-4.67958692145053
PLEKHM2	-0.53669386823812	6.1662395080955	-2.19949613532887	0.0519117956437317	0.259254828756841	-4.79023186668625
RP9P	1.83483448012011	-2.08598968280324	2.19912362825422	0.0519447825527368	0.259365298156102	-3.9766523229209
FUNDC1	0.560717124270922	4.20447884593119	2.19872504656323	0.0519801007788111	0.259425624167601	-4.61703180459956
TAPT1-AS1	-0.779663258849954	0.181103700750353	-2.19863194758541	0.0519883535808619	0.259425624167601	-4.16361416421022
ENSG00000271327	1.59390081717768	-3.49900484905507	2.19858859310196	0.0519921971889015	0.259425624167601	-3.89049743697303
ATP5MKP1	2.85332123034177	-2.64283129697066	2.19849672170463	0.0520003429847824	0.259425624167601	-3.94072086911049
ENSG00000297420	1.83382126698593	-2.3343124331636	2.19807000391978	0.0520381940846052	0.259543406328911	-3.96131933175863
PRKAR1A	0.583459687830123	7.36090380349913	2.19794147481158	0.0520496001756343	0.259543406328911	-4.83944615501958
RASGRF2-AS1	-1.72245517905791	-3.20223421307385	-2.19786288761161	0.0520565754429337	0.259543406328911	-3.90805018279709
RAB42	-0.945599159463156	2.20124311496	-2.19756613450677	0.0520829228495475	0.259598451213279	-4.36305747770051
ENSG00000309620	-1.14516353558223	-1.2153944460048	-2.19749354682322	0.052089369542062	0.259598451213279	-4.04507578220806
LIMCH1	-1.98911762596154	1.52134533802608	-2.19731802719311	0.0521049610455246	0.259621942645832	-4.29123551825701
MTCL2	0.464785618214934	6.01898229389086	2.1971126107758	0.0521232139924389	0.25965868260437	-4.78630925238088
LMCD1-AS1	-0.833624654756128	0.697736745490051	-2.19693234639653	0.0521392370347905	0.259684300982751	-4.21261676993005
POLD1	-1.01832955663388	6.33991711806239	-2.19679309807148	0.052151617550064	0.259691770512702	-4.80300286220464
ETV6	0.516894903443363	5.09337715339843	2.19601175794184	0.0522211386141931	0.259983711995191	-4.72077874473667
EBF3	1.85565482834073	-0.101106526663348	2.1954550447366	0.0522707274350221	0.260108402308738	-4.1438134827004
C1orf53	1.47352367342599	-2.36716800471288	2.19539123359545	0.0522764142549959	0.260108402308738	-3.96312389950177
IQCA1-AS1	0.978834667730106	-1.9530210033471	2.19526398076555	0.0522877567443093	0.260108402308738	-3.99182211074066
RAD1	-0.430029169916927	5.40162010624383	-2.19524131493213	0.0522897772773002	0.260108402308738	-4.74845276104599
NOL6	-0.876567173093536	5.98911574504133	-2.19500342112908	0.0523109887128335	0.260159693187997	-4.78807420826693
PTGES2-AS1	-1.70920321780553	-3.81665876268815	-2.19486980224047	0.0523229062611917	0.260164750778305	-3.87925031925494
TUT1	-0.825042167972017	3.05698746071288	-2.19444151756504	0.0523611228092528	0.260247627323168	-4.47142656023867
ENSG00000288095	-0.914835889651026	-0.0736194031334957	-2.19442108181579	0.0523629469950235	0.260247627323168	-4.14780289410211
DPP3	-0.505554590283709	6.18677990776209	-2.19431646883709	0.0523722861705776	0.260247627323168	-4.79963079020759
PTK2B	-0.745738267792674	2.99726619658558	-2.19413392189386	0.0523885866230526	0.260274437329808	-4.46421204246774
SRXN1	-2.51841764850902	-2.39432699467779	-2.19378724980316	0.0524195559793439	0.260374098347347	-3.96371326366588
PPFIBP2	-0.665605570730735	3.67952797191408	-2.19345011568414	0.052449690144731	0.260469570263066	-4.55603905526419
LIMK1	-0.608149437992653	7.0629385263171	-2.19326686552481	0.0524660766317507	0.260496744532972	-4.83720541657435
MGST2	0.944416850886203	2.99974844611527	2.19304831487488	0.0524856261684093	0.260539608935404	-4.46625995761837
SCGB3A2	-3.51365445843664	3.41842808071408	-2.19291524986524	0.0524975323706402	0.260544521748819	-4.52164262173126
BRAF	0.422183610427977	5.10678183697488	2.19278748399832	0.0525089668651326	0.26054709192726	-4.72719573572975
GNG5B	3.03515833633429	-1.90405155666956	2.19240525017548	0.0525431894309857	0.260662710901961	-3.99964598520283
PLAGL1	1.12479142401568	0.814600243454723	2.19211376095158	0.0525693017521243	0.260693711588074	-4.2309204035335
ENSG00000271971	1.42457777565964	-0.110249777436218	2.19206050712941	0.0525740737068311	0.260693711588074	-4.14825829526999
TRAPPC9	-0.503047583928471	4.31817330280962	-2.19196975552703	0.0525822067115678	0.260693711588074	-4.64220494058039
DNAJC1	0.583006078433704	4.78024886496395	2.191645406453	0.052611284204217	0.260769505460435	-4.69643435864942
ZNF24	0.342954563456001	6.95603340459157	2.19155550705997	0.0526193463065092	0.260769505460435	-4.83623678633995
NPIPB11	0.972789472484407	0.6983125601184	2.19140785325394	0.0526325903511024	0.260780557946382	-4.2212797782026
USP47	0.459966929612437	5.66114658681024	2.19125221985412	0.0526465536038771	0.260780557946382	-4.77384862657234
UBE2D3-AS1	0.738403724282248	1.0069070818682	2.19109046906824	0.0526610694718637	0.260780557946382	-4.25060643137222
ROBO1	0.458019520211331	7.73003389777275	2.19088558502791	0.0526794617302129	0.260780557946382	-4.86197290786302
ZNF668	-0.742845440014929	3.60238530609309	-2.19081961367759	0.0526853852326527	0.260780557946382	-4.54980038642527
CENPL	0.466256044919839	3.94871204520122	2.19080012778924	0.0526871349737066	0.260780557946382	-4.59639713245975
RASGRP1	0.536736448558363	2.98875986369949	2.19053358575726	0.05271107479698	0.260844955873838	-4.46885135732998
GAR1	0.768148883005746	4.6978358788934	2.19027227350038	0.0527345550418436	0.260907053313367	-4.68970589993854
ASAH1	0.450805780070697	5.96415915968051	2.18996471523837	0.0527622035952463	0.260977195989202	-4.79481781830494
ENSG00000273805	-1.66945419708115	-2.05966759501846	-2.18987132802016	0.0527706015772358	0.260977195989202	-3.99232149539225
ENSG00000299000	1.64455158219421	-2.58512707239465	2.18957857729922	0.0527969359329753	0.261018782676815	-3.95756573513084
TEAD1	0.462450358874868	6.6695833767745	2.18953470726504	0.0528008833436823	0.261018782676815	-4.82878368686751
NEMP2-DT	1.11013841325104	-0.212180675851623	2.18904944570091	0.0528445659226338	0.261169005375429	-4.14402119608421
ANP32A	0.44392391544301	8.63349480086915	2.18895405536578	0.0528531569096796	0.261169005375429	-4.88852815341526
SETDB1	0.589521374510609	6.08412711321291	2.18877715788477	0.0528690920938673	0.261193670255502	-4.80329663278433
JMJD1C	0.409571310034618	7.54739571434889	2.18830154623608	0.0529119587659626	0.261351349310271	-4.86078262970002
ENSG00000284070	-2.04111624535135	-4.10142945095383	-2.18764253850317	0.0529714100049493	0.261590863353636	-3.87560059892916
MAFK	-1.12805343953928	3.09915322573089	-2.18688967600859	0.0530394066710184	0.261845863548959	-4.4889448770721
SEPTIN7-DT	1.00648915310395	0.376101850937519	2.18673539406619	0.0530533513735371	0.261845863548959	-4.19934034786121
UNC45B	-2.09103978469993	-2.65618573224447	-2.18666474076606	0.0530597385145088	0.261845863548959	-3.95735110576756
GFAP	-0.962183131507313	0.80461429164982	-2.18658518876433	0.0530669309920106	0.261845863548959	-4.23861307243985
DUSP28	0.795656873182505	1.23474605343614	2.18646372027689	0.0530779150400093	0.261845927709777	-4.27979562360785
CTNNBIP1	-0.584232408319129	6.13945301000189	-2.18602637193743	0.0531174812782107	0.261900445911592	-4.81063408681246
COMTD1	-1.15570969511651	2.71809271098308	-2.18598038538558	0.053121643256159	0.261900445911592	-4.44206941246526
PRSS51	-1.52820284398846	-3.17778828775068	-2.18588432273494	0.053130338343365	0.261900445911592	-3.9269414100159
RACK1	-0.417191210588912	10.7581123059882	-2.18585647135767	0.0531328595593886	0.261900445911592	-4.93457366737742
ZNF566-AS1	-0.896644457575842	0.132443803367646	-2.18532144617023	0.0531813144386748	0.262085160377421	-4.17993115227962
DCAF13P1	1.62748579913824	-2.44792101686311	2.18506525089449	0.0532045319338765	0.262116484339662	-3.97312381118721
TMEM249	-1.51246167262237	-2.51467931299717	-2.18500895136055	0.0532096353385705	0.262116484339662	-3.96885505241236
AP2A1	-0.600277484244828	7.42059556693437	-2.18473405714263	0.0532345605251728	0.262158527258909	-4.86266372333628
MYBBP1A	-0.847095723402521	6.40333433836008	-2.18467255766999	0.0532401383342661	0.262158527258909	-4.82544946595295
NDOR1	-0.912289288365328	4.56101187812584	-2.18439764650658	0.053265078772484	0.262217430343814	-4.68359032660543
CCDC30	0.798557373449393	0.805974381267703	2.18425987801008	0.0532775815972177	0.262217430343814	-4.2423630659735
CYTL1	-1.08577376854383	1.57332345166693	-2.18417748371328	0.0532850604251685	0.262217430343814	-4.31715972959624
ENSG00000302290	-1.99499853378429	-0.609934687659058	-2.18347001443395	0.0533493180134424	0.262479524433484	-4.11785657200616
MAP2K4	0.47602691436315	5.94481020541424	2.18310028289175	0.053382929345759	0.262590761478819	-4.80477839031975
LINC01801	0.625774432580811	2.85628838139575	2.18269088171926	0.0534201706497594	0.262717164547131	-4.46448021720125
AKT2	-0.51597140710386	6.53695728443498	-2.18257582470425	0.0534306413337149	0.262717164547131	-4.83461172728108
WASL	0.569321058614937	6.10354803528264	2.18243148741807	0.0534437794334379	0.262727638257026	-4.81456243035959
CRHR1	-1.80786352203304	-3.03133542448493	-2.18181104728149	0.0535002894401048	0.262909067905424	-3.94147858679648
ENSG00000230333	-1.46146680084248	-2.55746304429153	-2.18167251675684	0.0535129146991631	0.262909067905424	-3.97102394514591
ELFN1	0.712702758506907	3.99922168240603	2.18166354530532	0.0535137324290674	0.262909067905424	-4.6177561718804
ENSG00000289029	-1.42615270103654	-2.98934453073847	-2.18147266436556	0.0535311336874628	0.262940433776225	-3.94447919941407
ATG9B	0.959086428414387	1.25513262310118	2.18111725656687	0.0535635481565124	0.262982734249429	-4.29015956531778
PNPLA6	-0.853467940394157	6.07464312291935	-2.18107073098729	0.0535677928503967	0.262982734249429	-4.81521668769849
CARD10	-1.03600995188604	4.39159007026458	-2.18092272141233	0.0535812984362138	0.262982734249429	-4.66899699925202
ENSG00000296197	-1.73645915989467	-3.87405791162886	-2.18080040579755	0.0535924619635666	0.262982734249429	-3.89656818317266
B4GALT2	-0.538271871363058	6.32646910503465	-2.18062889165799	0.0536081195107519	0.262982734249429	-4.82848981398958
DHX9	0.569347361979153	8.90327483834476	2.18046821056821	0.0536227920892021	0.262982734249429	-4.9084043804729
RPS20	0.672687809229801	9.47928010437901	2.18042282243306	0.0536269374002808	0.262982734249429	-4.92060146768623
CXXC4	1.52173181435948	2.26280596123892	2.18041233898125	0.0536278949005728	0.262982734249429	-4.39710932963542
GABRE	0.950583773915732	1.76990010282703	2.1802182066146	0.0536456288376104	0.263015658066403	-4.34370274533641
KHSRPP1	1.49897249073642	2.43394483235288	2.18006152094803	0.0536599461319424	0.263031820565017	-4.41737690571867
TPBGL-AS1	2.06609958035989	-1.13568463011603	2.1799361538814	0.0536714043007933	0.263033964362841	-4.07826998334243
DAB2	0.608451306099155	3.33517716970719	2.17974455046468	0.0536889208058899	0.263065792008658	-4.53148464162617
BBC3	-1.20598830315443	3.36243275215594	-2.17924752529599	0.0537343847286412	0.263067230253863	-4.53592122385011
ENSG00000203327	1.8997680528902	-3.03521182097404	2.17900785387842	0.0537563211662673	0.263067230253863	-3.94534777368215
ENSG00000299963	1.64231343057537	-3.59754924892921	2.17888961392484	0.0537671464943693	0.263067230253863	-3.91371085080095
TRIM28	-0.59041576419367	9.69127572881086	-2.17886818962003	0.0537691081966533	0.263067230253863	-4.92726406584812
SUN1	-0.457927968469136	6.80387609838827	-2.17872171399878	0.0537825219793415	0.263067230253863	-4.85140649310154
AAK1	0.638741640240522	4.9534823583432	2.17848854268775	0.0538038817063903	0.263067230253863	-4.73549983834635
SWI5	-0.522280780619836	4.00150591626514	-2.17837745699349	0.0538140606058335	0.263067230253863	-4.62331545318954
LYPD1	-1.40218799757175	1.76516736134601	-2.17836376220207	0.0538153156019171	0.263067230253863	-4.34612101545217
ENSG00000260473	2.12366549784516	-2.42694470301975	2.17830638901056	0.0538205736089806	0.263067230253863	-3.98451357184283
REPS2	-0.692821420966099	2.73644747702084	-2.17819316078535	0.0538309519363686	0.263067230253863	-4.45667955032839
ENSG00000303190	-1.82706267441627	-3.81942261475915	-2.17817066520816	0.0538330140754149	0.263067230253863	-3.90312179798807
PGGHG	-1.29861773534399	4.87922931450674	-2.17808061835752	0.0538412693067832	0.263067230253863	-4.72869731665254
LINC02893	0.630544378573255	3.76724364423623	2.17807886850587	0.0538414297400805	0.263067230253863	-4.59244215622889
ENSG00000291023	-1.0609477700159	-1.09946844206852	-2.17805601195413	0.0538435253609638	0.263067230253863	-4.08414312482411
TENM3-AS1	0.562508787392271	3.65352554915947	2.17779672387879	0.0538673038700896	0.263078232940889	-4.57755153333146
CISD1	0.720811527961748	5.05854911663299	2.17769734363072	0.0538764203957104	0.263078232940889	-4.74700460366615
FBXO11	0.504107707730062	6.31751974300897	2.17767091135785	0.0538788453770924	0.263078232940889	-4.83284046851499
TMX4	0.416332602999483	5.00617351451927	2.1769147413013	0.0539482631924036	0.263363304891204	-4.74320369741903
PIAS4	-0.836402266547093	5.23261102060226	-2.17667320466982	0.0539704547736213	0.26336392070473	-4.76439826344041
SH3GL3	-0.656083632851815	2.81861497119989	-2.17665392867152	0.0539722261653082	0.26336392070473	-4.46932873115004
SSTR5	-1.8243815367378	-0.604118391651125	-2.17655309532668	0.0539814932789015	0.26336392070473	-4.12894511415308
SLC19A1	-0.849551184765027	4.64063935581232	-2.17635264203906	0.0539999205204278	0.263364238035651	-4.7056038615296
FIBCD1	-0.769348182547892	2.83603395725406	-2.17631232353713	0.0540036276426226	0.263364238035651	-4.47205667950691
ENSG00000275234	-1.82834670003759	2.03092720528875	-2.17604576575708	0.0540281426872387	0.26340486761919	-4.37819700356206
UBAP1	0.376494371349507	5.84368199080026	2.17586186235362	0.0540450623149593	0.26340486761919	-4.81042547581613
PPP1R35-AS1	-1.51876741276753	-2.99968016182466	-2.17586180112857	0.0540450679486812	0.26340486761919	-3.9520707111597
RPP38-DT	-1.28890345234547	-2.99245292770082	-2.17559055902648	0.0540700322577418	0.263472735789204	-3.95290112958336
GJB3	-0.939873144508619	-0.683975748090344	-2.1746057159961	0.0541607672496287	0.263744251495607	-4.12494081253799
SLC25A12	0.561663984936103	3.86859650149857	2.17445398292822	0.0541747596067018	0.263744251495607	-4.6118891990532
ZDHHC11B	0.749364498233795	0.562469858994709	2.17433348230428	0.054185874273081	0.263744251495607	-4.23539824460736
SPTBN5	-1.45427058116353	-0.052930261612579	-2.17419870271808	0.0541983085844562	0.263744251495607	-4.18079844857892
XAB2	-0.538918485454189	5.81590998128546	-2.17414549973402	0.0542032176659331	0.263744251495607	-4.81148889021945
REXO4	-0.556190530750452	5.3742496185783	-2.17409240851058	0.0542081168601541	0.263744251495607	-4.78032298294957
ENSG00000275437	-1.28747074685149	-0.509468882303865	-2.17407640560112	0.0542095936726579	0.263744251495607	-4.14102691204003
TSR3	-0.481149157425837	4.73194566224233	-2.17400862026976	0.0542158496019826	0.263744251495607	-4.71959238177293
NTHL1	-0.632454466943773	4.8283521330184	-2.17369404246132	0.0542448911469723	0.263744251495607	-4.73040148698366
TNIK	0.734969850835687	6.37480244742817	2.17368673428076	0.0542455660089815	0.263744251495607	-4.84188020164638
TMEM191B	-1.62740531609768	-2.963784697724	-2.17362370358961	0.0542513868094209	0.263744251495607	-3.957505162033
ENSG00000257176	1.75617473237401	-1.17069517511333	2.17354820423355	0.0542583598627155	0.263744251495607	-4.08504721826009
UQCRC1	-0.560737325285217	7.64170248180721	-2.17313491943857	0.0542965457068875	0.263876126325857	-4.8880654615449
ENSG00000304200	-1.35732323282241	-1.86531425156263	-2.17282695263146	0.0543250173461674	0.263914854558469	-4.03178754249953
SLK	0.484239104539691	6.17108989137285	2.17278847291333	0.0543285758153464	0.263914854558469	-4.83356926910321
ENSG00000280287	-1.30150849400112	-0.0719212746094563	-2.17263035978929	0.0543431999073616	0.263914854558469	-4.18154692101943
RAB43P1	-1.36025387582077	0.672964346676469	-2.17252077410751	0.0543533378461224	0.263914854558469	-4.24832615794553
KCNN1	-0.543315018986167	3.828180949042	-2.17245089640983	0.0543598032852656	0.263914854558469	-4.609688775631
NUDT2	-0.573593988010849	3.29354240782531	-2.17229547129554	0.0543741866492188	0.263930997103296	-4.53779725155049
ENSG00000298556	2.16166191628326	-1.98066929210186	2.17185997882974	0.0544145074643952	0.264022076718021	-4.02482206420505
CRYBG3	0.472402533034298	4.2021870276787	2.17174565882118	0.0544250967265664	0.264022076718021	-4.66000261729918
PGAM1	-0.579779619818496	8.65736087129575	-2.17173442677693	0.0544261372377201	0.264022076718021	-4.91690388115283
CAMSAP3	-0.773876311142843	4.69825006338169	-2.1712818503549	0.0544680787600468	0.264155882777911	-4.72025313413593
NUDT16L2P	-0.607202182111295	2.88494610436153	-2.17119796562514	0.054475855995009	0.264155882777911	-4.48633392412137
ENSG00000226334	-1.68205753840024	-3.07454167792584	-2.17101020134518	0.0544932681098127	0.264186640255312	-3.95469286358496
DCAF11	-0.452738703602201	6.38292137931666	-2.16984297379731	0.05460162938791	0.264658222705371	-4.84843991294148
NPAS1	-1.5280366161723	2.58022684941646	-2.16954147283617	0.0546296532153523	0.264740291023516	-4.45135318327793
RNU6-8	2.61273938233203	-2.74231554860615	2.16900704465489	0.054679360971637	0.264867698948831	-3.97792154729669
CRTC1	0.488710701426506	4.31777049487021	2.16889788984972	0.0546895189099793	0.264867698948831	-4.67914458499476
RPS4X	0.375830285251908	10.8681491924812	2.1688298380006	0.0546958527253088	0.264867698948831	-4.96381589302678
INSIG1-DT	-0.760298149962255	2.39450287141141	-2.16873566575143	0.054704618813918	0.264867698948831	-4.43067343006846
RELB	-1.07055617952026	3.22104697383052	-2.16866247938762	0.0547114323466601	0.264867698948831	-4.53392879795533
TDRD3	0.428677673935789	4.58393968365435	2.16838021633132	0.0547377182003809	0.264941212794259	-4.71190959658933
CYP2C8	-2.94679846349256	-2.71125217984813	-2.16794135660127	0.054778611214808	0.264989383254556	-3.98144497839931
C19orf48P	-0.712851259672561	6.56579309346431	-2.16792834160539	0.0547798244008832	0.264989383254556	-4.85941601474335
ENSG00000273080	-0.877271097500544	0.180326567409608	-2.16748841149073	0.0548208474041154	0.264989383254556	-4.21171095383815
CH25H	-2.33907000429432	-3.17837263738511	-2.16747613733755	0.0548219923774979	0.264989383254556	-3.95373155963809
TUT4	0.406300066833189	6.21714438956762	2.16740347610656	0.0548287709254583	0.264989383254556	-4.84453180499095
DGCR6L	-0.616565955725693	5.2510956293697	-2.16737505602336	0.0548314224463482	0.264989383254556	-4.78093442934861
TENM4	0.807968564447012	4.49716525607304	2.16729665021855	0.0548387381439422	0.264989383254556	-4.70350593869016
ENSG00000272910	1.73971079956093	-2.78983733327876	2.16724945125566	0.0548431425205883	0.264989383254556	-3.97752630277297
HCN2	-0.792358004971165	1.93670588117755	-2.16712954545608	0.0548543330683212	0.264989383254556	-4.38200020689102
DDR2	-1.32420851281928	0.480068061694506	-2.16708278305	0.0548586978950334	0.264989383254556	-4.23914645680006
ENSG00000290088	-2.53090332397979	-2.41630032764183	-2.16663156657485	0.0549008317700863	0.265139245620528	-4.00249116987947
HCLS1	-1.30633571532093	-0.297053465946972	-2.16647975748909	0.0549150144296089	0.265154086463985	-4.17128835671895
PRKCSH	-0.501042080133631	8.08926759845684	-2.16604576954246	0.0549555788190389	0.265272876370111	-4.91197172818908
ENSG00000303579	0.819586697768519	-0.328496240909675	2.16597874812594	0.054961845797553	0.265272876370111	-4.16930307385456
ENSG00000275464	-0.609249332527567	4.28834285348732	-2.16573219690488	0.054984905980611	0.265330519821925	-4.68050774545818
ATP6V0B	-0.76987745339369	5.71342895841819	-2.16537570483429	0.0550182654324091	0.265411139234314	-4.81901421525103
ENSG00000273174	-1.1540332075699	-2.97928500797754	-2.1653160063829	0.0550238537282182	0.265411139234314	-3.96871605103969
ENSG00000307035	-1.38776892364193	-4.35130329903134	-2.16512547271039	0.0550416929793661	0.265429094248557	-3.89756656218102
CHFR-DT	-1.54605223115496	-2.83345956774088	-2.16499031767033	0.0550543506090568	0.265429094248557	-3.97812536115531
PDC-AS1	1.45033924414796	-3.21105193322895	2.16476133655283	0.0550758016649634	0.265429094248557	-3.95577666783277
ZNF807P	1.71608407001168	-3.33246828940164	2.16470295006425	0.0550812726188172	0.265429094248557	-3.94887896156107
PIDD1	-1.02732893468516	3.76675546089345	-2.16468257473082	0.0550831819589015	0.265429094248557	-4.61375378425476
GMDS	-0.661141671282208	4.62294945796284	-2.16425848215067	0.0551229373955647	0.265512632014475	-4.72297712594769
B9D1	-0.634713351251631	4.30655001435884	-2.16421848662713	0.0551266880879692	0.265512632014475	-4.68521728573968
ENSG00000290146	1.21261569880922	-2.15789235271203	2.16414167325052	0.0551338921633946	0.265512632014475	-4.02375954800922
MSANTD3-TMEFF1	-1.7439713803586	-3.92532250642926	-2.16381584143047	0.0551644608909882	0.265606251378902	-3.91830833860791
TIMM29	-0.568608139214492	3.64169476198882	-2.16324917288649	0.0552176629890488	0.265690267745851	-4.59913994217562
ADAR	0.455550636047605	9.11938532648855	2.16314406111283	0.0552275368878746	0.265690267745851	-4.94105973738807
LAMB2	-0.84597249876454	5.66714264515705	-2.16312523819894	0.0552293052369865	0.265690267745851	-4.81953461993842
ZEB2	2.21859639161573	3.68376236920706	2.16307303580421	0.0552342097592035	0.265690267745851	-4.60511119294338
GAL3ST1	-0.937457996329037	3.19940662806077	-2.16303726157118	0.0552375710627607	0.265690267745851	-4.54000486636445
SRSF11	0.416467792556547	7.72321634802336	2.16257165422208	0.0552813368362962	0.265809676171162	-4.9074639098436
XACT	-3.29605257096048	2.1736730592856	-2.16253620236489	0.0552846705708153	0.265809676171162	-4.41525888023852
GPATCH4	0.58530962687114	6.10621618255435	2.16231527204146	0.0553054502119256	0.265836700259597	-4.84708483066792
CD302	1.11742017036338	1.03798983661293	2.16219996638593	0.0553162982763843	0.265836700259597	-4.29863842352232
ENSG00000285602	-0.927161600604009	-1.61900854284534	-2.16203894566606	0.05533145066686	0.265836700259597	-4.06654556100041
COX5B	0.531302674412455	6.51452864508082	2.16200288904939	0.0553348442154304	0.265836700259597	-4.8668121826041
EIF3J	0.424228756612949	6.59140242416473	2.16164183891666	0.055368836242809	0.265946471041884	-4.87057936597435
CHPF	-0.891053862298703	5.97106331515058	-2.16148183073211	0.0553839070336731	0.265965333837561	-4.84107855305306
ORAI1	-0.494786791885495	4.54827453094558	-2.161312791028	0.0553998327488702	0.265988293747191	-4.71912180356545
TNK2	-0.819275046765647	4.69148763827079	-2.16064921388062	0.0554623926594567	0.266197799691849	-4.73653506711376
ENSG00000241679	1.23735917350049	-2.21285517845762	2.16044986475	0.0554811998612021	0.266197799691849	-4.02542958468577
LRRC37B	0.584909219588751	3.78286874828121	2.16038202227592	0.0554876017185911	0.266197799691849	-4.62279446032739
ENSG00000301119	-1.62490317492025	-3.88372300478687	-2.160177252009	0.0555069288594989	0.266197799691849	-3.92562628271867
CNR1	0.869800358996849	0.468580472367751	2.16009606428234	0.0555145935074072	0.266197799691849	-4.2489166506724
SLC35C2	-0.570428778339097	5.2191881250683	-2.16009207395031	0.0555149702467539	0.266197799691849	-4.7898572960797
SHISA5	-0.473079302259126	7.45809092408068	-2.15990314459054	0.0555328104424646	0.266197799691849	-4.9038522249569
NLRP3	1.77563068085449	-1.71275331597994	2.15988828572947	0.0555342137657688	0.266197799691849	-4.06257453782988
MVP	-1.73571180912002	1.42963312618672	-2.15978627503974	0.0555438489322247	0.266197799691849	-4.34082826242884
BCOR	0.585945231363954	6.68313227702107	2.15937454163572	0.05558275445806	0.266330777083019	-4.87791849939813
ARID4B	0.778938795257233	5.55751496081323	2.15841638812619	0.0556733933563462	0.266711537381757	-4.81944693073732
HEXIM2	-0.730673541050806	2.77621257726979	-2.15816713479409	0.0556969952730833	0.26677105883658	-4.49330958742305
ENSG00000303363	-3.16828619129815	1.83857309509506	-2.15799266130393	0.0557135219495029	0.266796675033866	-4.38584710356407
RPS21-DT	-1.26558882431104	0.205924975103875	-2.1578276838272	0.0557291534516437	0.26681799507129	-4.22887390536878
ZNF330	-0.414293801321331	5.45033618381278	-2.15765090528533	0.0557459077559258	0.266844681189467	-4.81271479736928
TERF2	0.379328599722685	5.64768872387828	2.1567298671105	0.0558332777921876	0.267209312425535	-4.8284805593798
FAM27E3	0.943254997759864	-0.311331116995627	2.1560086653811	0.0559017827454259	0.267483530229567	-4.18607448658311
ENSG00000291208	-0.721753007284174	1.59723481021259	-2.15560991534357	0.0559396934332063	0.267611277444445	-4.36437463655519
EIF2AK3-DT	-1.11946470734184	0.479115047307715	-2.15516364786288	0.0559821509632014	0.267740180365027	-4.25749659757925
ENSG00000302231	-1.79098491270773	-3.97404537084956	-2.15503958203904	0.0559939599635	0.267740180365027	-3.92838688536822
CBX2	-0.550765467263521	7.12562036640493	-2.15497306278854	0.0560002924700305	0.267740180365027	-4.90107183760196
PDE3B	0.553440801423824	4.6765979506189	2.15466064410177	0.0560300433059909	0.267828768993408	-4.74443227760978
RPL37	0.741265092313917	8.84818856705461	2.15436385449384	0.0560583198329598	0.267910276222117	-4.94925591973608
PCDHB1	1.24730308195197	-1.08019662289071	2.15413283866866	0.056080339236328	0.267961853163852	-4.1219934195654
NUDT8	-1.04125712206508	0.617779633229658	-2.15400550257561	0.0560924798856191	0.267966216459182	-4.27195590583018
RHOT1P2	-0.94531693240752	-0.418061833739537	-2.15358509115795	0.0561325811782843	0.268104125471705	-4.1803918055691
TSPOAP1-AS1	1.13250920204162	0.19665335563417	2.15316419411241	0.0561727562710548	0.26824233171694	-4.23523460875166
ALKBH4	-0.56618762765725	4.21947281702039	-2.15290676344518	0.0561973418732695	0.268302675963166	-4.69229692173298
ELF3-AS1	-1.23268538132777	-1.10863890356302	-2.15279649433721	0.0562078761392648	0.268302675963166	-4.12161361930424
NAT10	-0.459103725822208	7.05787918521704	-2.15256998995514	0.0562295205594757	0.268352322974006	-4.90262231819022
ENSG00000276334	1.64918945375526	-1.91175129443216	2.15235847815139	0.0562497395110507	0.268366055654077	-4.05891586229227
TMPRSS6	-1.74580049282502	-3.6486699806291	-2.15230464662108	0.056254886514323	0.268366055654077	-3.94925714454682
ZNF658B	0.776148933444454	1.52153509155852	2.1520451162915	0.0562797073551552	0.268398945292357	-4.36220563258782
C6orf89	0.419667910236018	5.46977754617844	2.15199739902312	0.0562842720571603	0.268398945292357	-4.82323344195594
NR4A1	-0.698451077557108	4.4856176055221	-2.15177310984555	0.0563057326255224	0.26842105095845	-4.72694106582353
ENSG00000289045	2.59101624972427	-0.399845629425095	2.15171388447081	0.0563114007688004	0.26842105095845	-4.18485814479697
ENSG00000280099	-2.90694900694132	-1.93436342171509	-2.15121014381255	0.0563596331588528	0.268597317212927	-4.05896215584813
ENSG00000302014	1.43079478390621	-2.85924873954998	2.15080025613477	0.056398908429582	0.268668102487293	-3.99729416637328
HMCES	-0.409459600543615	5.96741350338762	-2.15070515808063	0.0564080244275498	0.268668102487293	-4.85816914155979
PLAAT5	-2.58595675861829	2.31686313046741	-2.15070273568603	0.0564082566541177	0.268668102487293	-4.45011587892584
KANSL1	0.350999608656154	6.18685611554163	2.15054635762386	0.0564232500117642	0.268685895457058	-4.8701035982827
ENSG00000280241	1.51832467718353	1.13415705330367	2.15039603295922	0.0564376665697657	0.268700935172671	-4.32628266445169
ROGDI	-0.609403375303022	3.30814238936506	-2.15002266519587	0.0564734888329673	0.268790929991323	-4.57511342870502
GRHL2	-2.26515540458357	3.84633503867724	-2.14995222794531	0.056480249277338	0.268790929991323	-4.64798597521727
INTS10	-0.369936707192096	5.54274769620689	-2.14983692214564	0.0564913177975134	0.268790929991323	-4.83211523903948
ENSG00000275496	1.50294304133792	-2.88458029944077	2.14972964885023	0.0565016171184677	0.268790929991323	-3.99728621492783
ENSG00000304274	1.79027629733081	-3.17827111778134	2.14937135087985	0.0565360303649259	0.268847525004841	-3.98005216231255
CEROX1	-0.581301475150835	2.44514095100217	-2.14927965176324	0.0565448409604086	0.268847525004841	-4.46725972856732
ENSG00000232450	1.14049968950299	-0.465514509465511	2.14925398838897	0.0565473069729879	0.268847525004841	-4.18282014661872
SIPA1	-0.740867437050044	4.7294437816619	-2.14903177324207	0.0565686640921784	0.268875081726023	-4.75931278600151
MBD3	-0.926354819658607	5.79271946891192	-2.14895926893531	0.0565756341571243	0.268875081726023	-4.85051001882153
BNAT1	-0.898637618789498	0.0742538385619544	-2.14880553592536	0.0565904157076093	0.268881846208133	-4.2310748564182
GTF2IP1	0.786244884041982	4.52898785523462	2.14860086485383	0.0566101007250016	0.268881846208133	-4.73718282923531
NXNL2	-1.28275422239157	-1.42549563059406	-2.14841363634017	0.0566281138732298	0.268881846208133	-4.1022318547834
HES3	-0.988830820818371	4.03555310390311	-2.14838903477776	0.0566304811828879	0.268881846208133	-4.67563996893709
UBE2S	-0.702554860293931	7.20870422548983	-2.14835884117241	0.0566333867217617	0.268881846208133	-4.9144714061447
VLDLR	-1.13968685627505	5.89729453225828	-2.1478498151871	0.0566823918971971	0.269028802220302	-4.85865212098229
ENSG00000189229	-1.13942542371298	-0.496429449091353	-2.14780318204519	0.056686883410814	0.269028802220302	-4.18230079795678
CCDC50	0.532231079146991	5.88705919703593	2.14722442524528	0.0567426552307125	0.269097828332388	-4.85904158884137
ENSG00000300661	-1.4542806308954	-1.42984368883357	-2.14722079146836	0.0567430055648255	0.269097828332388	-4.10367504823287
SPTBN1	0.512709672572449	8.3274770556238	2.14721646461124	0.0567434227218184	0.269097828332388	-4.94839294732811
SRGAP2B	0.700093775892213	3.75948195564688	2.14698324054506	0.056765912446799	0.269097828332388	-4.64093827522064
DCAF8	0.494885161136634	5.5252608067008	2.14694004851129	0.0567700783766092	0.269097828332388	-4.83546870360267
LMTK3	-1.05046005764402	2.91269747265108	-2.1468272697907	0.0567809574142945	0.269097828332388	-4.5284256320256
PELP1	-0.621371588853154	7.16229810659672	-2.14678519406071	0.0567850166998654	0.269097828332388	-4.91545758924041
ELOF1	-0.651918020590053	5.65216624796829	-2.14671668257287	0.0567916269874823	0.269097828332388	-4.84483480083574
ARMC6	-0.914038039690489	5.71764669453301	-2.14647156451243	0.0568152830744037	0.26910458122879	-4.84962178191607
ANKDD1B	-1.04288886137746	-1.39865315935265	-2.14636212422123	0.0568258480842049	0.26910458122879	-4.10746081244423
IGF2BP3	0.422191431236271	8.31721337917181	2.14607823837923	0.0568532622567886	0.26910458122879	-4.94996398031356
ENSG00000257307	1.66694365276862	-2.39278608825898	2.14594381274838	0.0568662478274164	0.26910458122879	-4.03460960079864
ANKRD23	1.1991541190206	-2.12552661133516	2.14580278987748	0.0568798737419963	0.26910458122879	-4.0532395678135
ARHGAP20	2.00178418417442	-1.55649596795207	2.14571571882042	0.0568882882819572	0.26910458122879	-4.09588284829142
ANO7	-0.864224690116084	1.78017625856279	-2.14568647201512	0.0568911149578792	0.26910458122879	-4.39893258720328
ST8SIA4	1.6693275396535	1.20482052594845	2.14568107305788	0.0568916367766446	0.26910458122879	-4.34050354776755
RNF138	-0.508465657895876	6.36892879849833	-2.14559408831636	0.0569000446365409	0.26910458122879	-4.88675567047763
FSTL3	-0.826394911037531	2.67037006775439	-2.14550753416225	0.0569084120554347	0.26910458122879	-4.50022626329172
OSTN	1.62012611242617	-3.49389527069127	2.14541789381379	0.0569170790649405	0.26910458122879	-3.9676564077846
JDP2	-1.22855906602868	3.88826551448529	-2.14516817559637	0.0569412300945431	0.269132691800424	-4.6611832980141
TBC1D10A	-1.07186931149457	1.86601943456975	-2.14508111993147	0.056949651822889	0.269132691800424	-4.40898900703758
TELO2	-1.27806905780437	4.8942875729665	-2.14500668409002	0.0569568536591922	0.269132691800424	-4.78323581803762
SEPHS1P6	2.04595063973269	0.124789646103444	2.1445425311818	0.0570017811498188	0.269291668785179	-4.24210559896227
PLEKHB1	-1.40239375062155	3.32619676902623	-2.14427923185076	0.057027282158446	0.269358825108971	-4.58662334963692
TMA16	-0.464711209230234	5.25298968328738	-2.14349361125299	0.0571034357411854	0.269619833176508	-4.81936471637585
ZNF628	-1.01599657401446	2.88022137839884	-2.1434760928184	0.0571051349858485	0.269619833176508	-4.52958397077234
ENSG00000257910	-1.74221152508223	-3.70387494649678	-2.14240151100082	0.0572094592115664	0.270058972112827	-3.96049959030387
PRC1	1.76166051970914	1.32592783127161	2.14202567543937	0.0572459896419959	0.270158658356973	-4.35814756614251
ENSG00000203392	1.4014519811668	-1.97581468894607	2.14195136104995	0.0572532154845421	0.270158658356973	-4.06969889115966
INO80E	-0.946954457438746	5.38157091053987	-2.14121891832965	0.057324480045785	0.27044146377797	-4.83363227903935
ITGB2	-1.26027210056381	-0.93556714815265	-2.14081844687301	0.0573634805990434	0.270571974596318	-4.15445803027322
KAT7	0.77663197661415	8.74828995806309	2.14001678673656	0.0574416277459616	0.270823222954122	-4.97004191678467
ENTR1	-0.436282241050204	6.109860124979	-2.14000950334793	0.0574423382087444	0.270823222954122	-4.88305516386852
TMEM250	-0.876832208268815	5.44392747298115	-2.13974513269735	0.0574681320965159	0.270823222954122	-4.84090083617212
TOB2P1	-1.08968537362193	-0.60724074604291	-2.13964523296524	0.0574778819082726	0.270823222954122	-4.18493035934589
ENSG00000288809	-1.38440804737064	-2.25584035078511	-2.13961574487292	0.0574807601294907	0.270823222954122	-4.05329239849534
IRF5	-0.987499928921606	0.315647317875352	-2.13957404620614	0.0574848304137757	0.270823222954122	-4.26678065123761
NARF	-0.562756956983039	5.91383073303369	-2.1389061083588	0.0575500666136808	0.271077055430969	-4.87396517556509
RPL21P80	2.3308461978026	-2.4466205988933	2.13863502393481	0.0575765630795437	0.271107343719538	-4.04176051118823
CHTOP	0.487547053320165	6.75609184871771	2.1386078984005	0.0575792150381002	0.271107343719538	-4.9140650500191
UCHL1-DT	-1.37840005859445	-2.95586319156161	-2.13825593715545	0.0576136355096397	0.271164945141205	-4.00961722053128
ABHD16A	-0.876709468246624	0.0502507131073388	-2.13807691893314	0.0576311503521698	0.271164945141205	-4.24541291330676
PCDHGA3	1.11047266089025	-1.89610398947647	2.13804562498783	0.0576342126215514	0.271164945141205	-4.08137356731741
ZNF302	0.480504702834871	5.23261834984642	2.138018217211	0.0576368947375596	0.271164945141205	-4.82635616789227
LINC01605	-1.89002331222598	-3.53788734583918	-2.13783715504182	0.0576546164177852	0.271194862050312	-3.9761171114772
CEACAM1	-1.43642396978083	-0.116099441899764	-2.13748279479636	0.0576893149219487	0.271304606747222	-4.23160204095327
RPL13AP5	-0.429819288637527	7.85792677083546	-2.137223887772	0.0577146793792578	0.271355234636422	-4.95200274372931
CNTN4	1.32626067607493	1.24756679505859	2.136913623801	0.0577450891771084	0.271355234636422	-4.3583338273593
EPHA5-AS1	1.51607186117149	-1.01203684097245	2.13670873718785	0.0577651790495195	0.271355234636422	-4.15408922136896
CSF2RA	-0.917438810891275	0.497095438883109	-2.13667388697183	0.0577685969033746	0.271355234636422	-4.28766673355282
SILC1	1.60970851301822	-1.08660892479137	2.13663764311711	0.0577721516400074	0.271355234636422	-4.14786679037793
ENSG00000298123	-1.37171647041145	-3.15645047520273	-2.13653288283848	0.0577824275276265	0.271355234636422	-3.99996819453144
ABCF2P1	1.80086093873997	-3.46223155952975	2.13640009469144	0.0577954551649253	0.271355234636422	-3.98242050902682
NCAPH2	-1.02954187140987	5.41224785188893	-2.13627219070282	0.0578080062776563	0.271355234636422	-4.84397960813242
GALR1	2.08662368222526	0.0483338877863845	2.1362445609638	0.0578107179030328	0.271355234636422	-4.24805161684382
USP18	0.794686245748029	2.87799355154352	2.13621341248737	0.0578137750084304	0.271355234636422	-4.54075485479828
PRR11	0.369710567522986	6.65714549403731	2.1358680729983	0.057847679123374	0.27146098262634	-4.91459770851123
ENSG00000271978	1.10550244496663	-0.722311297778255	2.13571810359468	0.057862408461149	0.271476725524326	-4.18076094830362
ARRDC1-AS1	-0.538226834134123	4.53467866199117	-2.13538827927015	0.0578948149638081	0.271521158724604	-4.75891983113283
PGF	-1.06834014881347	1.61450402868464	-2.13534587283779	0.057898982815546	0.271521158724604	-4.39778823636704
EDEM1	0.574725295415075	5.25640889099364	2.1352743985241	0.057906008208331	0.271521158724604	-4.83279264529198
SPIN4	0.679040332921717	4.56822196843206	2.13494247749196	0.0579386442444657	0.271620825413998	-4.76353033213477
CTAGE15	-1.19808087920911	-2.04498714354478	-2.13470892845672	0.0579616184112085	0.271626529589425	-4.07543871340659
PEX19	0.559719230954853	6.75665285673824	2.13469872148403	0.0579626226672369	0.271626529589425	-4.92034626928771
POC1A	-0.498284204668654	5.34718332480373	-2.13454692360611	0.0579775599025454	0.27164319242129	-4.84149704022572
STXBP3	0.395985139400211	5.72373002605209	2.13412777708357	0.0580188239064736	0.271783173734211	-4.86977597185743
ENSG00000250321	3.08373625603809	0.469431824936288	2.13398120268628	0.0580332604335778	0.271797454232379	-4.28929251832676
SLAIN2	0.460154834077905	5.617484156718	2.13380724350591	0.0580503986168526	0.271824379789763	-4.86312327172807
MED8-AS1	-1.05732244760486	-1.17389358814173	-2.13329869024628	0.058100528199732	0.272005748635348	-4.14553772525559
TMC1	-1.87270687931545	-3.12874699362931	-2.13300787025138	0.0581292137524791	0.272086672804553	-4.00673412887042
ZER1	-0.590832250689654	5.27715039589398	-2.13126214249189	0.0583016911628013	0.27284048293776	-4.84095655247403
DNAH14	0.423373562854109	4.32855672216165	2.13092762678415	0.0583347969528058	0.272911214900499	-4.7410747944205
ENSG00000291201	0.521276769812807	4.09831115770656	2.13075180386535	0.0583522046949801	0.272911214900499	-4.71186772704086
ALDH1A2	-2.34041454337929	-2.70735563197522	-2.1306980487644	0.0583575278289644	0.272911214900499	-4.03629155421364
ANXA2	-1.13409573794994	5.42838292823225	-2.13064739642393	0.0583625441342501	0.272911214900499	-4.85422592206453
TDRD7	-0.875961273473875	2.32536681769276	-2.13007078838535	0.0584196769704174	0.273038739513181	-4.48348625726068
FBXL9P	-1.27897149383375	-0.588473432624256	-2.13003042004386	0.0584236788405404	0.273038739513181	-4.20120074407644
LNX1	-1.82579232460641	1.66873071332041	-2.12982923696949	0.0584436268002022	0.273038739513181	-4.41200459646197
HEATR3-AS1	-1.51459609795144	-4.33686143379634	-2.12981883267848	0.0584446585964542	0.273038739513181	-3.94791870643956
SLC38A10	-0.754160679888084	5.54791712358584	-2.12964503841073	0.0584618963904649	0.273038739513181	-4.86478784616537
AHCYL2	0.473717526384884	5.6992416940828	2.12958693771021	0.0584676601939001	0.273038739513181	-4.87540364826684
PCGF5	0.742357616894957	3.37874864380631	2.12949124335504	0.0584771546086815	0.273038739513181	-4.61707330284364
UBE2G1	0.622854321712831	7.54147862249071	2.12944910793897	0.0584813355843375	0.273038739513181	-4.95526807350083
TCF24	-0.956579296509458	0.20592278297206	-2.12931363563345	0.0584947800434564	0.273048096087849	-4.27271427067452
ABCB9	-0.840177681563896	2.13904877713816	-2.12900515516186	0.0585254050799675	0.273137630630345	-4.46399621086964
LINC02773	1.34546187159055	-2.59325994288284	2.12879070196653	0.0585467043808186	0.273167738972026	-4.04649735456001
STING1	-1.47026830549887	-1.96666225628185	-2.12870974127243	0.0585547472485392	0.273167738972026	-4.09001956166632
STK35	-0.456719618259339	6.36805073408499	-2.1285175384582	0.058573845451245	0.273178999610237	-4.91405022704627
ENSG00000301476	1.09129825702131	-1.86382848462189	2.12836748983065	0.0585887591417022	0.273178999610237	-4.09816318384853
ENSG00000272817	0.915731003572458	-0.46896308071192	2.12828111409869	0.0585973458748463	0.273178999610237	-4.21445204831698
ENSG00000236989	-1.54325713361558	-1.48230203220028	-2.12822480218702	0.0586029445679982	0.273178999610237	-4.12793947917234
PTPN3	-0.752232777421959	2.7584161678421	-2.12762264273737	0.0586628449273523	0.273404827158976	-4.53924274358853
DNAJC22	-1.52378236464237	-1.57052885376169	-2.1274435303118	0.0586806735704979	0.273434524815907	-4.12210323544812
MIR4500HG	1.97769451462412	-3.24442359375902	2.12712540289023	0.0587123523534566	0.273478339557762	-4.00836677345161
ENSG00000289292	-1.36619753301188	-1.34108526110535	-2.12711896767422	0.0587129933336394	0.273478339557762	-4.14100290195158
RBM20	-1.26073220604975	-1.08473097950083	-2.12670401952011	0.0587543383761434	0.273617520785056	-4.16299160458561
PM20D2	-0.512722484552322	3.60324219014707	-2.12640858649695	0.0587837919732712	0.273695276279347	-4.65237122059055
ANLN	0.417040115576213	7.27934583476526	2.12630652929193	0.058793969978808	0.273695276279347	-4.9521009504514
SALL4	-0.512068933360786	7.55876056125631	-2.1260206118357	0.0588224930344657	0.273774657030732	-4.96127258964011
STK32C	-0.848564709454296	3.81997472340449	-2.12585318864662	0.0588392012595359	0.273799028360566	-4.68269495563346
PCNPP5	0.813380260035673	3.32118657063934	2.12546308593674	0.0588781496592148	0.273926861192296	-4.61570550369484
ENSG00000303910	-1.89701802771679	-3.6563514654619	-2.12510359309832	0.0589140637038168	0.274040529802962	-3.98784651049176
BLM	0.370591259609084	6.15048967119189	2.12480686484852	0.0589437231859611	0.274109136660792	-4.90947649577141
FKBP3	0.338552692087716	7.12381196257566	2.12472625773683	0.0589517827326369	0.274109136660792	-4.94948805409925
CLEC19A	-1.43907194013131	-3.41472720953109	-2.12454398830573	0.0589700109190755	0.274119007222226	-4.00218638588683
CEMIP2	-0.820974925061399	5.95617292249328	-2.12447535502552	0.0589768761086911	0.274119007222226	-4.89948725326017
KNL1	0.583371786811417	5.55229924744674	2.12419950777358	0.0590044760069402	0.274123414367475	-4.87380006207487
ENSG00000293615	-2.10016588284082	-3.43752533523156	-2.12394153095093	0.0590302990287961	0.274123414367475	-4.00174856175243
PIN4P1	1.15008558445424	0.194156245957104	2.12393502814509	0.0590309500873912	0.274123414367475	-4.27991005252407
MLLT6	0.631782942897797	4.53950164353987	2.12382942345805	0.0590415241498168	0.274123414367475	-4.77787926426218
ENSG00000280061	2.21446167957535	-2.64976503111198	2.12377905866038	0.0590465677489841	0.274123414367475	-4.0501361179383
ZC3H3	-0.78874682371827	4.81745239250005	-2.12377736807321	0.059046737053806	0.274123414367475	-4.80903189130774
BAX	-0.686599433972178	6.7111534626807	-2.12350770311387	0.0590737487345815	0.274195480561699	-4.93648540736437
KCTD12	0.824818554936932	4.44520562927532	2.12326129449359	0.059098441190261	0.274256755957216	-4.76749721803738
GPC1	-0.86654787137303	5.97759250694571	-2.12292210502412	0.0591324472612758	0.274361220603591	-4.90318827775487
DGKQ	-0.815900531004754	3.93045499245283	-2.12239627232907	0.0591852024928713	0.274544057972417	-4.70296416658145
UBOX5	-0.716660711433549	3.95818394603965	-2.12230006100738	0.0591948599457853	0.274544057972417	-4.70683019083652
ENSG00000305131	1.8929426302573	-1.19712030030978	2.12139774484033	0.0592855053688418	0.274911046558801	-4.16148392503647
GLIS2	-0.572696868041253	4.32983007970971	-2.12092735401553	0.0593328126522217	0.275006204996987	-4.75712253129217
CAMP	1.58752142146836	-3.38927490249408	2.12086491351997	0.059339095008998	0.275006204996987	-4.00894339850552
GFOD3P	-0.504549726498413	5.64735689004085	-2.12085001646991	0.0593405939470602	0.275006204996987	-4.88584165173188
NSUN3	0.488047153206499	3.52628616758888	2.12067905532723	0.0593577986065956	0.275032533361215	-4.65098352505
BARX1	-1.39533662507732	1.38514257192387	-2.12038522995124	0.0593873788106981	0.275075971293422	-4.39768871099871
IFTAP	0.725624302190945	4.44630770103572	2.1202693357557	0.0593990500614554	0.275075971293422	-4.77238245640011
ABL1	-0.533532374875454	7.35992272959041	-2.12024253342566	0.0594017495305777	0.275075971293422	-4.96437747500446
LINC02955	-3.02251674108107	-2.55680704194072	-2.11984948861239	0.0594413495400473	0.27517631399023	-4.0619946935148
ARHGDIG	-0.758024239007123	0.0151681512397839	-2.11970782551424	0.059455628535903	0.27517631399023	-4.27041251368383
ADAMTS14	-0.978069532321155	1.5736353329552	-2.11967372758142	0.0594590659407392	0.27517631399023	-4.41796059719017
ENSG00000267002	0.633368215761398	2.74300683627822	2.11939602336469	0.059487068296391	0.27517631399023	-4.55025150446691
RHEBP1	1.17289501336622	-1.73172137177433	2.11936063771105	0.0594906373183327	0.27517631399023	-4.12158329547963
PP1P	-0.707200647772193	2.5321312617399	-2.11925671904546	0.0595011198083424	0.27517631399023	-4.52474618912794
SASS6	0.406679764509581	4.52866567812813	2.11911985670412	0.0595149280818591	0.27517631399023	-4.78408866117715
TRBC1	-1.45918499255637	-2.61194430399218	-2.11911265471178	0.0595156547876803	0.27517631399023	-4.05943473300346
HIF1A	0.556053963777822	8.56953235041727	2.11898928889848	0.0595281041366692	0.275180565839606	-4.99954052012317
POU2F1-DT	1.39628930513321	-1.91000111754699	2.11882657079174	0.0595445284837985	0.27520318770775	-4.10886669102821
AARS1	-0.592104884145076	8.61823875223341	-2.11851067662585	0.0595764263645818	0.275258808394147	-5.00145786711727
MT-TV	-1.34246264766866	-2.67167514618721	-2.11847896937546	0.059579628950608	0.275258808394147	-4.05645386702696
CBARP	-0.835197588608112	2.91576876542824	-2.11798932373499	0.0596291063769853	0.275434078169055	-4.57425255209589
ITPA	-0.794845448087546	4.66462628030801	-2.11759649936273	0.0596688285800451	0.275551354020247	-4.80214738076895
RBM5	0.459433599230121	6.07139608088383	2.11750992663758	0.0596775861620923	0.275551354020247	-4.91695508541903
TP53I11	-0.611727247756147	6.59801255515406	-2.11717697823005	0.0597112782003566	0.27565359319302	-4.94207321170853
ERG28	1.14037573709645	7.0577621354538	2.11654960421614	0.0597748133186481	0.275808706109816	-4.96029227402788
ITLN2	-1.305223970788	1.02396218192591	-2.11642544991444	0.0597873942487917	0.275808706109816	-4.36826720787306
IGF1R	0.365134909872024	7.34752983534732	2.1163029840643	0.0597998065556923	0.275808706109816	-4.97027569055724
MAP2K7	-0.621857164597838	5.41864219208746	-2.11629869981154	0.0598002408229201	0.275808706109816	-4.87634031296196
DEPDC1-AS1	1.18014740709717	-2.35762427583378	2.11627484729045	0.0598026586549754	0.275808706109816	-4.0806626051363
ENSG00000293076	-0.86401117935686	0.49240351648373	-2.11609899922526	0.0598204865266141	0.275820228680331	-4.31888888790227
PRPS2	-0.530156131025874	5.27102414598714	-2.11590531875663	0.0598401281495372	0.275820228680331	-4.86491952726214
DOT1L	-0.715613084759069	5.8741078412023	-2.11586166110909	0.0598445564301256	0.275820228680331	-4.90838382196796
ENSG00000261055	2.30863263493564	-2.52115603902469	2.11579436258506	0.0598513832628916	0.275820228680331	-4.07030168051393
GSTCD	0.516179236314357	5.7742159969359	2.11551821672823	0.059879403560144	0.275896085862926	-4.90276335294272
ENSG00000291210	-1.00806766165205	2.89602543960487	-2.1152660774759	0.0599049988457146	0.275960742607734	-4.5760092627501
FCRL5	-1.33538970447541	-0.61855151899454	-2.11481751255474	0.0599505595692515	0.276117330227581	-4.22158314063354
LTBP3	-0.68210085405789	2.51199166438182	-2.11455964751212	0.0599767658592512	0.276132077677893	-4.52969476977962
RPL37AP1	1.53045558324422	-0.949394915584599	2.11452603353582	0.0599801827822073	0.276132077677893	-4.19293530083993
RUBCNL	-0.635775165030034	1.77258652816143	-2.11444451179803	0.0599884703883971	0.276132077677893	-4.44685282112835
ENSG00000276223	-1.66874912561829	-2.67518203123778	-2.11408279054239	0.0600252566081215	0.276149025413384	-4.06264273003634
ENSG00000290812	-0.671876441677991	1.34922195168168	-2.11405124757208	0.0600284654744614	0.276149025413384	-4.40390197974224
NLE1	-0.591659819251287	5.44736257011089	-2.11402656212855	0.0600309768386317	0.276149025413384	-4.88219259118976
MED28P1	-1.75975466692497	-3.04638924183085	-2.11383440988893	0.0600505287964822	0.276149025413384	-4.03951242473062
ENSG00000288743	1.10797145854841	-0.362061051375858	2.11369639401341	0.0600645759919784	0.276149025413384	-4.24610972999522
SLC22A31	-2.00744606487312	1.90995170549827	-2.11366495787917	0.0600677759857763	0.276149025413384	-4.4627434176833
NEXMIF	1.35489594944119	1.31686036095419	2.11360057316693	0.0600743304373877	0.276149025413384	-4.40136585128324
ENSG00000236154	1.61573214091547	0.359022847794085	2.11338512870159	0.0600962679341359	0.276149025413384	-4.31091007281053
ENSG00000277373	-1.28401358377364	-3.78428767657104	-2.11338495952441	0.0600962851634943	0.276149025413384	-3.99763794471026
ENSG00000262049	-0.726564556617419	1.57123408989731	-2.11325866584006	0.0601091484903913	0.276154965740167	-4.42767531558477
FMO5	0.807458118032451	0.620214330965218	2.11279392974185	0.0601565056145762	0.276199345788116	-4.33573977376667
ABHD12	-0.48531443213172	5.79737912559346	-2.11274806768257	0.0601611809360455	0.276199345788116	-4.90865252212572
LSM14B	-0.507369217855834	5.8553334819995	-2.1126586044995	0.0601703020885682	0.276199345788116	-4.91235528440921
PSIP1	0.523686591069536	9.51029119540896	2.11261457372175	0.0601747916976798	0.276199345788116	-5.0301793460418
ENSG00000301792	-1.26559384198007	-0.410809099205885	-2.11259614739655	0.0601766706372063	0.276199345788116	-4.24344355851739
CHCHD2P6	-1.23625292999108	1.79449143379424	-2.11243466885274	0.0601931390585197	0.276221813095499	-4.45230360768735
SIPA1L2	0.45889429290902	5.30268917561854	2.11146234866093	0.0602923921312822	0.276624091310518	-4.87461725606319
ATCAY	-0.465822416896816	6.28396379933812	-2.11121498600922	0.0603176674291116	0.276686866909592	-4.93774368188107
CBX5	0.42093303609246	9.03684051881099	2.11093287961154	0.0603465051324154	0.276765956570976	-5.02302609309511
TOMM40	-0.715930655971253	6.92488846942398	-2.11071577772755	0.0603687068354532	0.276814587135785	-4.96490912709047
MRPS28	-0.794456372037034	2.79566956983018	-2.1102474497506	0.0604166264179642	0.276936158500458	-4.571184181994
ZNF491	0.948125770374586	-0.614923280573202	2.11011747377999	0.0604299320545035	0.276936158500458	-4.22901715311184
SLA	-1.28876941494081	-0.817461395685301	-2.10993444521006	0.0604486734169464	0.276936158500458	-4.21136038398046
JTB	0.948278333119631	3.38769461130225	2.10992446339707	0.0604496956721635	0.276936158500458	-4.64915065862743
CT66	-1.49945331763395	-3.68143549634912	-2.10988989421193	0.0604532360911462	0.276936158500458	-4.00821063052882
ENSG00000285669	0.94339333599296	-1.44389400764819	2.10972672570387	0.0604699497353019	0.276959564446833	-4.15866457316901
PITPNA	0.369747554150492	7.04994559591006	2.1095273501829	0.0604903781037133	0.276970792063786	-4.97122405977344
CEBPA	-0.979919901940727	1.30986755453574	-2.10947629236511	0.0604956106351245	0.276970792063786	-4.40705157852373
FBRS	-0.845921630704007	3.87480682725788	-2.10932740464868	0.0605108714780683	0.276987527726708	-4.71619709497511
TOMM20	0.431707138057469	8.703987781817	2.10900241743794	0.0605441950818357	0.277046169640275	-5.01864495157835
NBEAL1	0.671786959309995	3.46135517362706	2.10893674944998	0.0605509306815129	0.277046169640275	-4.66072138450957
LIN7C	0.455752965026746	5.1385339089568	2.10882356389024	0.060562541858433	0.277046169640275	-4.86445986044722
GMEB2	-0.527336540600823	4.94029831860079	-2.10874976095578	0.060570114098251	0.277046169640275	-4.84560961965019
ZNF524	-1.3076902116841	1.21368190742322	-2.10833492796007	0.0606126930745467	0.27712367825761	-4.39927057134527
TIGD3	-0.907997462794661	0.35151190781096	-2.10827015185793	0.0606193443470786	0.27712367825761	-4.31806464580931
ENSG00000286872	1.38259609764932	-3.79931218469734	2.10824533095404	0.0606218931655836	0.27712367825761	-4.00414644647009
CHST13	-0.990534306080387	0.940636832758435	-2.10802553122325	0.0606444684987523	0.277154887190355	-4.37321838654157
ENSG00000249577	1.27385597121211	-1.84727770176254	2.10795275327379	0.0606519451877162	0.277154887190355	-4.12968847347212
OTULINL	-0.449008774962024	3.7167093063749	-2.10731865465054	0.0607171251237216	0.277399621999974	-4.69794956859038
ENSG00000308099	-1.54211632983086	-2.9267547638552	-2.1070993596044	0.0607396823050068	0.277415269103555	-4.05670247318819
LRSAM1	-0.877482094314822	4.22231227187878	-2.10705936868767	0.0607437967207935	0.277415269103555	-4.76550036798001
ENSG00000289094	1.34973508946067	-1.04575041112219	2.10685751581194	0.0607645681538716	0.277427978403242	-4.19614823764687
ALDH1A3-AS1	-2.60484918268579	-3.0928546458759	-2.10679551864957	0.0607709492565875	0.277427978403242	-4.04684562133792
ENSG00000288912	1.20802387228065	-1.09181258478778	2.10667657213836	0.0607831936986534	0.277427978403242	-4.19248579753219
ENSG00000310222	-2.35634715348439	-3.10101930634959	-2.10658059613125	0.0607930752523968	0.277427978403242	-4.04665709601579
MAP3K5	-1.11059022469212	1.46973079207275	-2.10622044922928	0.0608301691081436	0.277544187746906	-4.42820479715531
USP24	0.44570596623558	6.36673621190501	2.10595464432944	0.0608575598924986	0.277616089823063	-4.94997955923166
SUGP1	0.440648697120531	5.31571604155811	2.10558873569458	0.0608952854220916	0.277735099783883	-4.88503534981982
RPS6KL1	-1.19432327184317	2.69769790975851	-2.1051187103106	0.0609437781583136	0.277830673714878	-4.56701952765488
GPX1P1	-1.07758500794466	2.95232383719373	-2.10508598549414	0.0609471557613388	0.277830673714878	-4.59920649398896
EHMT1	-0.611815583420423	6.79322371213907	-2.10499372551594	0.0609566790838158	0.277830673714878	-4.9691710269649
GSTA1	1.88121367626112	-2.28080662142013	2.10493439780284	0.0609628037979141	0.277830673714878	-4.10263251763726
C5orf22	0.521213903095291	6.05526091082355	2.10443470756383	0.0610144127203664	0.277983995471764	-4.93690708742978
SPAG7	-0.39302853781847	6.12222056472973	-2.10438314327336	0.0610197407414661	0.277983995471764	-4.94056019044919
ENSG00000288795	1.00239744939857	-1.35710971024093	2.10408544115911	0.0610505102863807	0.278071093321574	-4.17414890291532
PCDH8	1.41802707037844	0.0815771146898234	2.10365882995991	0.0610946292135212	0.27811045620531	-4.30083292329231
FAM20B	0.505256266062263	6.42942590215385	2.10358804282934	0.0611019527540088	0.27811045620531	-4.9565653668433
THAP10	0.963377329433192	3.05762277137974	2.10342672668995	0.0611186454250809	0.27811045620531	-4.61546087089887
SDHC	0.659446893048078	6.39527786586844	2.10323657468326	0.0611383275479923	0.27811045620531	-4.95559964769706
OGFOD3	-0.818180216934094	4.26284711507844	-2.10322758709005	0.0611392579788978	0.27811045620531	-4.77669968460395
PIP4P2	0.608583236452422	5.7266304872627	2.10320035829147	0.0611420768932093	0.27811045620531	-4.9192636197246
ST8SIA1	1.37255960368321	2.15530550037712	2.10310466927041	0.0611519842664677	0.27811045620531	-4.50625079555812
DPH5-DT	0.573618752166259	2.51003935222852	2.10306466932628	0.0611561262015256	0.27811045620531	-4.54743824372954
ENSG00000305200	-1.64229676200326	-3.73477369666968	-2.10298839536217	0.0611640249977657	0.27811045620531	-4.01512566130026
LNPK	0.665617740750268	4.76336118919955	2.10255368008987	0.0612090618804092	0.278258441253297	-4.83694916993946
PRRC2A	-0.656491869995268	8.96192172656326	-2.10236886585167	0.0612282183573205	0.278258441253297	-5.03505084025467
TMEM138	0.495441467965069	4.34339845777875	2.10233675752366	0.0612315470508365	0.278258441253297	-4.78828525055372
TMEM208	-0.682257805623502	4.17655790945503	-2.1019943810829	0.0612670521748582	0.278366787408593	-4.76764424038412
STEEP1	0.548222407346961	5.3080994606995	2.10181582291313	0.0612855767884567	0.278397956073486	-4.89039412803964
EARS2	-0.391397607238429	6.38565474637712	-2.10151035604464	0.0613172799737718	0.27844091280694	-4.95791621236063
CLEC11A	-1.0511315221681	2.37659903528527	-2.10133698465826	0.0613352804392371	0.27844091280694	-4.53436028737689
ENSG00000225032	-1.89296293585076	-1.61903156905504	-2.10132808032456	0.0613362050767523	0.27844091280694	-4.15716933719235
UBE2J1	0.513190440596905	5.61172799366323	2.1011490955439	0.0613547939009614	0.27844091280694	-4.91474823361875
CDH18	-1.57498893885755	-2.92669194033345	-2.10108148486097	0.0613618171393154	0.27844091280694	-4.06542857297551
STAG1	0.506422858297025	5.41060653773051	2.10105054579378	0.0613650312718189	0.27844091280694	-4.89995129789302
SH2D3C	-1.06697836691319	2.17415564087844	-2.1007771568565	0.0613934394879896	0.278516863763514	-4.51199840075604
LINC00310	1.09379954852232	-2.10462253438803	2.1005860469447	0.0614133054100553	0.278554040331013	-4.12153294870572
PEG13	-1.96725281457672	-3.0542744108702	-2.10047286757072	0.0614250733174896	0.2785544793594	-4.05835180642997
RABEP2	-1.16625119342239	2.83021343475158	-2.09996990168636	0.0614773955197664	0.278701882228671	-4.59163593322172
DHX57	0.397186319373192	5.81187555078354	2.0999359183312	0.0614809322467823	0.278701882228671	-4.92992408138319
RGS2	0.639500791837236	4.22921011648342	2.09979367015503	0.0614957384474698	0.278716063335694	-4.77786325669601
RANGAP1	-0.527119831658382	7.22537692766539	-2.09957067087701	0.0615189566250301	0.278768357275412	-4.99299498819318
FAM83B	-1.51959665946495	1.22980015739666	-2.09934278997852	0.061542691682268	0.278822973117063	-4.41475017146145
SNX21	-0.579050078613459	3.70859128406115	-2.09891397611362	0.0615873786454918	0.278920523903484	-4.71009992553113
MARVELD2	-0.7823987706107	4.80369453313761	-2.0989118882045	0.061587596303321	0.278920523903484	-4.84705314938747
ENSG00000231181	-1.90070404689528	-3.33533858836406	-2.09798357598117	0.0616844424055302	0.279178467059337	-4.04497151348766
ENSG00000224114	2.03789286283698	3.01626983659558	2.09797996821767	0.0616848190676477	0.279178467059337	-4.61861254075961
ENSG00000308855	1.3070639254908	-3.1084381404652	2.09797642748701	0.0616851887334491	0.279178467059337	-4.05862367138064
SPATS2	0.455282800153857	5.71381671017752	2.09791750300032	0.0616913409842437	0.279178467059337	-4.92680328929786
ENSG00000249725	-1.83158451994649	-3.62690106840962	-2.09773045359143	0.0617108745065527	0.279209686304641	-4.0285800349078
PRAF2	0.865391229217619	2.75438892076903	2.09753408434254	0.0617313876279586	0.279209686304641	-4.58592101497476
GPR4	1.11206571411511	-0.99244236655708	2.09751544236576	0.0617333353429251	0.279209686304641	-4.2147594304632
FNIP1	0.447303492390851	4.31888750358889	2.09724309806619	0.0617617965594094	0.279273654429097	-4.79324977524331
GPR135	0.945242936968181	0.392231326682508	2.09715619256719	0.0617708812054805	0.279273654429097	-4.3387684189269
CFAP90	-1.56865998597881	-1.83549309474277	-2.09695636210825	0.0617917752577717	0.279315208347962	-4.14685504278145
CTDP1	-0.795306362167769	5.30406418923437	-2.09661768442569	0.0618272023750529	0.279360737632315	-4.89830696053647
PHEX	0.899320363282164	-1.5636879733761	2.09657164653218	0.0618320196246647	0.279360737632315	-4.16862763816934
FIG4	-0.415600155938887	5.45636814367745	-2.09652441442736	0.0618369622035245	0.279360737632315	-4.91068281952082
ENSG00000260360	1.2189809415581	-3.003188282164	2.09618724637511	0.0618722558952902	0.279467284529313	-4.06771478891462
TMEM51	0.506884814103096	3.93292931766612	2.09580529873529	0.0619122601185255	0.279595063812459	-4.74531993121619
KIAA0930	-0.514788670480162	6.57398853410577	-2.09559704814958	0.0619340821162656	0.279640699559007	-4.97544786625505
ENSG00000272343	1.30895207857119	-1.91704715085111	2.09548420153533	0.0619459100537967	0.279641202052953	-4.1428622548327
PNO1	-0.569982109986672	5.44662935174557	-2.09474710342904	0.0620232213265409	0.279937258585581	-4.91276778233755
EIF2AK4	-0.695715292672933	7.24536064008332	-2.09423925482564	0.0620765409147634	0.280080593968573	-5.00212707385405
CAPZA1	0.551439396954355	7.53064896243593	2.09413255527954	0.0620877489581153	0.280080593968573	-5.01127873589393
ZC3H13	0.46933154471874	7.02996377001232	2.09410937586323	0.0620901840485909	0.280080593968573	-4.99507772745241
RPL38	1.01968215552774	7.8405166633504	2.09389199586018	0.0621130251079776	0.280088358655228	-5.02070081771893
RUSC1-AS1	1.79578086965591	-1.51615417072078	2.0937628668403	0.0621265970364544	0.280088358655228	-4.17660650789764
TSTD3	0.836860309251623	1.96678590715355	2.09375556675746	0.0621273643858525	0.280088358655228	-4.49988621879318
SLC2A7	-1.58566257548363	-4.16576425477494	-2.09362909056057	0.0621406603826481	0.280088358655228	-4.00576593475557
ENSG00000289009	-1.14039052185752	0.401467163454536	-2.09345197795237	0.0621592841543326	0.280088358655228	-4.3452725326893
STAU2P1	2.12150685805437	-2.65846457401391	2.09338091271661	0.0621667583085836	0.280088358655228	-4.09390110263835
ENSG00000300186	-1.14237303518621	-2.48033381606446	-2.09313019130565	0.0621931342936283	0.280088358655228	-4.10618235156227
IFIT5	0.560456333158965	2.89278788142816	2.09308914548398	0.062197453342654	0.280088358655228	-4.61035732106878
ENSG00000288953	1.2952833419527	1.329657236847	2.09308847578469	0.0621975238141664	0.280088358655228	-4.43435046384923
ATP6V1E1P3	1.77970388512045	-1.65349267580931	2.09289823743097	0.0622175454019773	0.280125666121297	-4.16696087999042
TMEM106B	0.584585735154416	6.32030196402166	2.09276501954221	0.0622315695331179	0.28013596191002	-4.968819403822
HMSD	-1.39754412584163	0.258023365812981	-2.09203867615925	0.0623080861297611	0.280397721934621	-4.33440852823119
POLE2	0.495305195884129	4.71774725210507	2.0919681606345	0.0623155193445223	0.280397721934621	-4.84874994161851
COL4A4	-1.10653350588766	0.0647063470185099	-2.09187857538907	0.0623249639612505	0.280397721934621	-4.31726986272466
UTP18	-0.404177233895515	6.20107483314976	-2.09118052371474	0.0623986034046673	0.280639693984868	-4.9655470970332
CAPN13	-1.88270281113214	0.643356753803713	-2.09114583583338	0.062402264883634	0.280639693984868	-4.37110267953054
GJD3-AS1	0.629809622951151	1.78365126909447	2.09047089916439	0.0624735484774024	0.28090734391676	-4.48523792964969
HDLBP	-0.400657666586834	9.03177405066547	-2.09027004514366	0.0624947766615961	0.280949865244361	-5.05584048762515
PMPCB	0.42626418669467	6.74100351839439	2.08985101025967	0.0625390863721255	0.281060669942037	-4.99124759669574
RPL29P26	-0.707192182693857	2.25348359398349	-2.08981423579339	0.0625429764135484	0.281060669942037	-4.53806157890329
ONECUT2	1.28491244455492	1.44916053066673	2.08959103319364	0.0625665919519734	0.281113864856504	-4.45182397880569
ENSG00000273565	-1.56912331312357	-3.84460751457659	-2.08878304591794	0.0626521504392964	0.281341400098927	-4.02934076335346
ENSG00000300483	-1.62233085257653	-3.6631118458641	-2.08860091622327	0.0626714516649368	0.281341400098927	-4.03956020875207
CD274	1.78564297804761	-3.20789296508691	2.08859956711468	0.0626715946580334	0.281341400098927	-4.06606727596266
SNTG1	-1.29878054899125	-1.45450634181565	-2.08858843167351	0.0626727749241719	0.281341400098927	-4.18928442631736
SNRNP48	0.574122696549869	5.46380489762042	2.08855637168745	0.0626761731397325	0.281341400098927	-4.92387364544788
ENSG00000307815	-1.6541611986606	-1.61781024328004	-2.08830500064975	0.0627028234182636	0.281408102016491	-4.17659092519991
FAM114A1	-0.555538757438743	3.38920271134221	-2.08799271169187	0.0627359471952724	0.281434084850027	-4.68382809953767
NPM2	-1.2897384672278	0.0913682328805699	-2.08781871462861	0.0627544098792754	0.281434084850027	-4.32583349459308
SRR	0.791415330982593	2.77540737197312	2.08779855399596	0.0627565494410275	0.281434084850027	-4.60376726442183
RAD54L	-0.484694447863884	5.75571285080487	-2.08772828220473	0.062764007627708	0.281434084850027	-4.94573063872022
AADAT	0.703160265465397	3.89181208356296	2.0876947039984	0.0627675716955082	0.281434084850027	-4.75258289081895
RANBP20P	1.70598656553001	-3.41781353342531	2.08752759178181	0.0627853122297381	0.28146075262719	-4.05511199224692
SLC45A1	-0.823749627103975	1.61818878652641	-2.0870873038235	0.0628320757554882	0.281526902406141	-4.47307449572044
RNF212	-1.49110423906587	0.53030964374528	-2.08706396322538	0.0628345557126392	0.281526902406141	-4.36686401392229
SSBP3P2	1.04560595563466	-0.551132381384254	2.08697344051479	0.06284417470264	0.281526902406141	-4.26967243742731
ZKSCAN2	0.389340895155584	4.89340389134809	2.08685872645298	0.062856366288098	0.281526902406141	-4.8755741168186
MAN2C1	-1.08487229360067	4.98667831178271	-2.08682487050373	0.0628599648614409	0.281526902406141	-4.88495124140562
ENSG00000272829	-0.943573906154518	-0.728926399794637	-2.08667044376955	0.0628763814736756	0.281526902406141	-4.25424461469365
KLHDC3	-0.541626028285046	7.42563812299196	-2.08661160210258	0.0628826378148547	0.281526902406141	-5.01999469289005
ENSG00000287464	-1.64821094872969	-3.77365619345378	-2.08645734679828	0.0628990418203882	0.281547530218906	-4.03649328613779
NTN1	-1.56704960847048	2.32964072152433	-2.08605667429959	0.0629416696214467	0.281597425576035	-4.55269625848377
ENSG00000258895	1.38432567858611	1.58314518774773	2.08602216533058	0.0629453423360543	0.281597425576035	-4.47108110447757
VWF	-2.18982204495375	0.667923777044325	-2.08601988994249	0.0629455845078204	0.281597425576035	-4.38124241142074
ENSG00000261512	-0.877085677826733	1.50133432958643	-2.08587413495859	0.0629610991970639	0.281614046952085	-4.4628867406962
OGFOD2	-1.21466579941911	0.0264470324736097	-2.08544963962653	0.0630063047208208	0.281763439155299	-4.32361197918707
CCNJ	0.469057222119167	6.10270711460418	2.08406761775073	0.063153693236504	0.282346350307565	-4.97179381552212
ZNF580	1.02496232519321	4.19142219098394	2.08400562818772	0.0631603119073234	0.282346350307565	-4.79795598659268
SPIDR	0.383648048761665	6.20738178812656	2.08373972851456	0.0631887096843943	0.282420399632479	-4.97766509556742
ENSG00000267312	0.696063328212762	2.96635827796213	2.08360956216127	0.0632026157213038	0.282429662875933	-4.63463764648601
SMAD2	0.334286988425351	6.22598524459605	2.08317007779746	0.0632495885475287	0.282544123021637	-4.97948229193988
MT-TE	-1.89150682554023	-3.5586667521451	-2.08314839996225	0.0632519063688191	0.282544123021637	-4.05322454563103
RNH1	-0.645679743529612	5.16132861352385	-2.08276126139385	0.06329331329663	0.282600719334161	-4.90784173543816
ZNF696	-0.706002190124573	3.82382972245385	-2.08263297242019	0.0633070402949496	0.282600719334161	-4.75141469971311
CARD8	0.474623774779082	4.66699360474412	2.08261825411359	0.0633086153435082	0.282600719334161	-4.85780984484743
LAP3P2	1.42270383441747	-1.78133367839824	2.08258719750447	0.0633119389231892	0.282600719334161	-4.17224225127702
ENSG00000224647	-1.87398055058226	-3.95748990833981	-2.08219274898178	0.0633541659717313	0.28273632745836	-4.03263268162073
B3GALT9	-0.536964032989126	3.01581224201687	-2.08197084328261	0.0633779334820624	0.282767342051354	-4.64360582849754
DRG2	-0.539203019602666	5.10426738371543	-2.08181292208009	0.063394853003236	0.282767342051354	-4.90414338413712
ENSG00000304549	1.1119173877784	-0.263672122635842	2.08172925281696	0.0634038189834308	0.282767342051354	-4.3033182468154
WDR47	0.536698324216144	3.64236735651771	2.08168551794601	0.0634085060819896	0.282767342051354	-4.7281983024748
A2M	-2.88905295110974	-2.95295331402026	-2.08108880369329	0.0634724892702379	0.282980820897388	-4.09267784764179
RNF157-AS1	-1.71122128055191	-2.3103444873945	-2.08081755428246	0.0635015944808043	0.282980820897388	-4.13589423691959
ENSG00000274220	-1.15867948100125	-0.953338320182902	-2.08078204897523	0.0635054051575776	0.282980820897388	-4.24325210600403
ENSG00000185641	1.13551084584208	7.12957181235897	2.08068945554991	0.0635153439501754	0.282980820897388	-5.01979280007561
STARD10	-0.605454377819259	3.45557579463915	-2.08045463343428	0.0635405559078721	0.282980820897388	-4.70468829732832
ROMO1	0.677664768359342	4.82167958936156	2.08028506667698	0.0635587675538258	0.282980820897388	-4.87842088533667
LINC01588	-1.36517684173315	-3.26118029270704	-2.08020018643852	0.0635678856408834	0.282980820897388	-4.07490324890926
ENKUR	1.04043996389141	-2.40736402964428	2.08017503538566	0.0635705876801271	0.282980820897388	-4.13008645176178
NUBPL	-0.528217769946767	3.73843684043391	-2.08013538501705	0.0635748476378647	0.282980820897388	-4.74368578791811
DUS4L-BCAP29	0.860119131443735	1.33052918944094	2.08009654412229	0.0635790208901161	0.282980820897388	-4.45446051912446
FOXI3	-1.19850328449683	2.96301999141464	-2.08002415471312	0.0635867994499808	0.282980820897388	-4.63980761842797
RNF227	0.986805546465839	0.644238217579063	2.07982926322288	0.0636077458875208	0.28302126605098	-4.38849916804257
TNRC6B	0.472290602004611	5.83304336027409	2.07949073393098	0.0636441457212169	0.283130442857089	-4.96364433449924
NALF1	0.538421924652582	3.87021976819328	2.07917685698807	0.06367791251701	0.283227867693529	-4.76308822522138
KITLG	0.776825068542222	3.70229741084117	2.07887895416938	0.0637099765520063	0.283317684063114	-4.74074872770416
GNAO1	0.599261337751235	5.89766869610294	2.07837301674113	0.0637644670014353	0.283459919023138	-4.96933163816602
WLS	1.43835078773546	3.96949526910498	2.07836143973379	0.0637657143853534	0.283459919023138	-4.77769272352222
BABAM2	0.533560189667411	5.09691511936374	2.07818089680656	0.0637851702810819	0.283493605046291	-4.90921240240264
FAM162B	1.11324972203822	1.08643761791892	2.07803328114297	0.0638010820143848	0.283501281594102	-4.43345292207581
ZNF136	-0.506469167683084	3.13240991758423	-2.07794449493669	0.0638106542390546	0.283501281594102	-4.66521907208666
GSTO1	0.407533421646968	5.63141221871871	2.07754378828517	0.0638538722148013	0.283564496037484	-4.95352520954223
NOS1	0.924279794217687	4.06063808057632	2.07745576250674	0.0638633699038063	0.283564496037484	-4.79116355068944
LINC00987	1.26206784676183	0.733523230408725	2.07743008614822	0.0638661405501761	0.283564496037484	-4.40053356519353
RASD1	-0.756456535543786	1.17645211098773	-2.07734890197086	0.0638749016025318	0.283564496037484	-4.44334279184611
LRRCC1	0.47783781185048	4.49587653952475	2.07720390956044	0.0638905514070085	0.283564496037484	-4.84648343648855
ENSG00000289111	1.43278359642313	-3.36065003471626	2.07711466827199	0.0639001855046979	0.283564496037484	-4.07337103249336
ENSG00000289100	-0.927850509951015	1.14246871936834	-2.07704183039918	0.0639080497836186	0.283564496037484	-4.44046729556865
SLCO1B1	-2.43837339407461	-2.21965910974828	-2.07685854285767	0.0639278433380323	0.283599597945877	-4.1481051325391
ENSG00000288829	1.33968266288119	-0.487856852133633	2.07664079596938	0.0639513657821424	0.283619559070893	-4.29091517003185
TIMM44	-0.520033851471184	6.14048435426145	-2.07657657319698	0.0639583051149525	0.283619559070893	-4.98563383107942
FAM66B	-1.22981256264916	-1.65041425346372	-2.07648692488283	0.0639679928972481	0.283619559070893	-4.1914996423332
UBE3C	-0.530152962752633	6.50698552006407	-2.07629345995448	0.0639889042952048	0.283659580017395	-5.0032705779853
TMEM98	-0.356721578715279	6.21942134822875	-2.07563650124943	0.0640599626248201	0.283921843633534	-4.99109068141792
ZXDA	0.726562562655455	1.54127749491363	2.07543541460349	0.0640817276338564	0.283965576204465	-4.48308672237057
RPL13AP25	2.82676731824494	3.39493260430489	2.07508755394623	0.0641193955879242	0.284079750231481	-4.7048249697011
ENSG00000289356	-4.4474438209484	5.26482352695568	-2.07491401779033	0.0641381947365825	0.284110299513366	-4.92938189217597
ADD2	0.47334779098726	8.64081616006158	2.07459368868026	0.064172909684765	0.284189918076037	-5.07189671149046
RNU6-574P	1.40748307273244	-3.85942833849633	2.07452843884441	0.0641799831746697	0.284189918076037	-4.04871019311033
KAT2A	-0.495932822227209	5.11031549958063	-2.07431028904228	0.0642036373480853	0.284206863216089	-4.91654535379966
SHARPIN	-0.577761193096777	4.91841056963227	-2.07427351261856	0.0642076258625362	0.284206863216089	-4.89799949350771
BCAS2P2	0.955161070389756	1.48343346871666	2.07407664213461	0.0642289810605175	0.284223144126186	-4.4792429760012
IGF2	-0.746406439517368	0.723133172500393	-2.07402004790151	0.0642351212727467	0.284223144126186	-4.40476969398336
BLVRB	-0.550769482167799	4.35317086215147	-2.07351487100148	0.0642899553068605	0.28439016947416	-4.83497205590591
ENSG00000253966	-1.07692993953782	-2.34366121514174	-2.07344524490444	0.0642975162988889	0.28439016947416	-4.14432862994263
PANK1	0.512262335172333	5.57041445092885	2.07334304380913	0.0643086162756962	0.28439016947416	-4.95586410400047
HSPE1P3	0.962474587885294	1.35912568293357	2.07306515273622	0.0643388069893255	0.284442661485298	-4.4681566736032
MX2	-1.71166219118438	1.15498142191872	-2.07301440453671	0.064344321840161	0.284442661485298	-4.44788152954818
NOL4L	0.407276517788989	5.3329262307584	2.0726100947905	0.0643882745526287	0.284584249768072	-4.93869874947444
VOPP1	-0.473232134747706	6.11340154078542	-2.07231931113678	0.0644199033948854	0.284671326481342	-4.99095217449294
LINC00678	-2.50810216514855	6.43503583201191	-2.07204967723816	0.0644492449255466	0.2847138877748	-5.00685299272872
NRBP1	-0.391805618144165	7.44909649109231	-2.07201156602471	0.064453393205985	0.2847138877748	-5.04387155532452
KRT18	-0.662745480652889	8.22926046953647	-2.07182528885416	0.06447367250902	0.284750766427236	-5.06617576398804
COQ8B	-0.84136530185088	5.23405894959434	-2.07165340596571	0.0644923901290619	0.284780735469069	-4.93186952123982
ENSG00000273893	0.862550323964211	-0.174472994891198	2.07099136553872	0.0645645328614115	0.285046560451962	-4.32753353743841
ZSCAN12	0.426654341451414	4.86300344604804	2.07079343924295	0.064586115804607	0.285089111505189	-4.89778535042176
DOCK7	0.478056744539345	5.77615163581385	2.07061893790243	0.0646051500413476	0.285120398675452	-4.97412204824245
ENSG00000289280	1.47779432240219	-3.79067120044656	2.07041722526718	0.0646271590582124	0.285164800377585	-4.0582809027179
ST3GAL1	0.637254481697515	3.94903883570747	2.07010923038103	0.0646607783304002	0.285260405991065	-4.78789966798351
ENSG00000279148	1.33546988775432	-1.56015902751383	2.06970031438029	0.0647054393066459	0.285396817602673	-4.20874395286763
YY1-DT	0.735049811057682	0.767934518001288	2.06955951580372	0.0647208238111995	0.285396817602673	-4.41580694873867
ATF7	0.524219011837514	4.58929631329418	2.06949522339755	0.0647278499421854	0.285396817602673	-4.86959178348115
MMP2	0.837372687113688	6.64208761966793	2.06938835695166	0.0647395303348084	0.285396817602673	-5.0197797062356
SPTBN2	-1.02679099930226	5.54999735353826	-2.06912801957441	0.0647679933089271	0.285469565337796	-4.96102185173764
SETD2	0.495849378403815	6.40446476230521	2.06889261751677	0.0647937402930829	0.285492167248531	-5.01047773319637
ENSG00000286408	-1.12813391934998	-1.49026731444491	-2.06880246647656	0.0648036030887406	0.285492167248531	-4.21572802239106
ENSG00000290588	0.55722014342305	2.61348034362248	2.06875308048852	0.0648090066683094	0.285492167248531	-4.61338810533583
ENSG00000294172	-1.82017616649756	-2.81411180834863	-2.06838806809811	0.0648489578363692	0.28555457975559	-4.11993100145378
ENSG00000305228	1.96424951225391	-3.32639707646422	2.06838304780064	0.0648495074784268	0.28555457975559	-4.08789386014835
TMEM243	-0.523355272393366	3.28726622359707	-2.06828920816732	0.064859782226315	0.28555457975559	-4.70093120993812
TMEM91	-0.775056875196501	0.860577323479233	-2.06818647566361	0.0648710324479326	0.28555457975559	-4.42670711792089
PIERCE2	1.34776894531534	0.238935495307404	2.06787087167358	0.0649056057700556	0.285654083148427	-4.36945742927929
CMPK1	0.574468062749962	5.99599053927511	2.06719185581846	0.0649800488399769	0.285891610678152	-4.99268695939841
MAP4K2	-0.451840613462696	4.92150285914454	-2.06715671169326	0.0649839040255658	0.285891610678152	-4.90952981696152
PLVAP	1.23489967512045	-2.12612924155238	2.066999934328	0.0650011045867238	0.285891610678152	-4.16926530619899
HDHD3	-0.918640428376873	3.2017885153949	-2.06686930838328	0.0650154392858087	0.285891610678152	-4.69169563645884
TAF9B	0.511010789404553	5.75893064884835	2.06667466100174	0.0650368051637463	0.285891610678152	-4.97924016311361
ARRDC2	-1.04170182157785	2.71869982050007	-2.0665866812976	0.0650464646246635	0.285891610678152	-4.62972990573579
TYRO3P	-1.47011693457272	-2.83993395607142	-2.06653450543265	0.0650521937556849	0.285891610678152	-4.12092813796869
LYRM2	0.411254709404325	4.40555044708779	2.06650526732788	0.0650554044326076	0.285891610678152	-4.85241094089489
TIPARP	0.564412190640068	3.48889812749191	2.06614835038803	0.0650946100900313	0.285970939974641	-4.73162896581991
CCT4	-0.426284436033136	8.85184427617597	-2.06604943937015	0.0651054789661064	0.285970939974641	-5.09028598825073
SNX4	0.357252642970771	5.359142050381	2.06601374577654	0.0651094015930867	0.285970939974641	-4.9512453064417
ENSG00000261079	1.27231496805481	-2.81933301585969	2.0657427697088	0.0651391884192881	0.286049127875464	-4.12341021940915
AHI1	0.452854415211198	3.89915492164247	2.06518540896583	0.0652004964660406	0.286265682331676	-4.78891857207082
ACTR3-AS1	0.920209735453246	-0.227436194745961	2.0650281332797	0.0652178062224253	0.286289016205743	-4.33179329212351
DFFB	-0.854841605401917	2.99175480850478	-2.06471909974637	0.0652518311312998	0.286339022441985	-4.66738685973861
PPP1R15A	-0.646472609555372	4.16168239715844	-2.06463557338604	0.0652610303572153	0.286339022441985	-4.82454883907598
PLAC8L1	0.944005420960209	-0.420430827824811	2.06457156214542	0.0652680811056809	0.286339022441985	-4.31515041443021
HELLPAR	0.762450029299315	0.984469796089455	2.06448890305201	0.0652771869571728	0.286339022441985	-4.44428433977563
C22orf15	-1.67063140405676	-0.616836996575084	-2.06387606811251	0.0653447353527895	0.286582653190928	-4.29850091056978
CDH1	-1.43691989364487	7.91273112547045	-2.06349413715839	0.0653868663629754	0.2867147417757	-5.07091871722856
LRRC2	-0.69767589967242	2.10621198033888	-2.06334494828602	0.0654033304592205	0.286731402483669	-4.56241984420033
NBEA	0.929786635549912	5.75291017994614	2.06324200444939	0.065414693364209	0.286731402483669	-4.984267780936
DUSP26	-0.947935467839919	0.908866285236487	-2.06296481913038	0.0654452982850063	0.286812878106545	-4.43931718461199
LINC00626	1.69700114078575	-3.58544542986775	2.06282099544883	0.0654611836659079	0.286829827529691	-4.08059724516671
RBM48	0.496143655910894	3.11007763330981	2.0626157376822	0.0654838607937013	0.286839218625325	-4.68618092805268
PSAP	-0.50886301219311	9.28612021886237	-2.06258404049598	0.0654873634009049	0.286839218625325	-5.10516145488052
TTLL11	0.724085650189947	0.555941019909501	2.06224507114305	0.0655248313453721	0.286950669673394	-4.4070950291016
PNPLA2	-0.55356590914808	4.99797530011004	-2.06205832201121	0.0655454823200844	0.286988447355247	-4.92513684785647
ENSG00000275055	-0.94020021347329	-1.67997359773871	-2.06179331114342	0.0655747981703922	0.287032882665774	-4.21084952646706
BRCC3	0.396498521827476	5.04369073965639	2.06170378348487	0.0655847046448082	0.287032882665774	-4.93017192010788
MPP7	-0.739924790310073	3.55300074943614	-2.06164048200251	0.0655917099785953	0.287032882665774	-4.74736974263038
RIPPLY3	-0.597709459111385	2.63073378346905	-2.06094203755116	0.0656690512460638	0.28730648115903	-4.62762586576015
DAG1	-0.523388641291994	7.70497756937196	-2.06078061791552	0.0656869381113432	0.28730648115903	-5.06931970816994
ENSG00000258789	-1.68762703830044	-2.06517746410999	-2.06074987589316	0.0656903451495715	0.28730648115903	-4.18288985329526
THBS2-AS1	0.909475244924963	-0.929608364133025	2.06048740865397	0.0657194403564872	0.287381070536512	-4.27567500778594
SH2D6	-1.41104271441379	-2.35894256254643	-2.0602865698699	0.0657417121265844	0.287396894564292	-4.16243194772183
RAVER2	0.429258704164758	5.4911644683186	2.06023761266006	0.0657471422600677	0.287396894564292	-4.97067466770486
THOC3	-0.503042479680108	6.0729593995505	-2.0599068491692	0.065783840328288	0.287504654296878	-5.00839843120057
EPHA1	-0.697555121512517	7.5831988209979	-2.05979216348752	0.0657965691857822	0.287507637634029	-5.06728204039057
UBR2	0.403861705937287	5.38754421279905	2.05918877558229	0.0658635770889794	0.287747756614071	-4.96432158770798
ANTKMT	-1.27082981945185	1.73360877820707	-2.05900597839618	0.0658838899794008	0.287783821767635	-4.52849733165149
NBPF14	0.939331426176244	1.14516539644003	2.05883248845801	0.0659031741131854	0.287792820268854	-4.46864880146127
ARID3BP1	-0.663671319247197	3.73094845427507	-2.05877049327302	0.0659100664343888	0.287792820268854	-4.77614225895909
DUSP8	0.866906333557085	2.00013129369362	2.05849831304218	0.0659403341799386	0.287872316786646	-4.55811052879531
MIR1915HG	-0.894577958991304	3.83918481617329	-2.05822322207018	0.065970938991247	0.28790669107418	-4.79177401167962
PXN	-0.611964215701547	7.1545248720177	-2.05788128775436	0.0660089991081703	0.28790669107418	-5.05672212813365
SFXN3	-1.41727329976059	1.10521924792076	-2.05784908699596	0.0660125843901272	0.28790669107418	-4.46622151266699
LPAR6	0.964769928799747	3.05096379311165	2.05784636383008	0.0660128876000626	0.28790669107418	-4.68581212062375
TIMM50	-0.468369470665894	6.58924617545051	-2.057667041673	0.0660328570653615	0.28790669107418	-5.03613484606984
PTX3	1.81778925473999	2.44453547773165	2.05766300409831	0.0660333067589086	0.28790669107418	-4.61023641243982
FASTK	-0.67867317397945	5.10141459549695	-2.05766103396389	0.0660335261879114	0.28790669107418	-4.94197108544824
ENSG00000279393	-0.67027335289774	0.952478657887901	-2.05753154432236	0.0660479499583054	0.28790669107418	-4.45182189022719
ANKRD17-DT	0.869424863428183	-0.411916312705866	2.05744567004443	0.0660575170860848	0.28790669107418	-4.32663448434693
ENSG00000231720	1.69774928416929	-2.92922837693947	2.05718631747936	0.0660864191444629	0.28790669107418	-4.12862668719717
GFRA2	1.0361611186484	3.38579193884584	2.05713950326669	0.0660916373615549	0.28790669107418	-4.731623653532
ENSG00000284642	1.27045372071793	-2.3009353397314	2.05712760642987	0.0660929635226645	0.28790669107418	-4.17111754682266
ENSG00000272744	1.00468075128665	-1.89309621207717	2.05623114151956	0.0661929665527689	0.288058794106798	-4.20243815983195
NPM1P24	-0.686017905914639	4.06990891209396	-2.05601955545457	0.0662165904293001	0.288058794106798	-4.8260140863057
MT-ND2	1.41247905503278	10.2410688857808	2.05598387976623	0.0662205744556824	0.288058794106798	-5.1337928088578
TIGD6	0.615768825587298	2.35083056143414	2.0559452889269	0.0662248842825269	0.288058794106798	-4.60186130042477
PTMAP2	0.440273038888464	7.40785153315108	2.05591003208447	0.0662288220006098	0.288058794106798	-5.06803972920313
MARK4	-0.565571599898897	5.97886670827536	-2.05574996481657	0.0662467021634297	0.288058794106798	-5.00978994444725
ENSG00000286743	-1.28603708481874	-3.91589040669742	-2.05567264562565	0.0662553406676827	0.288058794106798	-4.07223697546424
SYCP1	1.24298567283375	-0.262181507800794	2.05550177638878	0.0662744348554568	0.288058794106798	-4.34302614332076
ENSG00000269069	1.30887084934022	0.141327714518099	2.05545974929625	0.0662791320708266	0.288058794106798	-4.37942570550222
SMPDL3B	-0.654015625232622	5.05829627629499	-2.05537222423487	0.0662889154406549	0.288058794106798	-4.94152672201388
IRF4	0.805582467494994	2.2064625028713	2.0552881957684	0.0662983092548645	0.288058794106798	-4.5862064834586
CERNA1	-0.906899270558185	-0.414045457495529	-2.05523115435342	0.066304686817468	0.288058794106798	-4.32976909700003
ENSG00000290585	-1.89264165450964	-2.72306794344601	-2.05516937942435	0.0663115942697128	0.288058794106798	-4.14500406827169
ENSG00000287356	-1.3324247127446	0.274608203592104	-2.05514569237899	0.0663142430513558	0.288058794106798	-4.39199761357752
LINC02757	1.63755180826029	-2.36402974637113	2.05514212294279	0.066314642208898	0.288058794106798	-4.169557450919
ENSG00000242540	1.28598093858934	-1.48349145663164	2.05508535905318	0.0663209902215132	0.288058794106798	-4.23656600392248
ENSG00000269210	-1.21229425819609	-3.0327384920769	-2.0547800352733	0.0663551450260399	0.288104895197481	-4.12547806303912
KPTN	-0.781016720895429	4.14839159404802	-2.05450029606096	0.0663864524513192	0.288104895197481	-4.8386925168635
ELAPOR1	-1.0916536376701	0.702669142462227	-2.05447481872187	0.0663893044799308	0.288104895197481	-4.43265448326279
RNF215	-1.01738204038963	3.40140162900004	-2.05424757981202	0.066414747585277	0.288104895197481	-4.7382534333678
CD36	1.2929266560207	-2.21643113868115	2.05419009694095	0.066421185193854	0.288104895197481	-4.18144075373398
CNST	0.442404741857321	5.01700268742963	2.05407729712415	0.0664338195622828	0.288104895197481	-4.93955809620748
PREX2	0.668642647369593	6.1540457585634	2.05395730377231	0.0664472621544153	0.288104895197481	-5.02204831116815
KLHL21	-0.844896558016139	4.29727504005589	-2.053931221194	0.0664501844691657	0.288104895197481	-4.85867915165248
KIRREL1	0.647662931271907	6.44516536733674	2.05389205802452	0.0664545725732266	0.288104895197481	-5.03597368412628
SBSPON	-1.02707083195232	-0.354001956644293	-2.05380590303265	0.0664642269216802	0.288104895197481	-4.33732822180886
PIK3C2A	0.358760956884143	7.34612692744055	2.05378057026926	0.0664670659108377	0.288104895197481	-5.0694565670045
SLC6A8	-0.548083915260025	7.2754193204289	-2.05359799456129	0.0664875301793238	0.288104895197481	-5.06746463385536
ARHGAP26	-0.503769429406752	4.48415782422013	-2.0535890693991	0.066488530722241	0.288104895197481	-4.88219129970298
CLN8	-0.742566846222037	4.72599795548458	-2.05346507262769	0.066502432682846	0.28811282643701	-4.91033359158819
LINC03020	-1.43429751368862	-3.07316234159229	-2.0530043044378	0.0665541160552173	0.288249460377175	-4.12546987306276
ENSG00000301041	-1.71926909057827	-4.13359685286438	-2.05296857547921	0.0665581252833875	0.288249460377175	-4.06446850999593
TAF7	-0.395962711750474	7.11982007699132	-2.05281551283557	0.0665753033804703	0.288271546767359	-5.06353556385622
EIF4EBP1	-0.536630679146827	6.8492765665889	-2.05252005417101	0.0666084743379592	0.288340707813945	-5.05441884698065
C1orf21-DT	-1.07437691136214	-1.77546460150494	-2.0524580439389	0.0666154381734651	0.288340707813945	-4.21707024232287
ENSG00000264007	-1.78830841940406	-3.91589040669742	-2.05217741450499	0.0666469618672718	0.288424848392779	-4.07715309862181
UBE2L6	-0.364754561135181	6.04802638423743	-2.05191977956165	0.0666759149729446	0.288451925130411	-5.01963611953267
FBXO40	1.79179940618031	-2.11792204954606	2.05190665566384	0.0666773901598222	0.288451925130411	-4.19192478391299
FUT8	0.593312335622175	6.03095464794612	2.05174409032586	0.0666956658179531	0.288478698092984	-5.01898403674726
TMEM213	-1.39479528855014	-2.40119778235248	-2.05133324665765	0.0667418741555504	0.288626256653474	-4.1724874844717
SERTM2	-1.38770894382788	1.18989341125026	-2.05112662410573	0.0667651248206248	0.288674498930046	-4.48486015788869
RPL30	0.717338788054006	9.16926764876708	2.05036977795683	0.0668503561078599	0.288942065532087	-5.12200745908687
FZD10	1.45803481279025	1.93288243604139	2.05036210460774	0.0668512207595502	0.288942065532087	-4.56325502545992
E2F4	-0.555581119217028	6.26489553632249	-2.04983376823223	0.066910780447836	0.28898762540293	-5.03405276610053
CDK6	0.572783478952308	5.43162392679819	2.04977551436496	0.0669173505151059	0.28898762540293	-4.98261806485626
ENSG00000307365	-0.963380363793401	-1.26086544117415	-2.0496938466619	0.0669265623014113	0.28898762540293	-4.263071870324
C3orf18	-0.623170226069232	3.13410973624352	-2.04964030633573	0.0669326020846442	0.28898762540293	-4.7095592243721
ENSG00000244192	2.87325552267888	-3.01868359147209	2.04963607691616	0.0669330792194694	0.28898762540293	-4.1337463022015
PPM1F	-0.697133466796473	5.03306767909689	-2.04962426970757	0.0669344112468008	0.28898762540293	-4.94813325594505
CCDC88C	-0.640244160438475	5.44392808188826	-2.04917424850604	0.0669851989789273	0.289154592879374	-4.984524127256
CDCA4	-0.416710688941979	6.25314904269443	-2.04867324204822	0.0670417836115486	0.289346518889119	-5.03530267195203
ZNF233	0.666655468847913	1.62192472707444	2.04828260566389	0.0670859342105798	0.289472106169503	-4.53322382056853
GPR179	-1.39253800923217	-1.6424203602864	-2.04820119075439	0.0670951393694092	0.289472106169503	-4.23385145575426
ENSG00000287150	-2.10131878910125	-2.99085146967636	-2.0474751483408	0.0671772820560803	0.289774117265944	-4.13861975716907
DGCR11	-0.798823468460197	1.10695906797989	-2.04716205475975	0.0672127340594738	0.289874651933043	-4.48272263886521
SLC41A1	0.613740779814249	6.2273288099854	2.04692111093508	0.0672400284999209	0.289939974743922	-5.03679222003615
RCL1	-0.433873693756877	4.56472535652768	-2.04680638358468	0.0672530286530095	0.289940280317133	-4.90239598735282
GIPC3	-0.63915704458659	1.65188533012554	-2.04670608573127	0.0672643956976563	0.289940280317133	-4.53878269854588
CEP19	0.613951898502482	2.43291022565466	2.04659628024037	0.0672768423541859	0.289941566714943	-4.62596999233152
DAPK2	-1.11139569558923	0.93357264765446	-2.0464501076921	0.0672934146646761	0.289943425835942	-4.46689740820107
H2AC14	0.968884315591044	-1.64809026924071	2.04637818485409	0.0673015703327237	0.289943425835942	-4.2360796253632
LRGUK	-0.873305863448188	0.890312979210964	-2.04578734321401	0.0673686040347169	0.290179836220283	-4.46373404663567
FKTN	0.398766260066687	5.09574424021304	2.04551785578835	0.0673991995889676	0.290253242121415	-4.96053335021041
MFSD4A	-1.10508275649748	-1.06512903579632	-2.04542302905501	0.0674099686210668	0.290253242121415	-4.28621354118394
ZBTB32	-1.37993760996927	-3.97732049776273	-2.04508016534807	0.0674489196425404	0.29036857235002	-4.08379419770889
ACTR3	0.34131572037295	7.72669016088431	2.04496842942743	0.0674616179966985	0.290370863251074	-5.09489522986769
ATMIN	0.454031767850047	6.90435423506304	2.04446643546947	0.0675186955652191	0.290564137586564	-5.06911828636734
ZNF462	0.759091888295634	6.36905282635529	2.04418406565666	0.0675508215604898	0.290626095979742	-5.04783828777825
SSPN	1.07369322635913	2.09721180160138	2.04396377583205	0.0675758945806217	0.290626095979742	-4.59130531064364
HNRNPUL2	0.38529733902124	6.02148146134613	2.04385733681079	0.067588012445506	0.290626095979742	-5.03086783838151
ENSG00000278703	-1.27026308672002	-1.96431143146236	-2.04383600943043	0.0675904407712471	0.290626095979742	-4.21515904031158
EXOSC7	-0.452813036298963	5.30290300722228	-2.04360251369775	0.0676170318847724	0.290626095979742	-4.98186658826886
ENSG00000277310	-1.74501669922586	-4.25998613328104	-2.04359851660455	0.0676174871704602	0.290626095979742	-4.07166054782424
CHTF8	-1.47369431160977	-1.25021595226693	-2.04353547761965	0.0676246679587233	0.290626095979742	-4.27309113774526
SLAIN1	0.470653677675665	5.37427489512944	2.04348421253464	0.0676305081104238	0.290626095979742	-4.9879322053126
RPS24P8	0.968865374852314	3.48545010916699	2.04302132307063	0.0676832623765071	0.290800436208838	-4.76723145884
ENSG00000262370	1.77184538541864	-3.14871855612629	2.04238757079023	0.0677555525231043	0.291058634281665	-4.13591147159003
SRPK2P	1.04946969356409	0.212292724494288	2.04179347185186	0.0678233858231788	0.291295389017606	-4.40652502729626
FOXO4	-0.601143593622426	4.02061687835812	-2.0416911386017	0.0678350765559078	0.291295389017606	-4.84195260425501
RPL7P1	-0.366031935308566	7.08066391703461	-2.04151703460443	0.067854970884513	0.291328169588346	-5.07999462762305
ENSG00000287038	1.10075008765239	1.7653054200154	2.04141071048448	0.0678671229275235	0.291328169588346	-4.55891490320364
IRX2-DT	1.35866827836952	3.08629909510369	2.04108181807955	0.0679047258689996	0.291407853449696	-4.71651266247323
RPGRIP1L	0.436891128613676	4.15004885461388	2.04103478205604	0.067910105203302	0.291407853449696	-4.85997120015851
BTRC	0.35041590567304	5.59677613672185	2.04088921820541	0.0679267553496743	0.291426904535444	-5.00886212514578
ENSG00000260000	-0.752970447365635	0.674466439812079	-2.0407474934689	0.0679429700711965	0.291432590806412	-4.45086212779808
ENSG00000295944	-2.47472698001611	-1.85590800347835	-2.04065300706085	0.0679537822901348	0.291432590806412	-4.22812339915467
PHGDH	-0.396629103532085	8.82743753619701	-2.04055750135846	0.0679647128012941	0.291432590806412	-5.12998104390759
SYN2	-0.538147665714065	3.21960786448997	-2.04037772236153	0.0679852927971131	0.291468471921807	-4.73530402161484
ZXDB	0.451216234589697	4.32273495910191	2.04018984151551	0.0680068065374866	0.291469982187522	-4.88341445940568
ACBD6	0.432928373035623	5.87989973964497	2.0401613500172	0.0680100695857171	0.291469982187522	-5.02850816278485
ENSG00000250568	1.89297154777104	-2.65959991363633	2.04003584506865	0.0680244450633656	0.291479251405269	-4.17108260950659
ENSG00000289599	1.14307394445414	-2.17047120893079	2.03986853735123	0.0680436131434801	0.291479538520901	-4.2056248521573
DLGAP3	-1.1118314008811	3.63429594273724	-2.03982207283043	0.0680489373879609	0.291479538520901	-4.79253420374383
ENSG00000289372	-0.789737427836523	2.00123774809951	-2.03964692759375	0.0680690103494694	0.291513201150329	-4.58726095129818
C1orf43	0.450473286874549	7.53143371356212	2.03934607635605	0.0681035032276979	0.291571875747698	-5.09795774777399
RFPL3S	1.16935312137628	-0.862476495260139	2.03931432895569	0.0681071440605612	0.291571875747698	-4.31316267610539
SLC25A23	0.680402099350832	6.832759473703	2.039065048669	0.068135738239486	0.291641977145232	-5.07498221887747
CHAC1	-1.41642492085555	5.91522754525666	-2.03839841614274	0.0682122613677551	0.291890656434283	-5.03340101871559
RRP15	0.439183717264307	5.81007261261676	2.03830322230064	0.0682231953481369	0.291890656434283	-5.02715514936918
RBM47	0.759820709055165	6.67615115866697	2.03819726722477	0.0682353673133262	0.291890656434283	-5.07031957897891
SPATA18	0.975156084614285	1.95923468204377	2.03794468535572	0.0682643918293143	0.291890656434283	-4.58524319378156
DAPK3	-0.784750169097441	4.8357668402376	-2.0379419047578	0.0682647114164079	0.291890656434283	-4.94649505827955
ENSG00000307734	-2.15804172625323	-3.68876254333359	-2.03792011383616	0.0682672159976608	0.291890656434283	-4.10989707363104
LRIT3	1.21237942997563	-2.58257876714021	2.03769737619919	0.0682928217545321	0.291904806994849	-4.17968752113352
LXN	0.516297815265356	2.72660644595891	2.0376055194916	0.0683033841778104	0.291904806994849	-4.67563943254996
TMEM205	-0.603162853601095	5.45599292647507	-2.03742022711119	0.0683246952843011	0.291904806994849	-5.00389672119141
ENSG00000269068	-0.917621540712759	-0.689849717978353	-2.03740629084108	0.0683262983961241	0.291904806994849	-4.33150935621329
ALKAL1	-1.32301427300309	-2.39692718448336	-2.03735952757791	0.0683316779100944	0.291904806994849	-4.19304800028233
EIF5P1	2.5892748285004	-1.56396852556106	2.03693368911335	0.0683806835857671	0.292061878157034	-4.25675323614782
BCL9	0.679041900755949	6.88604488092109	2.03648751577738	0.0684320650309988	0.292109193565098	-5.08099711654245
RBM22	0.526813688525766	5.76087959556139	2.03641030530947	0.0684409603116052	0.292109193565098	-5.02699736630238
FAM199X	0.409865007704112	6.21183758829337	2.03639771111156	0.0684424113703633	0.292109193565098	-5.05257305738495
TMSB4XP8	0.719014207592259	7.90569156601152	2.03638433610077	0.0684439524234339	0.292109193565098	-5.11347482570688
PCDHGA6	-0.992692060272451	-1.13110792900466	-2.03630619169251	0.0684529567859217	0.292109193565098	-4.29399386511633
PCDHGA1	-1.18895713840474	-0.894602534682128	-2.03592135020932	0.0684973173284417	0.292236805837073	-4.31535532339447
ENSG00000230291	-0.908887972899575	0.593268688496391	-2.03583434406191	0.0685073502601258	0.292236805837073	-4.45068640435056
NOC2L	-0.606521942789243	7.25103485386992	-2.03555972151834	0.0685390268912805	0.292274790435449	-5.09507119874142
MYO1B	0.377839899503791	7.00655407128721	2.03554481475061	0.0685407467242305	0.292274790435449	-5.08681368080911
PKD1P2	-1.06674830146839	0.711679088794072	-2.03519483167975	0.068581136907528	0.292362725125537	-4.46280125892416
SELENOKP1	1.77414634867528	-2.87587641244388	2.03515385418246	0.0685858674310924	0.292362725125537	-4.16372810448457
NT5DC1	-0.373512802523805	5.99433921751358	-2.03479377063504	0.0686274494473329	0.292444695472517	-5.04359953082098
MIR325HG	1.08305628379075	0.0758310740088958	2.0347751257016	0.0686296031902446	0.292444695472517	-4.40471253298108
BCLAF1P1	1.16160857347368	-1.70919699786598	2.0344683778643	0.0686650458969939	0.292492313129577	-4.24869319905848
LIPG	0.815011011147369	4.20794653284167	2.03446628239585	0.0686652880741199	0.292492313129577	-4.8777533538914
ENSG00000297941	-1.19046116129638	-2.97389628378963	-2.03407891390977	0.0687100708225361	0.292630845881775	-4.15889696941428
ENSG00000286123	0.948117964987154	-0.704287848666773	2.0338290223568	0.0687389748274165	0.29266743750336	-4.33554365772742
SLC1A3	0.734392842749577	4.95620040836857	2.03379261020847	0.0687431874405595	0.29266743750336	-4.96536808173115
ENSG00000258114	-1.77481681196873	-3.97231073225955	-2.03367734206185	0.0687565247106023	0.292672012710531	-4.10004195985062
ENSG00000287477	2.14940511746219	-0.740573229558829	2.03346070008052	0.0687815982026817	0.292726534290907	-4.33282943176435
TTLL12	-0.716004245806202	7.27042256105821	-2.03327120708236	0.0688035366333147	0.292767696350031	-5.09929928344292
MED16	-0.603446838227212	6.06316220662759	-2.03292047045976	0.0688441603795105	0.292888337928302	-5.05031789381077
KBTBD8	-0.851820756680657	3.43600299882276	-2.03229247452266	0.0689169540274592	0.292962767440067	-4.7771349503631
CIB2	-0.577483223887485	5.76259303347516	-2.03228719089701	0.0689175667829559	0.292962767440067	-5.03357500213444
GFPT1	-0.401084693388847	6.93348679953346	-2.03214183377245	0.0689344262360967	0.292962767440067	-5.08954574331349
PPFIA1	-0.445257355293237	6.13359556024782	-2.0320110374251	0.0689496001658584	0.292962767440067	-5.05549326271802
MRPS33	0.587688340669497	5.12368591324876	2.03200831942913	0.0689499155191246	0.292962767440067	-4.98426185302808
PHETA1	-1.15488774109403	3.36665124568183	-2.03193613506525	0.0689582911495128	0.292962767440067	-4.76822954226853
NFU1	0.509518772946485	4.97595887945789	2.03193232320038	0.0689587334710546	0.292962767440067	-4.97024836761954
NHS	0.73802233396651	5.24374341558262	2.03192266960956	0.0689598536673355	0.292962767440067	-4.99517309407888
EXOC3L2	-1.20228615868685	1.70815970602498	-2.03155304866314	0.0690027571640028	0.293092864430193	-4.56793690735553
ENSG00000261821	-1.08471382665182	-1.37274263406589	-2.03138104744478	0.0690227306795307	0.293125536143836	-4.28069864743937
HMG20A	0.4319317051642	7.17513351924281	2.03127491070687	0.0690350584541617	0.293125732098466	-5.09930113754388
ENSG00000298376	-1.76953624280404	-3.35306412503961	-2.03091696516273	0.0690766491347441	0.293250063913901	-4.13962582878722
DDN	-0.987186753784078	-0.0820811168661904	-2.03081144820245	0.0690889139560006	0.293250063913901	-4.39636689518766
NHP2	-0.496884215569105	6.52779054577175	-2.03031634044487	0.0691464905393495	0.293395423688329	-5.0766064120726
DNAJA1P3	1.45602704026499	-0.354610940497436	2.03030554732119	0.0691477461870722	0.293395423688329	-4.37251497422643
LINC01705	-3.06074779954844	-1.16466930859592	-2.0298747855765	0.0691978776180258	0.293533263534937	-4.30060240219523
HNRNPA3P5	0.819822595960874	5.59570517590149	2.02981507080106	0.0692048298450199	0.293533263534937	-5.02615296495018
RBPJL	-1.2387912546048	-2.19701024563064	-2.02855692232864	0.0693514617939571	0.29410293863475	-4.22012853701687
SYS1-DBNDD2	-2.07118864397155	-3.4386557018299	-2.02823942524401	0.0693885110701095	0.294207780016043	-4.13824264533583
ERO1B	0.692466435486622	2.44444545228074	2.02778543204939	0.0694415207685731	0.294222489069304	-4.6563493424673
DCAF5	0.35625608861332	5.89641255688335	2.02769425193475	0.0694521718590469	0.294222489069304	-5.04905767370061
ENSG00000295325	1.23047090918362	-2.03676234376018	2.02763639331041	0.0694589313411844	0.294222489069304	-4.2333303481853
IRX2	1.46092348212294	4.99957744182203	2.0276324399109	0.0694593932298812	0.294222489069304	-4.97930029900444
ANGPTL1	1.55626536447309	-3.74371738840965	2.02751413167667	0.0694732169124549	0.294222489069304	-4.12141014984204
ALG12	-0.698366384018526	4.96956009611534	-2.02747526522332	0.0694777588156788	0.294222489069304	-4.97658036318321
ARL6IP5	0.482998837251471	5.96533122798511	2.02746756154661	0.0694786590945699	0.294222489069304	-5.05346221298155
RABL3	0.494557553837971	5.38798217528964	2.02736538484512	0.069490600866622	0.294222489069304	-5.01431977829773
TMOD3	0.558818314618897	6.68912120636934	2.0271327476261	0.0695177972726713	0.294285432335375	-5.08819608002116
BRME1	-0.744325348323451	1.02894960680707	-2.02696868052563	0.0695369835434677	0.294314450475606	-4.50581608797028
TRMT44	-0.697788956542091	3.16222877049422	-2.02633111836752	0.0696115885423123	0.294577975840313	-4.74942721639424
RABGAP1	0.406797136562802	5.77061231622435	2.02586702068218	0.0696659429145836	0.294755727626727	-5.04415303053376
CYB5D1	-0.82268523776615	1.73091813632254	-2.0257209902028	0.0696830540508833	0.294757047792168	-4.57927516220916
SCML2	0.384948119543174	5.44851587641215	2.02565357387587	0.0696909549038926	0.294757047792168	-5.02176621913465
RIMOC1	0.662262221647632	5.91364835873397	2.02543184074454	0.0697169468697668	0.294813564074718	-5.05363919410111
CNOT2	0.457269954924976	6.74679320258673	2.02532885595353	0.0697290220472528	0.294813564074718	-5.09327050250235
ENSG00000288930	-1.27331309352653	0.889703050156179	-2.02519091397353	0.0697451991187578	0.294829732087742	-4.49497501685939
PROM2	-1.67922773841177	1.12521160504621	-2.02486421188913	0.0697835270571051	0.294939514834767	-4.51849011994605
FCRLB	1.03451504606549	-2.12003658897083	2.02412837950214	0.0698699260249824	0.295252394553515	-4.23221037571409
UQCC5	0.784553103473344	3.40481900682584	2.02385427732882	0.0699021359741625	0.295312122068886	-4.78595366630286
SIRT6	-0.808058471366722	3.72274269096405	-2.0237226874472	0.0699176041751131	0.295312122068886	-4.82963303616757
PPFIA2	1.24879414280613	0.596245155532877	2.02354424904352	0.069938584510777	0.295312122068886	-4.46956295496733
FARP2	-0.398720357233159	4.81242038429715	-2.02341901909662	0.0699533122775294	0.295312122068886	-4.96671354489929
SRRM5	1.52225483030519	-2.75979898330214	2.02337269613047	0.0699587608678047	0.295312122068886	-4.18830924867514
ENSG00000271265	1.41018663280974	-2.99615943847265	2.02331249327327	0.0699658426340161	0.295312122068886	-4.17284636040617
PKD1P5	-2.12070666827908	1.90582189943238	-2.02293852822098	0.0700098479400295	0.295312122068886	-4.60238611196537
SLC16A4	1.31323513981159	-1.65826926783768	2.02286429971726	0.0700185856794894	0.295312122068886	-4.26976343983903
LINC01933	1.05584334213866	-3.50356036384928	2.02268249071248	0.0700399915036792	0.295312122068886	-4.14221390364389
LRRC45	-1.01246324714034	3.82795186783367	-2.02267762523869	0.0700405644395186	0.295312122068886	-4.84566049267482
RPS11	0.43412013367449	10.0185319058417	2.02264698407819	0.0700441727033901	0.295312122068886	-5.18234387329049
SULT1C4	0.87962179542421	2.62198039039664	2.02258941969245	0.0700509518859877	0.295312122068886	-4.68583621663689
REXO1	-0.660529465427924	5.24432305223718	-2.02256960547322	0.0700532854894922	0.295312122068886	-5.00985477245931
ENSG00000273209	-1.18493887365178	-0.127874213902748	-2.02253564277571	0.0700572855890575	0.295312122068886	-4.40464404351338
CSNK1A1	-0.335090490897641	7.32267061225153	-2.02228032793607	0.0700873632669493	0.295386738317549	-5.1182386456899
VMO1	-1.86770161764967	-3.33233000426233	-2.02209075784831	0.0701097036829696	0.295428724894321	-4.15340666807159
ENSG00000261526	-0.933086158652526	1.15634586678404	-2.02177690891982	0.0701467048520427	0.295441477639899	-4.52626863894911
ZDHHC15	0.531184249853036	3.17945670297692	2.02177452144507	0.0701469863935737	0.295441477639899	-4.75876808405459
MT-CO3	1.333011333668	11.5629333590445	2.02175010217773	0.0701498660822603	0.295441477639899	-5.2082529357113
CCDC144NL-AS1	0.562038177705534	6.34613788909754	2.02138254016363	0.0701932250069342	0.295571930352946	-5.0825696947923
MT-ND1	1.19719769976451	9.97784197042133	2.02114204383681	0.0702216084891842	0.295619612603184	-5.18396035526699
TOR4A	-1.17982926584128	2.07016417837733	-2.02095438432814	0.0702437636652765	0.295619612603184	-4.62360978952806
HERC5	-0.449220149866063	4.16823720708647	-2.02090684793227	0.0702493768825183	0.295619612603184	-4.89373835597346
MRPS34	-0.555857413559922	6.54510654648236	-2.02086690974007	0.0702540932117678	0.295619612603184	-5.09214349345445
WNK4	-1.20298951201712	-0.404176512295093	-2.02046460463834	0.0703016183622732	0.295767446756985	-4.38272128843025
LRRC3-DT	-1.4434825582834	-2.65603868595	-2.02034462783875	0.0703157973430342	0.295774962140676	-4.1996592409974
SGO1	0.374461505939586	5.21000775549402	2.02022650418184	0.0703297599522126	0.295781564895059	-5.01050095772547
DACT3	1.18243063979343	2.28099391043724	2.01985723379317	0.0703734258053177	0.295913064428386	-4.64932007615796
ENSG00000307181	-0.967675449949675	0.558006267844666	-2.01929696109966	0.0704397263134634	0.296139677280858	-4.47239019992366
IK	0.390620741632345	6.02276429307028	2.01912818746362	0.0704597098751423	0.296171520885879	-5.06971816117326
ARSK	0.574842593691636	4.64361331895838	2.01868534263827	0.0705121701233333	0.296339842284486	-4.95542389604949
ENSG00000279088	1.10529194658317	2.06660016238826	2.01858029927484	0.0705246191646259	0.296339979859529	-4.62684700073449
BRDT	-2.05322987829999	-3.7101000716944	-2.01843811653089	0.0705414730193914	0.296358622875165	-4.13608789162181
PRMT7	-0.595373953391741	5.15569718316918	-2.01791100634519	0.070603987993826	0.29656905692514	-5.00922754600146
EPHB2	-0.521917784867442	5.87004566113313	-2.01720347991454	0.0706879823459171	0.296869624256555	-5.06388771661198
CAVIN2	1.46241651187198	-3.53188807442246	2.01671265173105	0.0707463065902115	0.297062297570123	-4.14894995192344
TBX19	0.949727590421014	0.740243499730451	2.01608978852245	0.0708203856334015	0.297320616319464	-4.49443662845765
CARD8-AS1	1.10948263718913	-2.02160060665732	2.0158278937984	0.0708515554107954	0.297320616319464	-4.25164031779688
MFHAS1	-0.560659098772655	6.12194358672832	-2.01577569256999	0.0708577697604536	0.297320616319464	-5.08030743464439
MAVS	-0.455218742353022	5.97374390476082	-2.0157265813428	0.0708636167267246	0.297320616319464	-5.07231601436967
DKK1	-1.02218434233147	-1.8465337586067	-2.01567202103775	0.0708701129694319	0.297320616319464	-4.26533199458163
RAB33A	1.19684122472021	2.77467539235648	2.01547681704576	0.0708933596011535	0.29732884327458	-4.71581294017824
ENSG00000295750	-1.5510035831301	-4.02493310912327	-2.01544634237938	0.0708969894446573	0.29732884327458	-4.12264435272279
ENSG00000289222	-1.13583213389267	-0.837051728776708	-2.01521242138748	0.0709248576533275	0.29739346057835	-4.35121928885837
FOXI2	1.22615447507852	0.284141028786729	2.01506378249908	0.0709425711314123	0.297415483083334	-4.45337253393274
PSMA6	-0.680790654828506	3.36519044144483	-2.01495766225185	0.0709552201619761	0.297416269688423	-4.79432717000495
RPS21	0.703097476048224	7.15901081624065	2.01412273596096	0.0710548135923784	0.29778142862323	-5.12564180175619
NR5A2	1.39169550242905	4.25455169593501	2.01350397126647	0.0711287073572131	0.297986586077905	-4.9163377453041
CCT6P2	1.86599627511237	-1.92878016504048	2.01350371794057	0.0711287376245789	0.297986586077905	-4.26210041053587
ENSG00000303946	1.31312991463609	-1.88580790433702	2.01300436508991	0.0711884238734937	0.29809102683205	-4.26615664142454
ENSG00000302916	-1.92964717650791	-3.87532011853603	-2.01285570605473	0.0712062017859891	0.29809102683205	-4.13452068326844
ACAD9-DT	0.843912621005485	0.295393869424683	2.0128221165699	0.0712102192817724	0.29809102683205	-4.45777764802862
ENSG00000280511	-3.14691087494749	2.09969710191917	-2.01267759549431	0.0712275072709586	0.29809102683205	-4.63960466021992
NDUFAF3	0.661205603402753	4.59560095448277	2.01265414277509	0.071230313119507	0.29809102683205	-4.95928546755829
MEX3A	0.601694531228337	7.00217926950992	2.01254496082295	0.0712433768573546	0.29809102683205	-5.12271157076887
ENSG00000278385	-1.05002250188459	-2.11800058314835	-2.01241457464642	0.0712589806610462	0.29809102683205	-4.24935340322225
BRD7P2	0.452751049592314	4.94624742930325	2.01239630804989	0.0712611669504289	0.29809102683205	-4.99778878711673
TTK	0.435136722755691	6.98612638291033	2.01235530740791	0.0712660744586113	0.29809102683205	-5.12243849529164
RC3H1-DT	0.997907316036614	-2.66270170125986	2.01224809793435	0.0712789082350162	0.29809246589191	-4.21082584896547
GPR26	1.4803213105311	-0.650806461078312	2.01195529414114	0.0713139701359461	0.298186847448253	-4.37291626734854
GPAA1	-0.702630062607982	5.54021565973886	-2.01156987299625	0.0713601473083394	0.298225113765066	-5.05064065079768
MFSD9	-0.474299521817703	3.75240305867445	-2.01148336396335	0.0713705157955033	0.298225113765066	-4.85266786057288
EPHA2	-0.559067877489574	5.09947898639574	-2.01143661177855	0.0713761198407363	0.298225113765066	-5.01418088335758
NSA2P1	3.09462696599145	-2.72389864887441	2.011406296848	0.0713797538227719	0.298225113765066	-4.20787552586029
WASF1	0.502757502211105	5.98730492760466	2.01135754475279	0.0713855983131446	0.298225113765066	-5.07989576177775
STK10	-0.546261829184917	4.52182307049682	-2.01116115269775	0.0714091467182537	0.298232725922991	-4.95300153171867
IGFBP6	-1.75845860746173	1.63476913409451	-2.01103360375183	0.071424444404322	0.298232725922991	-4.59151977088831
ADCY5	-1.01694507720418	4.02927920016238	-2.0110297450273	0.0714249072516788	0.298232725922991	-4.8908082374379
HDAC7	-0.706645585795428	6.22277253368725	-2.01070205118747	0.0714642238731153	0.298344696725493	-5.09335012516127
MAPRE3	0.862661685364298	3.49755691559141	2.0105657275801	0.0714805859479508	0.298360815813176	-4.81922280922089
ENSG00000271452	1.27540567142142	-0.422338015532405	2.01018046222265	0.0715268460334633	0.298477487308366	-4.39639459667325
NMNAT1	-0.575801055937861	2.22629039493556	-2.0100538050771	0.0715420603341176	0.298477487308366	-4.65802839654754
HNRNPU	0.349806980136371	9.90405577354844	2.00996666813981	0.0715525291610088	0.298477487308366	-5.20011690299473
SCRIB	-1.19391465652125	5.88657653251598	-2.00980989765553	0.0715713675516413	0.298477487308366	-5.07643117811051
GOLGA2	-0.557976135009016	5.46771975630809	-2.00976709887267	0.0715765112969498	0.298477487308366	-5.04802853402312
DPY19L2P3	1.24139367865993	-0.43717464140962	2.00962896737338	0.0715931149214237	0.298477487308366	-4.39586210070247
CAB39L	-0.577895466876944	3.10873674040493	-2.00960431224058	0.0715960788888588	0.298477487308366	-4.76816153007342
ENSG00000298762	-1.75108631570899	-3.44267596141953	-2.00880779480625	0.0716918960705034	0.298795137524183	-4.16545312249412
SURF4	-0.465832945300394	8.05567705659996	-2.00876280026733	0.0716973122973561	0.298795137524183	-5.16087953107928
PCDH19	0.872641772984537	3.22801511972426	2.00853880072108	0.0717242820238676	0.298855348998542	-4.78570218666798
HSD17B1-AS1	-0.788269066854425	3.96896675205377	-2.00819687277014	0.0717654688492197	0.298961584508041	-4.88714881948009
ENSG00000258433	1.1784039793005	-0.0183710771559931	2.00802088972861	0.0717866755125565	0.298961584508041	-4.43630983122268
ARFGAP2	-0.633412347015686	5.98021668943428	-2.00801523825731	0.0717873566353367	0.298961584508041	-5.08472000081829
RPL7P46	-1.43016323069901	-0.851525900268752	-2.0078097145947	0.0718121307536981	0.299012582815512	-4.36087741335313
POMT1	-0.642838371835425	4.78472319833948	-2.0075465676104	0.0718438626236866	0.299072131866407	-4.98846651895799
NDUFA12	0.889794007576886	5.63952411468722	2.00748329933745	0.0718514938669282	0.299072131866407	-5.06411097879931
ENSG00000307343	-1.22336780309074	-1.36188072716377	-2.00696128424082	0.071914487012378	0.299282138016465	-4.31751115476446
COMMD6	0.871191708681392	4.59274600122201	2.00668300166854	0.0719480894607376	0.299369778793484	-4.96824192702404
CACTIN	-0.612602743680679	4.8405056815887	-2.00641188888485	0.0719808403779041	0.299453846487613	-4.99620858871275
MIA3	0.547569263119033	6.25751511762929	2.00621475715658	0.0720046630621885	0.299500748223293	-5.10206435264712
ENSG00000277597	-1.95668910222852	-3.71971987932376	-2.00607170116146	0.0720219555298282	0.299501255411276	-4.15287842455687
ZSCAN5A-AS1	-1.64828987573576	-3.76200662510128	-2.00593040447397	0.0720390391720987	0.299501255411276	-4.15063752156428
FSD1	-0.681135153901296	5.36376584514285	-2.00590235253895	0.0720424312781722	0.299501255411276	-5.0458487584273
ENSG00000276831	-1.84541696880902	-3.9077722442319	-2.00559114585805	0.0720800732123295	0.29952987955234	-4.14284732992497
CCDC183-AS1	1.17478063923378	-0.815030367866255	2.0055596649409	0.0720838820106673	0.29952987955234	-4.36749180121934
UNC45A	-0.740176251044244	6.52798140539059	-2.00553417226578	0.0720869664452442	0.29952987955234	-5.11539276219159
ENSG00000305271	1.36000784311375	-2.32007180436687	2.00501694166964	0.0721495745540022	0.299709773228538	-4.24524848439084
SNORD117	1.49507703827299	-3.4499635549337	2.00496903569795	0.07215537591533	0.299709773228538	-4.17042217244705
LTBP1	0.419597115308908	5.94778211513443	2.00459881976726	0.0722002234750994	0.299797464413032	-5.0881889282234
ENSG00000270558	1.11522474550662	-1.40752306367603	2.00458737762167	0.0722016099822394	0.299797464413032	-4.31714874229475
LCP2	0.841681427433581	-0.78613988916551	2.00432663662426	0.0722332121837304	0.299876513339554	-4.37194020285886
TBX22	0.84868124408576	-0.322391166138005	2.00410873911628	0.0722596316759992	0.299929546191137	-4.41453780826011
CACNA1A	0.630683210163043	4.03911038083156	2.00401401167216	0.0722711199625102	0.299929546191137	-4.90297898937739
LINC01013	-3.8060430926069	4.43741518565008	-2.00368679042139	0.0723108176924863	0.299949753960155	-4.95439716250706
SERTAD4	1.01359250336844	2.55892799933038	2.00368578676844	0.072310939484921	0.299949753960155	-4.70716969364541
ENSG00000290002	-1.19099378874069	-1.69429974822531	-2.00366310551055	0.0723136918878255	0.299949753960155	-4.29491168168512
ACAA1	-0.629883056955979	4.57727495956647	-2.00352396896835	0.0723305784630134	0.299967665712727	-4.97136465363083
LINC01942	1.15978952519514	-2.9886055562442	2.0032885400077	0.0723591602069401	0.30003406474271	-4.20186903575969
LRRC73	-1.46211792595892	-2.06271847960888	-2.00299977404557	0.0723942317290523	0.30012672080702	-4.26713831612066
ENSG00000305185	-1.40291797256554	-3.35896481888446	-2.00289370459573	0.0724071182098808	0.30012672080702	-4.17891681225831
MARCHF11	-1.5627718257385	-2.56525543514756	-2.00279402003684	0.0724192309518427	0.30012672080702	-4.23109640142321
RRS1	-0.762541496113032	4.65988254049346	-2.0025698548124	0.0724464763945346	0.30018750904659	-4.98235859631893
ENSG00000296118	-1.48842630873118	-3.71801454995338	-2.00217776068294	0.0724941554109427	0.30033292955962	-4.15843052026247
B3GALNT2	0.342859117571856	5.92770858979767	2.00181845916658	0.0725378727409596	0.300461889744617	-5.09135205686848
MEAK7	-0.518679944407086	4.89936037878568	-2.00142572612686	0.0725856861656116	0.300598065002173	-5.01013522496335
HINT2	-0.945422095148484	0.734298625021673	-2.0011997685932	0.0726132088844229	0.300598065002173	-4.51634231136178
ENSG00000268723	1.06007578067727	-2.89937267854902	2.00108046472199	0.0726277446328538	0.300598065002173	-4.21087886960038
ENSG00000253785	-0.768324496283516	3.55910006531867	-2.0010723138751	0.0726287378158767	0.300598065002173	-4.84228058054985
GOLGA7	0.601537383704584	6.04559535570734	2.00103141201865	0.0726337219117414	0.300598065002173	-5.09922403381681
LGI1	-2.55500218104543	-0.351045194967957	-2.00082741732106	0.072658584491761	0.300648827334407	-4.4168207845228
TMEM235	-2.01017813227087	-2.66113739016521	-2.00033717077817	0.0727183677835872	0.300812431873302	-4.22799483201384
DTX2	-0.595535275653906	4.70245066601816	-2.00029649061202	0.0727233306200592	0.300812431873302	-4.9907344514848
STYXL1	-0.406603896457676	4.98383763034267	-1.99997642225222	0.0727623889467342	0.300921839714383	-5.02086277349864
ENSG00000293338	0.948400935321826	-0.708967122479068	1.99969035222283	0.072797315117862	0.300971511729741	-4.38581221904341
BSG-AS1	0.88107005831242	1.92894658179437	1.99952679694027	0.0728172906000684	0.300971511729741	-4.64067858830281
KIF20A	0.359632634048399	7.26892824840283	1.99947931725704	0.0728230903974925	0.300971511729741	-5.15214615513086
RPS27L	0.610999924998123	5.19565303627959	1.99946498672506	0.0728248410038655	0.300971511729741	-5.04156295732616
TRIM33	0.378920463000652	6.9084004091706	1.9992184549545	0.0728549633280317	0.300997346138927	-5.14015273374739
FIGN	0.500443826235114	4.5437003021884	1.99920739514108	0.07285631493881	0.300997346138927	-4.97415654226872
DGKZP1	-0.601594116887495	5.53222576852156	-1.99889875388909	0.0728940432499825	0.301101095577593	-5.06979293351082
PHF11	0.72549060853224	2.9431320163697	1.99831399979082	0.0729655739991754	0.301281746461592	-4.76378627380096
CALCRL-AS1	-1.40538102977209	0.247526307301739	-1.99814794648946	0.0729858987027947	0.301281746461592	-4.47539547552588
SLC9A9	0.775873604925067	-0.043498981876412	1.99812933983756	0.0729881764640344	0.301281746461592	-4.44880148829206
EIPR1-IT1	1.41369746327147	-3.48512145148517	1.99810801568768	0.0729907869740922	0.301281746461592	-4.17794842045451
TMEM237	0.428157649660338	5.35606250161287	1.99802546152233	0.0730008941126823	0.301281746461592	-5.05747825153572
ATPAF1	0.367271113507758	6.48517287789499	1.99757876410097	0.0730556062877343	0.301412088021597	-5.12597737699313
GOLGA7B	-1.4077496356601	-2.92040527196295	-1.99736251803582	0.0730821062845603	0.301412088021597	-4.21477962883016
ENSG00000296527	-1.67929176541656	-2.48748568507697	-1.99723043553044	0.0730982968573045	0.301412088021597	-4.24451665133488
LINC03014	-0.903931793292001	-1.25169352775676	-1.99721054892287	0.0731007348346577	0.301412088021597	-4.34121357651407
DDX50	-0.409267341944894	6.10985981339531	-1.99716834954898	0.0731059084750105	0.301412088021597	-5.10870221964682
RHOT1P3	1.02377845105353	0.557288256358279	1.997149260172	0.0731082489444431	0.301412088021597	-4.5056803739288
RPS4XP1	1.6994423212917	-1.39148497704766	1.99659251509897	0.0731765401576572	0.301641534359724	-4.33020203298325
MEF2C	1.41663440260091	0.341891162869068	1.99621790204759	0.073222524533183	0.301778966160159	-4.48698875613487
BPTF	0.539070105845226	7.907792998926	1.99583481447499	0.0732695772721078	0.301822870640389	-5.17703098503274
TSNARE1	-0.885485614114493	3.18503839363539	-1.99583333793043	0.0732697586837159	0.301822870640389	-4.7995157784969
ENSG00000301880	1.74706901516907	-3.24509062784934	1.99582229503784	0.0732711154518966	0.301822870640389	-4.19599971099977
INTS3	0.510877250550529	6.98203068696703	1.99553078086713	0.0733069404411493	0.301918334341486	-5.14855335829703
ENSG00000305970	-1.35144742597199	-1.4355941912374	-1.99512941104593	0.073356292848211	0.302069468842004	-4.3286389796333
MAP3K4	0.423930643406781	5.85932743148624	1.99452014076976	0.0734312683887211	0.302235179154619	-5.09861396078475
CD46	0.446298732232718	6.86114474824501	1.99449387621824	0.0734345020694461	0.302235179154619	-5.14578517784817
NFATC3	0.403739919448863	5.51284674329972	1.9943913361189	0.0734471280458059	0.302235179154619	-5.0753683319784
ENSG00000255139	-0.97480562607207	-1.82921710890724	-1.99437757836208	0.0734488222223845	0.302235179154619	-4.29765740366245
LACC1	0.668549299874268	2.32511857992108	1.99419137346851	0.0734717557351007	0.302235179154619	-4.6937633821193
MDM1	0.407647628460857	4.09381350868384	1.99406554940843	0.0734872563877221	0.302235179154619	-4.92557297185057
ENSG00000307177	-1.06772967004726	-3.82457324094712	-1.99406517648157	0.0734873023342964	0.302235179154619	-4.16362749296508
LINC01999	-1.07724256700069	-2.07267891521062	-1.99397964190537	0.0734978413631126	0.302235179154619	-4.27943266873058
GJD2	-1.59256896930999	-3.85825826433053	-1.99341146243546	0.0735678849157008	0.302434893540719	-4.16261784813188
KCTD13-DT	-0.795117580227882	1.58253121956058	-1.99338011267203	0.0735717514516871	0.302434893540719	-4.6128628105324
CHAD	-1.71828983314159	-3.87059507681817	-1.99318020913117	0.073596411130377	0.302484164706167	-4.16223990186291
KCNA3	0.849955903742942	1.3905978422062	1.99296578046594	0.0736228712346833	0.302530799762437	-4.5936022774322
CD99L2	1.21332565719532	5.4382721581711	1.99288283348172	0.0736331091389784	0.302530799762437	-5.07206709236386
THYN1	0.386324774552473	6.07903774192846	1.99268463173209	0.0736575780223501	0.302579245208164	-5.11403412848549
RELT	-0.740493317121985	3.11527087363964	-1.99240403248795	0.0736922323111536	0.302669507583945	-4.79549921274096
ENSG00000308173	-1.56290349344772	-3.17428546118541	-1.99198702026225	0.0737437620524162	0.302829038008434	-4.20591008453438
CLCN5	0.498450471402142	5.18105330295535	1.9917065185386	0.0737784423911033	0.302919333312999	-5.052301244958
AFAP1L1	-0.558346829714465	3.22852199313936	-1.99150483791512	0.0738033870125401	0.302969631549414	-4.81199806670836
KISS1R	-1.51240253486868	-0.399640406537159	-1.99135514945237	0.0738219061716339	0.302993539913738	-4.42645323160746
KATNBL1	0.431792162372313	4.74532778444912	1.99037136538568	0.0739437266920177	0.303441355735624	-5.010882410488
SLCO1A2	0.810731794360423	3.30356884405369	1.98987270280344	0.0740055474613232	0.303535011776629	-4.82465331548633
SPP1	0.945955448336602	5.86998991283583	1.98965452364198	0.0740326110889049	0.303535011776629	-5.10682137225713
STAP2	-0.685962825014906	3.36986227647547	-1.98961271712026	0.0740377979625905	0.303535011776629	-4.83404443632339
LINC02987	0.471181565766007	3.37936486190855	1.98957587739353	0.0740423688963452	0.303535011776629	-4.83539629623868
LINC01213	-1.24840412417877	-3.42785513749978	-1.98956477374389	0.0740437466471379	0.303535011776629	-4.1934503125793
ENSG00000272667	-1.03987550445885	0.195866675441971	-1.98953775597681	0.074047099136496	0.303535011776629	-4.48353374908935
TTC17	0.420797346550085	6.48466943506291	1.98946946577857	0.0740555735356479	0.303535011776629	-5.13857810133999
TVP23C-CDRT4	-1.20074633548258	-1.98548055749257	-1.9891081808382	0.0741004219695201	0.303647435934924	-4.29311023254439
CD2BP2	-0.614657523315336	6.24267970017859	-1.98904355207981	0.0741084474094329	0.303647435934924	-5.12807835157482
ENSG00000288805	-1.48791166427783	-3.83648935211106	-1.98851294500236	0.074174367770789	0.303758764253467	-4.17068323933834
ENSG00000272420	1.15812955433243	-2.99507011969848	1.98850183948207	0.0741757480616904	0.303758764253467	-4.22244623737213
ENSG00000310247	-1.44944869211631	-3.90223965694347	-1.98846453715238	0.0741803844971603	0.303758764253467	-4.16701106732737
CCDC174	0.420763365548535	4.58319905304546	1.98841512220374	0.0741865268711384	0.303758764253467	-4.99547488954356
COL21A1	-1.45198952422237	0.933855043490272	-1.98820333813252	0.0742128574548573	0.303807647781476	-4.55515911728444
OST4	0.887312689437668	6.53233888626762	1.98811434792284	0.0742239240044324	0.303807647781476	-5.14271175741939
SAV1	-0.461813940595969	6.18514583188452	-1.98787521775272	0.0742536691797479	0.30387728434723	-5.12703239351138
SREBF1	-0.628778377672989	5.83752906905504	-1.98739027684901	0.0743140249037444	0.304072146815989	-5.10835004905992
ENSG00000302999	-0.736675295702631	-0.267832231743638	-1.98725629102812	0.0743307088970083	0.304088280638481	-4.44456752336512
LNMICC	1.75865163937687	-2.27553423638545	1.98705962361974	0.0743552044111423	0.304136360527975	-4.27433628373049
CNKSR2	-0.88197972985008	4.34850329790394	-1.98670991826626	0.0743987799894537	0.304204379907214	-4.96980405984851
PIGO	-0.390931951078034	5.05005385756911	-1.98661056933332	0.0744111638920505	0.304204379907214	-5.04810264351261
DLEU7	0.770952945802106	2.00506919409403	1.98659724030965	0.0744128255099486	0.304204379907214	-4.66878972379986
TIMM8BP2	1.61229746853287	-2.2320240513805	1.9865170970118	0.0744228170393524	0.304204379907214	-4.27831138768916
ENSG00000304958	-1.95526446275104	-2.8160904385667	-1.98568222356156	0.0745269763452629	0.304577969937053	-4.23836331154566
FAT2	-1.50486385904282	0.320470283060748	-1.98520023217309	0.0745871721982232	0.304674474563055	-4.50149951409147
MOSPD3	-0.743388650767209	3.79540995625365	-1.98514545926337	0.0745940156695995	0.304674474563055	-4.89926383320558
MELTF	-0.60021231910613	2.31908203381297	-1.98513444068178	0.0745953924313999	0.304674474563055	-4.70687210346014
CCDC71L	0.614435251894978	4.51951532080422	1.9849193879494	0.0746222678541263	0.304674474563055	-4.99342346376567
BORCS6	-0.781936016647403	2.28931875641472	-1.9848923284804	0.0746256501555319	0.304674474563055	-4.70375614242603
SERTAD2	0.548999196330456	3.86637251214042	1.9848084838292	0.0746361312414152	0.304674474563055	-4.90945342498998
PIR	0.666490488260878	5.77224520657289	1.9847779493335	0.0746399485804744	0.304674474563055	-5.10831267109738
MFAP3L	1.05493679709244	3.6061855034161	1.98453094459676	0.074670835177569	0.304748430776853	-4.87424203177634
NFKBIE	-0.704053325969543	3.51561458693769	-1.98390702432244	0.0747489064648432	0.304919205354044	-4.86278209907771
DNAH9	1.02436573802547	0.512258631425059	1.98389594453484	0.074750293573608	0.304919205354044	-4.5213291993783
ENSG00000305936	0.973656034809412	-0.00401256120748151	1.9838055872211	0.0747616065539441	0.304919205354044	-4.47376749354863
LINC01144	-0.861532918967543	-0.601297861877384	-1.98378821171607	0.0747637821985111	0.304919205354044	-4.41916434430009
TMIE	-0.802045980594551	-0.112199925981216	-1.98352098157935	0.0747972504584016	0.304960188721686	-4.46430833543967
PXYLP1	-0.353698506457581	4.80345517248373	-1.98341890704059	0.0748100381227133	0.304960188721686	-5.02792962396437
IVNS1ABP	0.373413321040523	8.58186058357345	1.98335875605134	0.0748175746620015	0.304960188721686	-5.21380694787429
ENSG00000301079	-0.966404423313315	-1.74316922639558	-1.9832999695443	0.0748249409290732	0.304960188721686	-4.32058718532171
PABPN1	-1.26437938805007	3.87475831203765	-1.98241223870295	0.0749362612144025	0.305361746014025	-4.91427418543684
ST7L	0.476802105725068	3.58869929967108	1.98177181305411	0.0750166662759744	0.305553386107983	-4.87607707058815
FBXO44	-0.604011577799772	4.16623113386453	-1.98169467451479	0.0750263564371193	0.305553386107983	-4.95422492902503
NDUFS4	0.484516073169024	5.31430884613417	1.98132169359781	0.0750732269643492	0.305553386107983	-5.07995689151766
ENSG00000271011	-1.26876787263604	-2.42865467812256	-1.98122914168096	0.075084861726914	0.305553386107983	-4.27163164343308
INO80D-AS1	0.831152050986492	2.89771576788306	1.98117793538569	0.0750912996313477	0.305553386107983	-4.78416745217012
ENSG00000308220	-0.972262107775937	-0.491741017987275	-1.98115358571139	0.075094361172573	0.305553386107983	-4.43311738847286
MYH14	-0.767683573127751	4.90281890214252	-1.98097313001495	0.0751170539392552	0.305553386107983	-5.04220785029653
PSMC3IP	0.49403106762463	4.25962164153938	1.98086809937217	0.0751302647752683	0.305553386107983	-4.96752621612208
ATXN7L3	-0.765987823113176	6.75494774306609	-1.98075780347335	0.0751441402267905	0.305553386107983	-5.16312249273283
BTBD6	-0.920829184744657	3.33459775334428	-1.98056479866882	0.075168426416446	0.305553386107983	-4.84314853606594
HNRNPRP1	1.58996586700852	-1.40803205714003	1.98054232577127	0.0751712547059494	0.305553386107983	-4.35224638280442
ENSG00000303889	-2.23315678808574	-2.80241016043243	-1.98050352795816	0.0751761377758825	0.305553386107983	-4.24665191094143
RRP1	-0.694554206428754	5.25156516400385	-1.98044320686762	0.0751837303441285	0.305553386107983	-5.07602300204507
SLC30A1	0.502037262328413	4.67319175068603	1.98017920206284	0.0752169688903323	0.305553386107983	-5.0185797247299
TMEM63A	-0.808431284663985	5.3086314326631	-1.98017906541498	0.0752169860980449	0.305553386107983	-5.08125237705189
MCM3	-0.452217575942871	8.73670618104081	-1.98013675860853	0.0752223138627943	0.305553386107983	-5.22245468809776
ENSG00000287625	-1.38678540510145	-2.32390215473053	-1.98007929642112	0.0752295507364736	0.305553386107983	-4.28083047593109
FCGBP	-1.35766802379563	-0.0986068454427367	-1.98000527299076	0.075238874320894	0.305553386107983	-4.47077219203974
ARPP19P2	2.03990159557689	-3.62763481055292	1.97988500737051	0.0752540246297264	0.305553386107983	-4.19492281022058
ZNG1B	0.403162425363379	4.58124343717202	1.97985239978001	0.0752581328228959	0.305553386107983	-5.00849174885458
NTMT2	0.920865462230307	-0.0704504819638415	1.97981494161924	0.0752628523936599	0.305553386107983	-4.47362376272729
ENSG00000283828	-1.36260859559601	-1.85891027866179	-1.97976219720197	0.0752694984394089	0.305553386107983	-4.31649234375506
TCEAL9	0.538544784250665	6.47464320235725	1.97969676667934	0.0752777437597914	0.305553386107983	-5.15332266326482
A2ML1	-0.940538960907385	3.54440030837378	-1.97953221564744	0.0752984836388259	0.305585599219156	-4.8734398168211
SPSB4	0.710819985651642	5.26430771319834	1.97907914585784	0.0753556159011682	0.305765468329341	-5.0792379617169
RPS4XP11	1.90705028088591	-0.228944185028845	1.97828904691338	0.075455344995973	0.306067509674576	-4.46142981739009
TAF8	-0.425899693851775	4.48627915102033	-1.97828622454272	0.0754557014675161	0.306067509674576	-4.99964804795908
SLC11A1	-1.17442582755637	-3.46945463914217	-1.97789724442116	0.075504845620695	0.306172464518865	-4.20727167986922
ENSG00000301085	0.897274997786154	1.40699341014921	1.97787835544076	0.0755072328385653	0.306172464518865	-4.61809631848305
RABL2A	0.591623785564634	3.06541350728279	1.97769521061189	0.0755303826310075	0.306214309878419	-4.8114253088555
FMC1	1.28370428591212	0.494044357281587	1.97735685761206	0.075573168495534	0.306335735815712	-4.52940364625612
VPS50	0.507610113340658	3.83344240482867	1.97724013479224	0.0755879337598168	0.306343558336822	-4.9166498873647
ENSG00000294336	1.39687664624543	-3.74400211219496	1.97687146861824	0.0756345872625118	0.30634735779588	-4.19224867678981
C8orf48	0.697957308386112	0.288676403220383	1.97679736334808	0.0756439683031964	0.30634735779588	-4.51110735939968
ZDHHC9	0.414687088714233	7.04456159336028	1.97660167497704	0.0756687458855368	0.30634735779588	-5.18018384334865
ENSG00000298837	-1.24515974580029	-3.10300256906457	-1.97656243866827	0.0756737148071501	0.30634735779588	-4.23229020004069
ENSG00000293716	-1.71887870915544	-3.63744342120122	-1.97642209747747	0.0756914902480801	0.30634735779588	-4.19917277218811
ENSG00000290999	-1.11645790764057	-2.41645872631972	-1.97638301245574	0.0756964414056963	0.30634735779588	-4.27944238892063
ENSG00000293025	1.87595433866693	2.08372848697162	1.97624284801377	0.075714199459002	0.30634735779588	-4.69332946528092
AGBL3	0.716373771801365	0.499635814491269	1.97619033155682	0.0757208540076849	0.30634735779588	-4.53167356795061
MCCC2	0.486843439669481	7.17124653167531	1.97617084836188	0.0757233229327481	0.30634735779588	-5.18518641723026
SLC10A5	1.75603245320669	-3.69006579806493	1.97615366322164	0.0757255007092785	0.30634735779588	-4.19642169103342
ENSG00000305712	-1.36827834470047	-3.67929045184717	-1.97601685360478	0.0757428399212432	0.30634735779588	-4.19724980581804
PARD3B	0.568370260314366	2.29452448283583	1.97601639150553	0.0757428984938822	0.30634735779588	-4.7178753986717
SCART1	1.46263484929528	-2.29382847835504	1.97582260120397	0.0757674658136979	0.306394799487551	-4.28912980522004
ENSG00000272688	-0.75711804699542	0.484697062473295	-1.97552260650755	0.0758055116938284	0.306487219636076	-4.53126811579541
KNTC1	0.448912249102491	6.58294549526238	1.97543990621898	0.0758160030473622	0.306487219636076	-5.16450355836797
SEC63P1	0.917884982055083	2.2275993916643	1.97500607854932	0.0758710607140091	0.306544832912878	-4.71163383315181
TIGD5	-1.08214498838347	2.7053497937574	-1.97470542420588	0.0759092391691327	0.306544832912878	-4.76957258702057
ACTL6B	-0.908220390028609	-0.200110630398538	-1.97465303708393	0.0759158933671013	0.306544832912878	-4.46945247193385
SCG2	-1.03573013904601	-0.97721843325929	-1.97458086994984	0.075925060912768	0.306544832912878	-4.39851537882712
MIEF1	-0.501969863520137	6.02337640551409	-1.97453477850703	0.0759309165508388	0.306544832912878	-5.13917156147148
PIK3AP1	0.888529994176224	2.55216791618474	1.97442915851112	0.0759443365277237	0.306544832912878	-4.75105724692312
LNCPRESS2	0.65133110966429	5.9290094454821	1.97422073350707	0.075970825338158	0.306544832912878	-5.13430187852362
VDAC1P1	-0.646953041770202	4.07599903615496	-1.97414871992931	0.0759799795842282	0.306544832912878	-4.95395277865825
TCP11	1.4458878746027	-3.29399668112749	1.97410475609177	0.0759855687025886	0.306544832912878	-4.22351543057901
BCKDK	-0.567125941673852	6.33433958886085	-1.97392274015265	0.0760087124741247	0.306544832912878	-5.15595441898839
DPY30	0.454110100819564	5.88927015344874	1.97388462895534	0.0760135592429666	0.306544832912878	-5.13244714447222
CLGN	0.948973290793464	4.95007170529742	1.97379488107198	0.0760249740216003	0.306544832912878	-5.05806645759369
RPS17	-1.27772123587216	2.96745901518707	-1.97374070572204	0.0760318652086846	0.306544832912878	-4.80460221161662
FAM86EP	0.587835949805173	3.41036717711086	1.97369857997077	0.0760372240732954	0.306544832912878	-4.86401561609667
ENSG00000280071	-0.488208634401922	4.8184397643118	-1.9736917688544	0.0760380905564008	0.306544832912878	-5.04456970521117
NCOR1	0.345710988513999	7.38648023102744	1.97361321176221	0.0760480849462048	0.306544832912878	-5.19615414365966
SUPT7L	0.427348850907608	5.32592550071361	1.97356725539353	0.0760539322951411	0.306544832912878	-5.09293255658739
HMGB3P24	2.08483726546695	-2.89610523025255	1.97350821767622	0.0760614446939316	0.306544832912878	-4.25026445535992
SNRPGP2	0.615447955937725	4.59026711295083	1.97338735622845	0.0760768261751447	0.306549548641496	-5.01951678183932
RNASE4	1.21876431091409	-2.20651070949334	1.97324681665406	0.076094715669099	0.306549548641496	-4.2992685476555
LINC02473	-1.12962951257014	-2.05958334897239	-1.97310508938969	0.0761127603408482	0.306549548641496	-4.31053113114927
CEP70	0.434955715863812	5.22849453403349	1.97309542396418	0.0761139910859975	0.306549548641496	-5.08538153934175
ENSG00000309573	0.905394112140018	-0.129653199962742	1.97239657230736	0.0762030287025192	0.306822657904442	-4.47923318993161
ANKRD45	1.35714097465892	-0.341654156792767	1.97236139446327	0.0762075131377021	0.306822657904442	-4.45990395159206
LINC02387	-0.792457479122844	-0.126994799588328	-1.97186320867562	0.0762710479183009	0.307026665654594	-4.48026729289152
ENSG00000216285	-0.425722197082928	5.98024331538543	-1.97139745938125	0.0763304909138312	0.307180894939632	-5.14163360053366
ARAP1	-0.812469889705518	5.97499693475608	-1.97128048029126	0.0763454276307721	0.307180894939632	-5.14152254218831
CTSO	0.700449472114024	2.18528939748911	1.9712605489202	0.0763479728823019	0.307180894939632	-4.71246221240086
ENSG00000260834	-4.85555634341785	5.00296542380412	-1.9708646862539	0.0763985413350745	0.307332544420061	-5.06784813464275
FAM163A	1.55624825900313	0.509811213869866	1.97061094668186	0.076430971152385	0.307394649595162	-4.54096947501248
MT-ND5	1.16497517011138	10.0068911073556	1.97043949235721	0.0764528916044597	0.307394649595162	-5.26362880762896
RECQL4	-0.987663892418341	5.62042076880579	-1.97036090187313	0.0764629413751996	0.307394649595162	-5.12045153436679
CAMTA1	0.715113296988623	5.73037733733578	1.97034091229224	0.076465497743599	0.307394649595162	-5.12794103091353
FCGRT	-0.466158193200295	4.55054466100793	-1.96981405118424	0.0765329042890839	0.307613813854423	-5.02041283075084
ENSG00000276740	1.23266073466949	-3.12333617973882	1.9695556622001	0.0765659828968827	0.307694950968159	-4.24085155608497
POU2F1	0.559718722208012	6.37081297984671	1.96935378134121	0.0765918367358947	0.307747031544713	-5.16470750604074
PAPOLA	0.492301613668026	8.47862766868766	1.96924982586784	0.0766051529679042	0.307748726794306	-5.2332235251511
RPL15P3	-0.651108594361105	8.7140198778897	-1.96807419191541	0.076755897531906	0.308255024983879	-5.24065415691494
ACTR6	-0.398007327789234	4.86138023640782	-1.9680655057726	0.0767570123383412	0.308255024983879	-5.05784564353365
ENSG00000287720	2.02356122171051	-1.93394022820174	1.96767993803018	0.0768065125834161	0.308401923928061	-4.32803557385405
TRIM29	-1.55919564808628	-1.37692868280666	-1.9675592138082	0.0768220176390608	0.30841229520462	-4.37379289517055
ZC2HC1A	0.518062736989588	4.3639988384241	1.96719374076899	0.0768689745673109	0.308445391293721	-5.0018408908009
POC5	0.462425270853013	4.18659012221478	1.96718739419507	0.0768697902291941	0.308445391293721	-4.97923014003827
DHX37	-0.900321877260367	5.44875217488723	-1.96713655980588	0.0768763237591662	0.308445391293721	-5.1127709894171
CDCA5	-0.610359076026549	6.69033837094063	-1.96709274478206	0.0768819555371999	0.308445391293721	-5.18178946698484
RAB7A	0.789485874096127	8.19024477959706	1.96658000679553	0.076947889216446	0.308620942501382	-5.23009445853714
SMPD3	-0.788235163347482	-0.871037364819491	-1.96639939837491	0.0769711265157271	0.308620942501382	-4.42010008648073
SERPINA5	-1.33883621317347	1.50134466362796	-1.96629977250312	0.076983947315256	0.308620942501382	-4.64532723816901
ENSG00000286638	-1.67185847490387	-2.85819601623791	-1.96626494245834	0.0769884300468888	0.308620942501382	-4.26307505292913
CACNA1S	1.42076987413602	-0.113364162982113	1.96624989245542	0.0769903671032484	0.308620942501382	-4.48983594153025
B3GAT3	-0.643494912040774	4.57450075964016	-1.9657959279296	0.0770488174534855	0.308803379708201	-5.02939722137192
NAT9	-0.74474169965253	4.60198175187948	-1.96553731878919	0.0770821333426779	0.308864888204144	-5.03297406875219
ENSG00000299105	0.976948914880691	-2.48949441317973	1.96546491141669	0.07709146379922	0.308864888204144	-4.28980774771157
MTMR10	0.64767546512553	4.63648870200157	1.96537549467874	0.0771029875527001	0.308864888204144	-5.03721397586849
ENSG00000273295	1.0486999019947	-0.118610356880359	1.96517445733813	0.0771289025184748	0.30890531294725	-4.49094796963655
CAV1	-2.10781699107044	2.50018582446477	-1.96509641797725	0.0771389644767089	0.30890531294725	-4.75894041747051
TSPYL4	0.403792872401842	5.24647461072672	1.96478508773077	0.0771791178950334	0.308974075216448	-5.09979117469925
NFE2L2	0.662303496868654	6.01687119168953	1.96476253846792	0.0771820269175205	0.308974075216448	-5.15393187134794
SERINC5	-1.15374121744002	6.70219841961551	-1.96451751536178	0.0772136433416406	0.309020889446151	-5.18623872720935
ENSG00000259529	-2.0964444899986	-2.22745884696307	-1.96447123549216	0.0772196164015939	0.309020889446151	-4.31029632505555
ENSG00000307837	1.82680106504565	-3.30911350307243	1.96428808613311	0.0772432586161317	0.309025369385523	-4.23633965511724
IGLON5	0.516473266619392	6.75494657206784	1.96426196174622	0.0772466314892543	0.309025369385523	-5.18868763078102
ATG2A	-0.840969952439873	4.5174916208443	-1.96384934244683	0.077299922333241	0.309186734762437	-5.02568778185009
ENSG00000286207	1.64438312903973	-2.65747407723982	1.96348255018893	0.0773473234062663	0.309282787601468	-4.28079310123633
ZSCAN16	0.562921282158036	3.13076012405901	1.96343314404571	0.0773537103109292	0.309282787601468	-4.84192729871422
ENO1	-0.64077623439217	11.3900485635383	-1.96336274160134	0.0773628123342172	0.309282787601468	-5.29693912816894
FTLP2	3.42295897194727	-1.28965576392945	1.96316309099458	0.0773886297417686	0.309334186241298	-4.38768191058053
LINC02188	1.39192527846846	1.95264209337737	1.9629112733664	0.0774212045279011	0.309412573420532	-4.6988755272864
ZNF595	-0.557418376891469	3.36169049899519	-1.96280744585447	0.0774346392522927	0.309414454216385	-4.87403156420016
ENSG00000285725	-0.929489113163722	0.174299994918552	-1.9620284001762	0.0775355132654356	0.309765667075017	-4.52253455189546
CACNA2D3	-1.15319224648538	1.7911881908994	-1.96182100399221	0.0775623885032931	0.309821175967882	-4.68284567083149
DCAF6	0.435705373480326	4.39660298274787	1.96160650667816	0.0775901931105301	0.309836795137044	-5.01445474651128
RSAD2	2.01267825248674	-2.61009198715515	1.96159054682145	0.0775922623092183	0.309836795137044	-4.28679520184966
ENSG00000249022	-1.12538025939947	-3.04789618076875	-1.96145413085462	0.0776099507757276	0.309855586343976	-4.25720471052027
MIB2	-0.758527073524319	4.09928150140142	-1.96127005084274	0.0776338256174498	0.309899066066512	-4.97682583723466
ENSG00000225200	1.26378871776426	3.2814805123487	1.96105266191278	0.0776620294213439	0.309959808728966	-4.86581736511006
RPLP1	-0.672372454733086	9.20058079678148	-1.96085911549334	0.0776871479967872	0.31000821956852	-5.26261711725971
LRRN4	-1.1838491511615	-1.1067653976123	-1.96053829061886	0.0777288016054527	0.310076861730979	-4.40750906174795
PCSK1	0.812316611902379	2.59932107879254	1.9603422880575	0.0777542594658523	0.310076861730979	-4.77826262392887
NOTCH2NLB	1.03600720992197	-0.984653150638003	1.96001953266411	0.0777961976735986	0.310076861730979	-4.41916168438901
DLGAP1-AS1	0.66519104734337	0.608652817886183	1.96000950828146	0.0777975005613992	0.310076861730979	-4.56614545748197
DLG3	-0.380166201279372	5.95647977448852	-1.95989507385046	0.0778123752665909	0.310076861730979	-5.15805555911275
FUT2	-0.761941249739641	1.93751763186254	-1.95985328703148	0.0778178075700358	0.310076861730979	-4.70181925436366
TMEM54	-1.50807084729844	2.56266721564249	-1.95981017438688	0.0778234126034696	0.310076861730979	-4.77457316467855
ZNF354C	-0.47859103859899	3.89168763153319	-1.95970419300561	0.0778371927474344	0.310076861730979	-4.951452508389
ENSG00000272822	-1.86895172828358	-3.53267918990352	-1.95958135255697	0.0778531678363597	0.310076861730979	-4.22899748591964
ENSG00000275185	0.790367909991646	-0.509897234831715	1.95952624682724	0.0778603351940601	0.310076861730979	-4.4633541635743
MIR600HG	-0.583867526760018	4.30268020207973	-1.95950764719641	0.0778627545049271	0.310076861730979	-5.00590805555191
ATL3	-0.413580562701375	4.86538544109664	-1.95945357328213	0.0778697884640446	0.310076861730979	-5.07153983660639
SMARCAD1	0.487677218820256	6.73603302382945	1.95942701206817	0.077873243776574	0.310076861730979	-5.19543455649498
LRRC15	-1.56370215128141	-0.126803824106332	-1.95904094606512	0.0779234827899203	0.310225148248045	-4.49927438273755
PXT1	1.16016548983331	-2.42179872256421	1.95833982522684	0.0780147976778273	0.310444962716973	-4.30482561047097
PSMC4	0.40841603177531	7.12701100738317	1.95825039970433	0.0780264517737501	0.310444962716973	-5.21143584851061
GORASP1	-0.388897133461122	5.22191490034761	-1.95804818381456	0.0780528109232493	0.310444962716973	-5.10803107036092
ENSG00000297225	-1.25636032235674	-1.37762184757774	-1.95804257048842	0.0780535427477485	0.310444962716973	-4.38756389800242
ALMS1	0.427824203640766	6.20922377815044	1.95802906669681	0.0780553032998654	0.310444962716973	-5.17447880987837
ENSG00000261310	-1.44372028738993	-3.75188728123431	-1.95801209727891	0.0780575157344991	0.310444962716973	-4.21799457788958
DAAM2-AS1	1.10115702475801	-1.69147817031783	1.95791828666681	0.078069747610813	0.310444962716973	-4.36151049883456
TPRG1-AS1	-1.26641200512038	-3.18638928024687	-1.95777693510308	0.0780881816947199	0.310466538815239	-4.2533313660118
ENSG00000285796	1.05889736907691	0.447683566821558	1.95746496778615	0.0781288807123255	0.310520593464369	-4.55472855453784
PTN	0.916623689305612	6.35512457387738	1.95742415801041	0.0781342061926035	0.310520593464369	-5.18242867415376
TIRAP	0.558123315601069	2.5558653001483	1.95737356484488	0.0781408088300582	0.310520593464369	-4.77744152855505
ENSG00000294118	-0.862255531208824	-0.60441927231003	-1.95680368802605	0.0782152164136736	0.310681794567427	-4.45862764829043
CREB3L1	-0.690877728876572	3.862557128243	-1.95676048980976	0.0782208594141527	0.310681794567427	-4.95203362960367
DYNAP	-2.27088729236303	-2.19347607572893	-1.95670894333113	0.0782275934500814	0.310681794567427	-4.32394237675798
OXR1-AS1	-1.25635038802844	-3.22245619460083	-1.95660438941333	0.0782412540482136	0.310681794567427	-4.25264879994371
CHD9	0.750304731273718	5.51432326171038	1.95656454716477	0.0782464602650022	0.310681794567427	-5.13403426868883
MOV10	-0.664389280431193	5.3383444385308	-1.95600449614057	0.0783196768709364	0.310920779753599	-5.12107314922557
NACA2	0.880825009958782	0.814138974710193	1.95554616944262	0.0783796425434984	0.310982920601995	-4.59249862447008
BMAL2	-0.615687743617862	3.85210194620902	-1.95544099088065	0.0783934097544626	0.310982920601995	-4.95263906079773
RBM14-RBM4	-1.03957570758567	-1.40151853506676	-1.95536799053751	0.0784029663695068	0.310982920601995	-4.38940597979591
KRT10	0.884532487202071	3.41860756090335	1.9552711411195	0.0784156467951375	0.310982920601995	-4.89333968601491
ORC3	0.485448260541372	6.82060260315925	1.95522281676703	0.0784219745859196	0.310982920601995	-5.20516902407222
ENSG00000233332	-1.04516661916377	-1.34241465660972	-1.95513941538629	0.0784328966318387	0.310982920601995	-4.39479458718131
ESYT2	-0.463266399329776	5.98610500071971	-1.95497092880441	0.0784549655747661	0.310982920601995	-5.16733973836459
SH2D5	-0.823698089406835	4.18722977299927	-1.95495951899899	0.0784564602797331	0.310982920601995	-4.99809361353636
NT5M	-0.651105602640688	3.20679727979413	-1.95495129485569	0.0784575376737743	0.310982920601995	-4.86502998664268
PABPC1L2B	1.71270462545873	-0.568379630457497	1.95483328949873	0.0784729983485674	0.310982920601995	-4.46485849685981
SRSF8	0.470825106725954	4.937927048451	1.95469397377821	0.0784912547063597	0.310982920601995	-5.08630293579135
ZNF236-DT	1.21953845293367	0.748774455698716	1.95465238853425	0.0784967049338683	0.310982920601995	-4.58752889736187
RHNO1	0.517998752704202	6.79788902775562	1.95459125625144	0.0785047176698798	0.310982920601995	-5.20528338368116
CEP41	0.502606342239186	4.22419134503142	1.95439096626927	0.0785309754572273	0.311035312186798	-5.00373299118266
RLN2	-0.865797082994222	0.0871856185465366	-1.95389321163142	0.078596266106993	0.311242257039257	-4.52656107951485
ENSG00000236018	1.66735354377657	-2.74613802852184	1.95378387731332	0.0786106143283843	0.311247434003906	-4.28839830163596
TARS3	0.384472345190896	4.34138874813346	1.95338776334774	0.0786626178969145	0.3113506330572	-5.0202325816723
BRD9	-0.483877356200051	5.23609394342426	-1.95329432878993	0.0786748890828631	0.3113506330572	-5.11659460071708
TGM1	-1.214348059744	-0.409233806378313	-1.95328728203327	0.0786758146381183	0.3113506330572	-4.48182854017405
ZNF680	-0.870222474640197	4.32999582649827	-1.95317854958915	0.078690097376738	0.311355529524305	-5.01910872376891
RPUSD3	-0.430618293923519	5.80842658489633	-1.9525661184741	0.0787705896396717	0.311593701712264	-5.16042757362066
LPO	-1.31817302393949	-1.32204203380876	-1.95228544439908	0.0788075045647968	0.311593701712264	-4.40069300120399
CHRM4	-0.982002519621195	-0.187016873792689	-1.95227607905894	0.0788087365956299	0.311593701712264	-4.50375046911001
SLC15A2	0.696402630218569	2.06723078097445	1.95225474359789	0.0788115433891321	0.311593701712264	-4.72778441657741
IMMT	0.31882875383543	7.66512536361362	1.95220073402988	0.0788186490532984	0.311593701712264	-5.23779043828954
ZNF253	-1.62878027205825	4.24411184591776	-1.9520168934083	0.078842840179689	0.311593701712264	-5.00992013195881
RPSAP47	1.7183299423572	4.1284928405171	1.95193366071276	0.0788537948449003	0.311593701712264	-4.99499877532631
ENSG00000257470	-1.49316178833862	-2.19958338738841	-1.95192651859697	0.0788547349202695	0.311593701712264	-4.33032481703067
POU2F3	-1.43111863103661	2.38616126700812	-1.9517079614779	0.0788835073976095	0.311655797228728	-4.76555451461252
ENSG00000272461	1.24492529046917	-2.10596176744877	1.95143229692286	0.0789198119227036	0.311700457016118	-4.33810215168282
ZNF165	-0.972956777395783	2.28366275779211	-1.95142380102102	0.07892093106584	0.311700457016118	-4.75389765738754
WNT2B	-1.20750341514666	-0.570610700071283	-1.95110362271712	0.0789631181450315	0.311803063230947	-4.4701291074231
DGKH	0.665774443430814	3.19658430287582	1.95102835320356	0.0789730388080227	0.311803063230947	-4.86963488939815
UBAC2-AS1	-0.639177387322559	1.41046017844172	-1.95082163013968	0.0790002912922048	0.311827982324807	-4.65917594306351
GPX7	0.629232235346659	4.10850395139114	1.95065415124138	0.0790223766316947	0.311827982324807	-4.99432117538447
ATP5PD	0.448128107200447	7.1086071597768	1.95062752434581	0.0790258884359505	0.311827982324807	-5.22257580316615
TM4SF1	-1.42373988101518	-1.18716378375988	-1.95058413589273	0.0790316112239812	0.311827982324807	-4.41490253878867
ENSG00000293586	-2.56595302472396	-1.98755541140168	-1.95025087631712	0.0790755799392057	0.311879577130052	-4.34890950948649
PPM1L	0.437502205688787	4.53481827862226	1.95023419362511	0.0790777815769011	0.311879577130052	-5.04867142330401
CDH24	-0.424311051426214	4.23200125834933	-1.95009580970487	0.0790960465020418	0.311879577130052	-5.01131568579702
ENSG00000290948	-0.736953168072799	4.76761129647724	-1.9500889096853	0.0790969573204928	0.311879577130052	-5.07543844289636
RYK	-0.438267242988535	6.07426752683325	-1.94991527878132	0.0791198802277386	0.311918431020059	-5.17998663542526
KCNIP1	1.03389294004497	1.09459124084136	1.94913623708687	0.0792228064861371	0.312221978325403	-4.62964697905711
GDF3	2.22797745549369	4.55038655945574	1.94913446910956	0.0792230402119513	0.312221978325403	-5.05219663430917
ENSG00000287830	-3.57820404653603	-1.41830186211699	-1.94893484993332	0.0792494339242631	0.31227443280013	-4.39730367802119
ENSG00000270124	-1.20916460279335	-2.09433822278108	-1.94876013778134	0.0792725411677892	0.312313922095019	-4.34281565355674
HTR1E	1.04340272477856	-2.29464230682282	1.94840141129654	0.0793200056964677	0.31243369939857	-4.32827903027871
SMYD4	-0.465250750710482	4.70180642981688	-1.94826853136917	0.0793375943108414	0.31243369939857	-5.0709878214653
CLPSL2	-0.92898364354382	-0.642908670142865	-1.94813111134493	0.0793557877087785	0.31243369939857	-4.46779101352713
PI4K2B	-0.428174194853892	4.80451977586956	-1.94790864226419	0.0793852492425226	0.31243369939857	-5.08278478073177
PCGF6	-0.452253113689558	4.35780369401797	-1.94784419323996	0.0793937861231907	0.31243369939857	-5.03078620789614
COMT	-1.37034252719001	2.33287607318833	-1.9477502585016	0.0794062302014847	0.31243369939857	-4.7652380780417
HNRNPF	-0.47467408203033	8.5109459973207	-1.9477462428272	0.0794067622217432	0.31243369939857	-5.26727180385904
PYGB	-0.683375658696201	6.43379145259086	-1.94773940344034	0.0794076683517714	0.31243369939857	-5.20093221770323
CHURC1	0.445403736906241	3.56377511461013	1.94757852782914	0.0794289850709118	0.312441573878221	-4.9250178959972
ENSG00000203279	-0.575933183761651	4.01401101744009	-1.94751734333495	0.0794370936868061	0.312441573878221	-4.98664124726526
ENSG00000225649	1.89437144718232	-1.37020043074429	1.94742794686354	0.0794489425510924	0.312441573878221	-4.40359288590449
FTL	-0.45672655078352	9.69409898532458	-1.94705277799533	0.0794986865235824	0.312585692134817	-5.2939492164581
NIPA1	0.5649198238938	5.15536407961802	1.94694362274789	0.0795131649807315	0.312591123142006	-5.1191226873749
INTS5	-0.788639130746448	4.63596433791245	-1.94639317358898	0.0795862146455785	0.312826776176881	-5.06633239918509
LINC01950	-3.34529838064181	-1.3323328398288	-1.94627536262409	0.0796018573906697	0.312836741370511	-4.40852041255681
KXD1	-0.327804289965043	6.78829264063005	-1.94601638656331	0.0796362539052663	0.3129203938026	-5.21813866212215
ENSG00000213087	2.15694615121099	-2.5733107405537	1.94534756817787	0.0797251488596363	0.313218128038344	-4.31244645491763
MFGE8	-0.973330137942156	8.83518878273542	-1.94501453881638	0.0797694475133046	0.313284536565415	-5.27909239430803
LINC03112	-0.911498408403581	1.75222272364733	-1.9449205058831	0.0797819596800376	0.313284536565415	-4.70408726006131
ENSG00000291143	-1.30456026056255	-3.35962082123526	-1.94482815992787	0.0797942491597058	0.313284536565415	-4.26035817843045
LINC01201	1.54622884892369	-2.43567283400786	1.94480612588236	0.0797971817309332	0.313284536565415	-4.32308302401073
ENSG00000293156	-1.89707875983364	-3.29768369549343	-1.94469419312167	0.0798120807227385	0.313284536565415	-4.26448965739672
HSPBP1	-0.553959583710427	5.38163108272043	-1.9445540621474	0.0798307367475925	0.313284536565415	-5.14224408441867
ITFG1	0.444018867444196	5.30121830698415	1.9444539080819	0.0798440730326028	0.313284536565415	-5.13574537631195
EPHA10	-1.22059256518949	0.0838875489290501	-1.94443146114566	0.0798470623005581	0.313284536565415	-4.54025621909144
ESRRA	-0.982703222139225	4.22617947680539	-1.9440505135118	0.0798978092062091	0.313391611319639	-5.01982835067549
ENSG00000300884	-0.803938396778536	-1.36703455440201	-1.94402946486663	0.0799006140227094	0.313391611319639	-4.4087862077727
ENSG00000256654	-1.52625214307831	-2.68878105063259	-1.94374913110557	0.0799379783949711	0.313486646459543	-4.30657648022897
AACS	-0.517621677364564	5.88693058698086	-1.94348343159654	0.079973407304631	0.313574061465357	-5.17922312971169
BRAT1	-0.97103661087484	5.36068619326016	-1.94304377705447	0.0800320639525618	0.313692295641434	-5.14284415676785
CLU	-0.707112987872369	7.81097540648759	-1.94293772851819	0.0800462184664167	0.313692295641434	-5.25629488721353
SEC13	-0.451682135725115	6.79438757508248	-1.94273009753496	0.0800739381681166	0.313692295641434	-5.223433350848
ENSG00000296679	1.70004528842317	-3.29645609157995	1.94272901586038	0.0800740826001804	0.313692295641434	-4.26731287955257
SLCO1C1	1.45038830680659	-2.12280960647688	1.94268767931698	0.0800796023004791	0.313692295641434	-4.34932080378811
ATP6V0A4	-1.09534129011039	0.0936116756473809	-1.94266656654237	0.0800824216425716	0.313692295641434	-4.54376163809559
RPUSD1	-0.738162518129292	4.59811050746115	-1.94217883811538	0.0801475773789885	0.313879352486735	-5.06840900049065
ACOXL-AS1	1.55033261603515	-3.58146487784557	1.94207519565241	0.0801614293739163	0.313879352486735	-4.25035872051611
C5AR2	-1.91526186450424	-2.74493705013513	-1.94201385365466	0.0801696288917391	0.313879352486735	-4.30511875314235
ENSG00000234917	1.41362971484243	-3.52194383544034	1.94175767181838	0.0802038809065229	0.313961952697389	-4.25446458566736
LGSN	-2.07674071791943	-3.5478315848213	-1.94130660378668	0.0802642228122779	0.31408398951185	-4.25349278871787
COMMD4	-0.697511400474624	5.47990706677943	-1.94124115969721	0.080272981157486	0.31408398951185	-5.15501613262305
KIF20B	0.45246565724275	6.78523492928421	1.94116789646593	0.0802827869929477	0.31408398951185	-5.22548559077189
CD81	-0.618148924193324	7.32360790577189	-1.94113122888556	0.0802876951444168	0.31408398951185	-5.24434406494901
VWA8	0.374378592147238	5.11024983259816	1.94099211425649	0.0803063189292328	0.314105361174041	-5.12411733324373
TFPI2-DT	1.36854003751364	-2.529533665539	1.94077639103286	0.0803352065666625	0.314166864677459	-4.32204434054992
ENSG00000272909	1.75083191297726	-2.36605984174866	1.94053698105398	0.0803672774746546	0.314217535037634	-4.3342222367673
GOLIM4	0.415162869467718	5.7768157425701	1.94044900644747	0.080379065390446	0.314217535037634	-5.17706577418234
ENSG00000293324	1.4753690202646	-3.26137868313953	1.94038487529631	0.0803876594854735	0.314217535037634	-4.27284131593489
TOB1	0.514642590740125	4.61268629411459	1.94023356848151	0.0804079392281303	0.314245339046633	-5.07307897389845
COG5	0.356063569156171	5.31352133069452	1.93995113044908	0.0804458073497069	0.314341860513336	-5.14368989331228
PTP4A3	-0.894624386813047	5.31613001052035	-1.93944584858474	0.0805135950001516	0.314517583662999	-5.14468387960006
HDDC2	0.393135247667938	6.12881794414354	1.93941948048378	0.0805171339582237	0.314517583662999	-5.19904513491476
RPS12P32	2.04424591735908	-2.51398794112395	1.93905352236701	0.0805662655185304	0.314658003457825	-4.32559937558197
RTL1	2.16789700818941	-1.8505938165886	1.93875526897778	0.0806063281103703	0.314762963516068	-4.37621808822856
SIX3	-4.2434035688698	0.933965448695678	-1.93851942852321	0.0806380203150544	0.314818157873041	-4.62958678694166
ENSG00000275765	-0.688203776168602	0.871223798125627	-1.93845378431553	0.0806468436433475	0.314818157873041	-4.62353489204262
LINC00607	-1.66937042262967	-2.3554283586314	-1.93805750766289	0.0807001268813458	0.314974640764854	-4.33852589048136
YAE1	0.566532067613277	4.30065823364507	1.93785111250854	0.080727891726403	0.31498127602205	-5.03883580925263
MAGEA4	-1.70296133468598	-3.39759155189832	-1.93781615619882	0.0807325950285697	0.31498127602205	-4.26772541044486
SIRPAP1	0.847921513501523	0.601491193040469	1.93775057918326	0.0807414189761136	0.31498127602205	-4.59858618154405
RAPGEF6	0.567703205820506	2.88162189610949	1.93760376305261	0.080761177604998	0.314987690182704	-4.84841660838619
MC5R	-1.31267618937461	-2.61905276932349	-1.93754224263943	0.0807694584119557	0.314987690182704	-4.32025475496223
PKD1	-1.0604804398073	4.91363122270956	-1.93693912144595	0.080850682072883	0.315250443363369	-5.11111971176087
PMM1	-0.709328361129054	3.41651032272466	-1.93678473958539	0.0808714852716672	0.315250443363369	-4.92121504748073
ROPN1	-1.76647751890112	-3.80722666295631	-1.93672639869481	0.080879348099336	0.315250443363369	-4.24416563783837
PGLS	-0.612643325013019	5.55359726507004	-1.93664983196198	0.0808896683771431	0.315250443363369	-5.16757854957351
C2orf74-AS1	0.544064151600605	2.87650391652019	1.93619489993563	0.0809510131149027	0.315420442901512	-4.84988726487451
PRMT9	-0.499219336931236	3.73810273964909	-1.93613035708327	0.0809597198313429	0.315420442901512	-4.96646756693848
ENSG00000306836	1.42390846491657	-2.47756482814871	1.93565567436286	0.0810237805471424	0.315618503397853	-4.33303530355138
WWOX	0.561251292153779	4.26892971181206	1.93550432120781	0.0810442163285581	0.315640587671717	-5.03836964308094
ZNF277-AS1	-1.48494522351431	-3.84460751457659	-1.93541780572163	0.0810558998550279	0.315640587671717	-4.24376522181046
CAPNS1	0.600496769922023	7.82174046989233	1.93514684946282	0.0810925014484108	0.315731603926463	-5.26859355547601
ENSG00000233251	-1.82350576434125	-3.92649258059505	-1.93483261581386	0.081134968399839	0.315845423389163	-4.23979111746439
MAPK10	1.64072514859148	4.71755773823102	1.9344239475694	0.0811902287156341	0.316009000123294	-5.09397016572584
POU6F2	0.81134306207529	2.32316217745456	1.93418958951772	0.0812219345677719	0.316080859665582	-4.78455891437765
ENSG00000309412	-1.98606681477277	-3.73473424319939	-1.934050851569	0.0812407096033175	0.31610238280117	-4.25217509000087
CCEPR	1.55409243344636	-2.66550712280488	1.93378282169852	0.081276992838751	0.316192011097387	-4.32228704832347
ENSG00000308063	-1.23536648620947	-4.40369268246889	-1.93359840070865	0.0813019667106813	0.316214624739599	-4.21783749008615
ENSG00000290460	-1.86448119127046	-2.97797407312694	-1.93347141422788	0.0813191670940879	0.316214624739599	-4.3012062228052
ENSG00000279667	1.18082631293525	-1.36426001979605	1.93344642160808	0.0813225527570143	0.316214624739599	-4.42432842621068
STAMBPL1	0.779498793852983	2.69586164846283	1.93326438964816	0.0813472159587522	0.316259000372624	-4.83129823932147
ENSG00000256443	-1.76881879004641	-3.82609086241998	-1.93298065621583	0.081385672437808	0.316291897120539	-4.2482142717705
CORO7	-1.16102123929032	2.58386131834066	-1.93292577800741	0.0813931124424237	0.316291897120539	-4.81787601692249
LRRC8A	0.503009522697111	7.21782022578363	1.93282880513559	0.0814062608992115	0.316291897120539	-5.25365690728515
ENSG00000288670	0.698420248296372	2.72789557921048	1.93274697787684	0.0814173573187253	0.316291897120539	-4.83611407994677
ENSG00000288945	0.906228374899064	-1.27189619064593	1.93271319534143	0.0814219389076377	0.316291897120539	-4.4334106501538
PEF1	-0.551552224608356	5.46091454705197	-1.93216005220452	0.0814969904244451	0.316531923589948	-5.16751123357585
MIR219A2HG	2.26853838160465	-2.85900444456732	1.93188360653289	0.0815345232836106	0.316626174293839	-4.31152262779539
SLC2A10	-0.578538636399037	3.92485151432144	-1.93161329665392	0.0815712386817643	0.316631551325693	-4.99886851437502
STAC2	-0.760601395332713	3.33732123251461	-1.93158539484869	0.081575029380169	0.316631551325693	-4.9182658354436
BRMS1	-0.766602827968119	4.83840553567358	-1.93153203631343	0.0815822790502578	0.316631551325693	-5.11150752350185
WWC1	-0.489996959024857	5.15110697412765	-1.93148276507846	0.0815889739243729	0.316631551325693	-5.14244647707456
STARD3	-0.605536417908371	5.70924098438202	-1.93094439361389	0.0816621601331462	0.316864050706844	-5.18719384417321
SOD1	0.508581896049423	7.14243916066706	1.93070922085104	0.0816941487278404	0.31693664624307	-5.25438830618441
PRIMA1	-0.858995473161445	2.97132475147054	-1.9305996849127	0.0817090519796787	0.316942945489841	-4.87071162074635
FUT4	-0.598122478352565	3.56397075108663	-1.9301670545631	0.0817679396342509	0.317097077786039	-4.95155329940958
SNRPA1P2	-0.45516521183973	4.33945223741755	-1.93008946774563	0.0817785045802168	0.317097077786039	-5.05563851582598
GPSM2	0.543481160972742	5.19017326635338	1.92986405609189	0.0818092059598889	0.317097077786039	-5.14846237968711
KCTD9	0.434168152444063	4.89940945491927	1.92977241869155	0.0818216901738597	0.317097077786039	-5.12062556643785
ENSG00000269883	1.21162015958839	-0.823083294724804	1.92975047057436	0.0818246805375909	0.317097077786039	-4.47801169862508
OR2A1-AS1	-0.727326434676335	2.54983331507395	-1.92966416814159	0.0818364399680532	0.317097077786039	-4.81862439213396
HSPB9	-1.0860566422233	-3.63612948393491	-1.92956476258463	0.0818499867623271	0.317097077786039	-4.26434112400339
ENSG00000300881	1.38310318585932	-1.33072386461242	1.92952742284655	0.0818550758888753	0.317097077786039	-4.43288698289757
CLDN5	-1.42682756247863	-0.861874615773431	-1.92934744216626	0.0818796100465727	0.317140644755201	-4.47504290111339
CHGA	1.31670543784057	6.06870521737652	1.92920492187317	0.081899042637649	0.317164441121657	-5.21151343166861
ZKSCAN7-AS1	0.823930907937824	-0.401122245635995	1.92851496223082	0.0819931792117946	0.317477483492521	-4.51894003710038
NDUFAF4	0.503870601252813	5.14631212896453	1.92809161283783	0.0820509900079697	0.317649793758347	-5.14719542398758
PDE6D	0.560061720474912	5.16856965801058	1.92790967858228	0.0820758458519445	0.317694487990328	-5.14950121241075
SNRPD1	0.568041371019714	7.14973531649012	1.92768236508883	0.0821069112695537	0.317763199492531	-5.25928209971473
CLOCK	0.389840229142144	4.98441019867814	1.9271541253818	0.0821791446074151	0.317991187474899	-5.1331860816559
RPL22P1	-1.53219683197275	-4.39580751342954	-1.9261828674168	0.0823121124374107	0.31834756021159	-4.22820629428579
LINC00683	1.30075509352806	0.841143222965554	1.92604185086588	0.0823314346481118	0.31834756021159	-4.63904640907918
C5orf15	0.619512975938363	6.36092375049567	1.92591513529154	0.0823488009331179	0.31834756021159	-5.23116330625252
PBX2P1	-0.575273309864587	3.49896938057318	-1.92581912212852	0.082361961746856	0.31834756021159	-4.94923699174342
CYP3A5	-1.68051274819494	-3.09916287772719	-1.92571013485605	0.0823769033367897	0.31834756021159	-4.30396076994716
FTLP14	-1.59257481311842	-1.94500213209236	-1.9257054820143	0.0823775412735003	0.31834756021159	-4.38737176619108
SBF1	-0.901958150826625	6.45881728249365	-1.92566869104165	0.082382585731891	0.31834756021159	-5.23595609657054
ENSG00000289480	-0.868791724273412	-0.318963531956932	-1.92558352077777	0.0823942646430309	0.31834756021159	-4.53083559263225
GUCY1B1	0.915699192527581	3.27035703213745	1.92551145690871	0.0824041475544997	0.31834756021159	-4.91836500621338
GTF2E2	0.505881878696744	5.37137265145381	1.92550796282707	0.0824046267644531	0.31834756021159	-5.17060377105813
RIPK3	-1.29634191979431	-2.8006049216952	-1.92505991659609	0.0824660974029764	0.31853347575932	-4.32513807572385
ENSG00000276570	-1.39600132184218	-0.417260123818736	-1.92479856272944	0.0825019741264089	0.318599748629643	-4.52287694879665
PHACTR2	-0.580632521927931	5.0860388980848	-1.92471252985342	0.0825137872646714	0.318599748629643	-5.14680300121419
PET100	1.11041236249449	0.832590042879429	1.92464324501808	0.0825233018824509	0.318599748629643	-4.64028746003371
DCBLD2	0.352789762554827	6.87474276227932	1.9245253282335	0.0825394972882681	0.318610736176467	-5.25440773668597
RSPH4A	0.678976290314482	0.285117951998918	1.9243126378844	0.0825687169602411	0.318671987013272	-4.58863101222127
PAN3-AS1	-0.807192961190484	-0.802087464020753	-1.92354392738061	0.0826744037932304	0.318941161472711	-4.48897766244221
FBXW11P1	-1.08544131336717	-2.8617997117334	-1.92347381875507	0.0826840490090463	0.318941161472711	-4.32314063479921
NOM1	-0.511899271288479	4.74305463697351	-1.92342027742212	0.0826914156806315	0.318941161472711	-5.11360894910998
CLN6	-0.517258094978763	5.16181468520301	-1.92341665706543	0.0826919138221451	0.318941161472711	-5.15576130572047
ZBTB16	1.32335545592677	0.187475928156379	1.92302387709106	0.0827459748356301	0.319098106544189	-4.58144088705058
PCDHA12	-0.867719376137	1.71513042324668	-1.92248281458984	0.0828204989247564	0.319324622707637	-4.73372558630346
P2RY1	-0.95511253184918	4.47552790553186	-1.92240318671216	0.0828314718725846	0.319324622707637	-5.08407358031714
CDK5RAP1	-0.381199614514006	5.39539608130187	-1.92202627891801	0.0828834292200068	0.319473321252245	-5.17789188076957
ZNF432	-0.612967162966791	2.617317396834	-1.92149538208774	0.0829566657130023	0.319562806047523	-4.83924724564138
CA14	0.811494945955212	6.50378250176837	1.92139733880126	0.0829701972436971	0.319562806047523	-5.24446190246034
TVP23A	-0.569923382699868	1.90422966429941	-1.92135641390409	0.0829758461377615	0.319562806047523	-4.75602729059561
ENSG00000305887	1.37451950278598	-3.71399429036375	1.92135024517659	0.08297669764289	0.319562806047523	-4.27094177654144
TRMT112P6	1.00294532297372	2.64258405515592	1.92118177479084	0.082999955731647	0.319562806047523	-4.84286096587287
NVL	0.420580242206128	5.88626627033769	1.92117626273356	0.0830007167983506	0.319562806047523	-5.21339853175625
P3H2-AS1	1.31656183271058	0.222821174670886	1.92102617027532	0.0830214430245911	0.319562806047523	-4.58766634545981
ZNF154	0.603626119490406	4.49926353862973	1.92101037433227	0.0830236245624011	0.319562806047523	-5.08908872200124
PIWIL4-AS1	-1.21833926646982	-4.49002939193564	-1.92098485710211	0.0830271487954367	0.319562806047523	-4.23192547976579
SMARCAL1	-0.412477892975931	5.27797053860763	-1.92085909263131	0.0830445204010508	0.319564685909184	-5.16994909732171
LAMA5	-1.14481417833956	6.08989675075671	-1.92078746283543	0.0830544160009498	0.319564685909184	-5.2255601562574
SCLT1	0.4049187441915	4.22406102048761	1.92060415906323	0.0830797442750439	0.319569420277862	-5.05533546454677
HMGN1P37	1.11134766642776	-0.736092850575841	1.92058475672663	0.083082425643111	0.319569420277862	-4.4994012042792
TPRG1L	-0.607175313488639	5.0274646425378	-1.92043200279559	0.0831035387778196	0.319597878224623	-5.14770858381016
SIGLEC10-AS1	-0.935504506569331	1.68429475734374	-1.92032122351536	0.0831188534437817	0.319597878224623	-4.73364804906274
CCDC146	1.07456440866838	-0.436675435379731	1.92024063122794	0.0831299965650672	0.319597878224623	-4.52773162859516
BALR6	0.651016285465351	0.744945794593509	1.91911017525765	0.0832864461764371	0.319975382821871	-4.63998261322081
SPATA17	0.87240497937561	0.237638388695344	1.91910112724105	0.0832876994834521	0.319975382821871	-4.59188121247192
ENSG00000278876	1.66688405909466	-3.37216131792945	1.91903317683429	0.0832971123530087	0.319975382821871	-4.29544380840728
EHD2	-0.653567534971399	4.83967281394925	-1.91896513264176	0.0833065392070824	0.319975382821871	-5.13083728608839
ENSG00000291169	1.04398598168143	-2.28730567151414	1.91895390691626	0.0833080945164892	0.319975382821871	-4.37068176332435
HILPDA	-0.702597894502904	4.88230817736256	-1.91895005512371	0.0833086281834794	0.319975382821871	-5.13538092086671
SCARF1	-0.758283424670515	1.33539677877723	-1.91885318461035	0.0833220506685294	0.319975443814286	-4.69921792876205
ENSG00000305005	-2.49327978039688	-2.23234896453152	-1.9186345965717	0.0833523458680713	0.32004028938759	-4.37526443986424
RAPGEF1	-0.58783419042588	6.51625530027326	-1.91852257794061	0.0833678750604165	0.320048427548168	-5.24938747049536
HNRNPDL	0.423107581263997	8.44865423318809	1.91819641673825	0.0834131062767628	0.320170570522274	-5.31118710224759
LRRC46	-1.02851166519541	-1.4044731713731	-1.91788730265965	0.083455994531691	0.3202095957982	-4.44329273640444
ENSG00000265349	-1.99879293309951	-3.38184398416369	-1.91781544594348	0.0834659672844828	0.3202095957982	-4.29651287506611
STK24-AS1	-1.10031085452864	-2.49378617538593	-1.91778768712974	0.0834698201343354	0.3202095957982	-4.35712960763787
FNTAP2	1.87075893057611	-3.64055181816357	1.91763174379916	0.0834914677343475	0.3202095957982	-4.28054501796225
ATP2B3	1.03842725165276	0.463112603133046	1.91761690688709	0.0834935276236963	0.3202095957982	-4.61523067889491
RRAGA	-0.521527482943203	5.71247267438029	-1.91724105405685	0.0835457251057925	0.3202095957982	-5.20838163302358
ANGPT1	1.26826222336471	1.24703098415392	1.91721877745215	0.0835488197774129	0.3202095957982	-4.69260481290824
LINC01994	0.942694728732388	-1.41520513550626	1.91718282787418	0.0835538141270792	0.3202095957982	-4.44338607915459
RPL12P4	-0.455499704356146	6.38845592673397	-1.91698672761992	0.0835810625466357	0.3202095957982	-5.24609702948731
ENSG00000261402	1.8133999179114	-3.60766859279618	1.91697068949901	0.0835832914331572	0.3202095957982	-4.28348208353946
ENSG00000225087	-1.70053609576548	-2.15796462662436	-1.91689389802341	0.0835939642410867	0.3202095957982	-4.38337286929367
WNT11	-1.84639578006441	-2.74856226298914	-1.91681478968299	0.0836049603836584	0.3202095957982	-4.34034499156619
C1R	-0.646991219613353	3.18569443553868	-1.91679020648982	0.0836083777476445	0.3202095957982	-4.92010400070786
ENSG00000302601	-1.16209521203785	-2.49324568783037	-1.91668457855022	0.0836230628008379	0.3202095957982	-4.35872528816759
ENSG00000306366	-1.36333694755296	-4.13650156562019	-1.91656075619426	0.0836402804124475	0.3202095957982	-4.25280593461404
ENSG00000257474	-2.5470795146844	-0.305659271050375	-1.91653718198955	0.0836435588011079	0.3202095957982	-4.54530116671143
CALCA	-2.2307699201635	-1.64143319807768	-1.91648114268505	0.0836513524867716	0.3202095957982	-4.42523540266462
SCYL3	0.516897221190648	3.51064897582368	1.91633378233677	0.0836718499047282	0.320213295868249	-4.96521065050993
INF2	-0.769209698708284	5.611891123751	-1.9162812924512	0.0836791522323824	0.320213295868249	-5.20296982963309
FAM210B	0.526041797912453	5.52942224460882	1.91608174580121	0.0837069183298337	0.320268198104864	-5.19726461480016
MIR7-3HG	1.41189620428785	-2.55977457821828	1.91558390791328	0.0837762278253389	0.320482005050066	-4.3554735559441
TUBGCP2	-0.4068020035078	6.34702938790769	-1.91515300007743	0.0838362623795479	0.320660268303312	-5.24699493123186
CD320	-0.826776893604543	5.68296346416716	-1.91498051820643	0.0838603039647409	0.320700829150212	-5.20985472883193
MRPL33	0.423158969959922	4.2292663600575	1.91474147888168	0.0838936333475138	0.320776889955961	-5.0649170001824
EP300	0.414781577953406	7.27379659398075	1.91446681471016	0.0839319451447193	0.320830305548839	-5.28364144109517
TM4SF18	-0.721761525736709	1.36688281701589	-1.91420366090337	0.0839686666821485	0.320830305548839	-4.70938052286346
FGF17	-1.80563679815687	-1.73497273233635	-1.91417079221398	0.0839732543612273	0.320830305548839	-4.42080053916925
NAT16	1.37833558542682	-0.765940902538386	1.91411643499585	0.0839808418343849	0.320830305548839	-4.50603287181635
TIMM17A	0.461443023370501	5.80474685182879	1.91403980804728	0.0839915389201626	0.320830305548839	-5.21929821352688
GRWD1	-0.753901030854753	5.81602857756043	-1.91402551948215	0.0839935337373719	0.320830305548839	-5.22001800213682
MYO16	1.93640138330599	-1.61292726550739	1.91396702746411	0.0840017002293835	0.320830305548839	-4.43122256209924
ENSG00000306644	1.47917434744278	-1.52288793529316	1.91365363609499	0.0840454676438783	0.320946108201031	-4.43925741651187
ENSG00000230626	-1.23153048490628	1.60879913599288	-1.91344791915999	0.0840742090670534	0.32100450292807	-4.73584795540945
TEPSIN	-0.883017975951061	3.14363320130725	-1.91315507443612	0.084115139193197	0.32110940932886	-4.91995663529631
XPO7	0.401620637870423	7.9265411070434	1.91245592391514	0.0842129325905729	0.321401718301637	-5.30633586185354
RPS4XP6	2.68411768632121	0.223223554910179	1.912388097543	0.0842224254046426	0.321401718301637	-4.60041075030052
SERHL2	-1.32438073070152	-1.90341302988225	-1.91231891462279	0.0842321091036468	0.321401718301637	-4.40977783083504
ALDH18A1	-0.381789398073685	7.53967901358606	-1.91217659901865	0.0842520326172487	0.32142635269755	-5.29553124602292
CDHR4	-1.16846121361044	-1.73533427501337	-1.91201996677697	0.0842739654613221	0.321432694313228	-4.42384419378097
METRN	-1.20643338792555	2.9252629083336	-1.91191172491821	0.0842891254180702	0.321432694313228	-4.89289378497186
SPATA31A6	1.35196591627432	-1.94866635878873	1.91187622567961	0.0842940978634303	0.321432694313228	-4.40679458681772
SRGAP3	0.608753865445749	3.57364519677934	1.91149485022764	0.0843475350620224	0.321585082959311	-4.98119489682457
PEX11B	0.664084989556915	3.95786225631052	1.91132696239804	0.0843710689973148	0.321623431362228	-5.03417902450851
ATG10	0.43745178675178	4.09087786143563	1.91114785594514	0.0843961822553539	0.321667786951219	-5.05221413776027
FGGY	-0.655134069097834	3.35558220258652	-1.91099360041351	0.0844178166365258	0.321698871094358	-4.95193510401636
DLGAP4-AS1	-1.17250397034163	0.867437410297977	-1.91065810705666	0.0844648874876846	0.321714356974093	-4.66440918748649
ENSG00000262319	-1.4448585664798	-4.27232294576868	-1.91046533802017	0.084491944678835	0.321714356974093	-4.25430930625003
GLRX	0.571606614491919	4.25355993909034	1.9104578210537	0.084492999928608	0.321714356974093	-5.07453850940184
PPM1B	-0.55755820710656	5.77504228161173	-1.9103109784024	0.0845136165112347	0.321714356974093	-5.22309276426871
ENSG00000280088	0.839700668596324	1.64385205085983	1.91028450415186	0.0845173339712288	0.321714356974093	-4.74429605851418
RFX5	0.46907640274461	6.20035136202413	1.91026451729394	0.0845201405856167	0.321714356974093	-5.24735707783064
ENSG00000287236	1.35252545542366	-3.06238184665953	1.91020080088879	0.0845290884126196	0.321714356974093	-4.32805835685504
ALG10	0.509865256297383	2.73286828669063	1.91019633190722	0.0845297160340443	0.321714356974093	-4.87073074289992
RABGEF1P1	-0.433994180036568	4.02344462646419	-1.90988576169419	0.0845733429715047	0.32176053088018	-5.04520508604168
ENSG00000298111	0.647251319355933	1.82559232014896	1.90965001041733	0.0846064738013857	0.32176053088018	-4.76488742812286
VPS26A	0.381059372471268	6.16283962754275	1.90958123113809	0.0846161418331518	0.32176053088018	-5.24650180959262
WWP1-AS1	0.729193126458596	-0.966687787879466	1.90957679596609	0.0846167653030385	0.32176053088018	-4.49412487671793
CYB561D2	-0.827954012439298	2.29614273668763	-1.90947067732587	0.0846316840995	0.32176053088018	-4.81850759058248
B4GALNT4	-0.922944242519255	5.27449008645292	-1.90940037155931	0.0846415694542336	0.32176053088018	-5.18713943308281
RAB4A-AS1	0.526401996652542	2.53227162728968	1.90937052409445	0.0846457664870551	0.32176053088018	-4.84700266821206
LAMB3	-2.08805097818621	-0.393851463618584	-1.90934255683459	0.0846496993085285	0.32176053088018	-4.54761947766677
TMEM30A	-0.319168775109226	6.60978093517249	-1.90906134395125	0.0846892535690654	0.321814202608659	-5.2677558722978
ZNF658	0.617340681978257	3.12187307788317	1.90896475935743	0.0847028427308206	0.321814202608659	-4.92335914915994
SLC25A41	-1.03346366703506	-1.53717927652074	-1.90895461332744	0.0847042703644193	0.321814202608659	-4.44478155202187
BICRA-AS2	-1.07283865147085	-1.55272655409435	-1.90824959480885	0.0848035273518987	0.322125976927188	-4.44447520385803
SPECC1-DT	-1.1540161804873	-1.34343916265654	-1.90810770179515	0.0848235170235839	0.322125976927188	-4.46263290009183
KIAA1328	0.516230806811049	2.59888828632205	1.90808424374012	0.0848268221807255	0.322125976927188	-4.85712532181145
KATNAL1	0.465084156253131	4.38057859407958	1.90784988489861	0.0848598490900831	0.322177435987129	-5.09462290619139
COG4	-0.504634344099541	5.91584652430918	-1.90779652238126	0.0848673708489161	0.322177435987129	-5.23562112819643
KCNAB2	-0.814879213748131	3.4168176487954	-1.90760894475213	0.0848938159329263	0.322226575202155	-4.9654593874375
NOTCH4	-0.739746529990162	0.918736115357446	-1.90744599401226	0.0849167952865653	0.322240181926217	-4.67420505922913
CLDND1	0.761326154770263	5.90952506952634	1.90739205005782	0.0849244037506139	0.322240181926217	-5.23585725474657
RAPSN	-1.05832506103216	-3.59452998229252	-1.90729350940687	0.0849383039419645	0.322241694513252	-4.29763476856192
FAM110B	-0.534722943163701	2.5319311466921	-1.90684983340507	0.0850009153013116	0.322403565194428	-4.85074224796847
CDK13	0.379438673947185	5.98036874221257	1.90679973812434	0.0850079874206451	0.322403565194428	-5.24089179866632
SDR16C5	-1.57772737350128	-2.74101203539224	-1.9065059281511	0.0850494765784745	0.322465826273635	-4.3553337140889
SKIC2	-0.57598336552933	5.79837011622997	-1.90644308415656	0.085058353276618	0.322465826273635	-5.23049027264391
USP21	0.542218756981985	5.16872100724419	1.90639648029635	0.0850649366161984	0.322465826273635	-5.18234238170081
SLC50A1	0.748420870885509	5.69779005333323	1.90599661293382	0.0851214420252871	0.322628784630384	-5.22455290413625
SUMF2	-0.419928308588974	6.48943428822165	-1.90576143024649	0.0851546920762816	0.322657630532314	-5.26773627092438
UQCC3	-0.495191467647465	3.88258299972936	-1.90574395328999	0.0851571634445833	0.322657630532314	-5.03241753990567
RAB24	-0.817767009780329	1.11218055513069	-1.90550184836979	0.0851914056953611	0.322657630532314	-4.69634590250335
RMC1	-0.637353403970881	3.54707451959102	-1.90549018803804	0.085193055204247	0.322657630532314	-4.98660883328374
DENND1C	-0.720349117040395	3.01348423357223	-1.90546479441402	0.0851966475725748	0.322657630532314	-4.91418463195466
ZC3H7B	-0.663235444486348	6.77835469645068	-1.90512858037958	0.0852442241534364	0.322786593347623	-5.28043771167455
HEXA	-0.376997092629016	5.08798671687615	-1.90452017047787	0.0853303810978115	0.323011570012437	-5.17777347861629
MRTFB	0.505645244788766	4.81949472964437	1.90451788051877	0.0853307055318397	0.323011570012437	-5.15066817845111
APOA1	-2.16129452326359	-3.10812107206221	-1.90397882643013	0.0854071088892217	0.323249519165724	-4.33364744225083
TNPO1P2	2.09520962607634	-2.99835525256516	1.90382354991836	0.085429128950388	0.323260773539152	-4.34127381259589
CTAGE10P	-1.40358152857746	-4.16075448927177	-1.90361506960405	0.0854587022438627	0.323260773539152	-4.26905704316771
ANO5	0.43303645810963	4.19817978879872	1.90361366516779	0.0854589014978388	0.323260773539152	-5.07779746571213
ENSG00000286375	-1.55264783435795	-3.03647576201057	-1.90357590070987	0.085464259480959	0.323260773539152	-4.33903262618072
CLCN2	-0.592041798085735	3.88947915072503	-1.90328596621964	0.0855054054945188	0.323336596943829	-5.03707083607717
LAMP2	0.397433937241656	6.41890580098428	1.90323177189492	0.0855130985166871	0.323336596943829	-5.26846739876424
TNFSF15	-1.03979600303621	-2.10983844812502	-1.90314830503081	0.0855249481085345	0.323336596943829	-4.40656476894135
NCAPG	0.372230184237883	6.990583014743	1.90295929622717	0.085551786878726	0.323386838364674	-5.29158253276967
SSBP4	-0.915024721778397	4.57527583766738	-1.90271783796065	0.0855860847261222	0.323465254815259	-5.12593392445817
ENSG00000300349	-1.29193765808505	-2.12934252286126	-1.90251718597339	0.0856145959820359	0.323484488499373	-4.40594796738112
AVPR1A	1.59830058895155	-0.0601671171059725	1.90242526460811	0.0856276603182889	0.323484488499373	-4.58865396607399
HARS2	-0.389769252908414	4.949559526253	-1.90239037419026	0.085632619608581	0.323484488499373	-5.16744050490646
ODAD1	-0.839542889517077	0.542227297914221	-1.90230055034452	0.085645388311373	0.323484488499373	-4.64531939016835
EIF3B	-0.426305980349175	8.70125083621675	-1.90189270590494	0.0857033867594126	0.323634793455536	-5.34217257212645
ENSG00000272702	-1.19430162176027	-1.76909081085758	-1.90174353721692	0.085724608746415	0.323634793455536	-4.43572879210879
LINC02177	-1.6328798331103	-3.84961728007976	-1.90173472453565	0.0857258626650144	0.323634793455536	-4.28970766630342
CDC14C	0.785377356227782	1.89569920033972	1.90155207648373	0.0857518547097693	0.323681720126216	-4.78466195852418
PABPC1P4	1.28964283846739	1.98790121428378	1.90121606555121	0.0857996904501461	0.323759269224486	-4.79545068350402
FAM88B	0.588468930043214	0.788807068897194	1.90116334706516	0.0858071978956408	0.323759269224486	-4.67075010375463
LMF2	-0.764622033148713	5.00349473180359	-1.90109748645817	0.0858165777197174	0.323759269224486	-5.17478185982297
DCHS2	1.06579510255867	1.34632008799471	1.90099391191684	0.0858313306645072	0.323759269224486	-4.72687326586774
ATP2B1	0.305376534766883	6.24052426740647	1.90080859694842	0.0858577324275517	0.323759269224486	-5.2637695695022
RPL21P28	2.24701267781159	1.32331545031829	1.90074740826346	0.0858664516163642	0.323759269224486	-4.72486837996495
UBL7-DT	-0.483279977930223	3.12374392727095	-1.90074106526709	0.0858673555197971	0.323759269224486	-4.93599214790125
AXL	-0.632660912846318	5.48542515556625	-1.900492418034	0.0859027957536655	0.32384173531081	-5.21771662606262
MIR573	-0.976525961713249	-1.35822449786145	-1.90029652184597	0.0859307268358603	0.323866443189787	-4.47255722023955
POP7	-0.436456891906935	5.42104197605746	-1.90025611543366	0.0859364890736548	0.323866443189787	-5.21312217050947
BST2	-0.988780410117649	6.11506469431951	-1.89982331088265	0.085998232556734	0.324047965966462	-5.25889078079819
CEP55	0.388904358139989	5.57445385714801	1.89915062915365	0.0860942784916772	0.324305700016857	-5.22639759932061
CSTB	0.596922361419676	6.48670779340698	1.89912467612463	0.0860979860775696	0.324305700016857	-5.27773129398685
SKAP2	-1.49840190030808	1.75481745612673	-1.89905881131359	0.0861073960282742	0.324305700016857	-4.7729449441897
SMC2-DT	-1.16902307566805	-2.05413451949131	-1.89883727561804	0.086139053322794	0.324373743397779	-4.41700957724103
ENSG00000306493	1.73317446079482	-3.18786937399241	1.89795667838297	0.086264996963644	0.324796763295676	-4.33668846725093
UNC79	0.666506742329738	2.48600368715233	1.8978043140677	0.0862868055636203	0.32481194391142	-4.85868434431085
APPL1	-0.358303040328896	6.16717282411777	-1.89773836051034	0.0862962473851892	0.32481194391142	-5.26476792073567
UROD	-0.460481440285642	5.95254516627366	-1.89731935933288	0.0863562534374942	0.324958000090101	-5.25372942169415
C19orf18	-1.77982163636493	-2.61849944771434	-1.89727727599972	0.0863622824222363	0.324958000090101	-4.37697526982272
PLA2G2A	1.5735681559847	4.35945923430754	1.89714392224191	0.0863813896640752	0.32497866127246	-5.10822688359149
ENSG00000294448	-2.09348334695558	-3.66448031046239	-1.89674525635809	0.0864385348674	0.325142397427933	-4.30779565900539
MIR3671	1.71359542120829	-2.46764764487447	1.89654384243377	0.0864674191052258	0.325149732643967	-4.38895167282332
WIPF1	0.684339379591249	4.3430364350999	1.8964169116546	0.0864856265157547	0.325149732643967	-5.10726932877877
CENPCP1	0.824855836784929	-0.0384787591141743	1.89636510735671	0.0864930585347007	0.325149732643967	-4.59951867966523
MED25	-0.461473179174944	6.15682875419024	-1.89622051205595	0.0865138058009327	0.325149732643967	-5.26655369618006
TMEM169	0.795205880660904	2.90596677866333	1.89618448618847	0.0865189756939174	0.325149732643967	-4.91401660311737
TIMM8A	-0.572117667126753	3.90254070266985	-1.89616184243607	0.0865222253329634	0.325149732643967	-5.04960961026175
CTDSP2	-0.498209379816481	7.39499965902553	-1.89603844630533	0.0865399360893324	0.32516509046664	-5.31566311589524
GUSBP5	-1.83173199031678	-3.94515309585217	-1.8954107928087	0.0866300738342281	0.325452537730446	-4.29267045496888
NSD3	0.346811403210151	6.47940220878443	1.89525961398882	0.0866517977492035	0.325482917356034	-5.28329403017817
AHDC1	-0.77165311065859	4.8321363621418	-1.89483096141875	0.0867134212610842	0.325579021273394	-5.16672630308941
PDIA5	-0.380931639715326	4.87299273790584	-1.89480662192096	0.0867169215513878	0.325579021273394	-5.17112756857962
CEP63	0.526296431603816	2.96037681280974	1.89479698688936	0.0867183072122582	0.325579021273394	-4.92322330958108
MANEA-DT	1.01384999583105	-0.717113290367706	1.89470128473427	0.0867320717218643	0.325579483451673	-4.53869588027382
NPW	-1.39397268139585	0.097250716092529	-1.89446476649717	0.0867660980214877	0.325655993313233	-4.61493077199358
BRIP1	0.423824999459479	5.29533684074406	1.89432541244343	0.0867861517597605	0.325680044661982	-5.2118104846491
FIP1L1	0.528840850081962	5.71579698708855	1.89406536933717	0.0868235847558445	0.32576929686649	-5.24391350816785
LSP1	1.40248802069071	-2.65856294369957	1.89354110268221	0.0868990980885539	0.326001379138559	-4.37933425050211
UQCC6	0.478258989073197	3.08983688666345	1.89342894827264	0.0869152602874282	0.326010768077958	-4.94243029000766
UBE2I	0.437312085211292	8.03501625837055	1.89330740099744	0.0869327792111848	0.3260252422114	-5.33853086868166
UGDH-AS1	-0.631970699918057	1.76120037091384	-1.89275666022174	0.0870121999823864	0.326144319434356	-4.78300492152329
ENSG00000231043	0.379590276540402	5.24923810701014	1.89274538375849	0.0870138268325824	0.326144319434356	-5.21028185964576
NME1	0.957132139337969	6.07041675219194	1.89268653348972	0.0870223175920423	0.326144319434356	-5.26734726715244
KPNA3	0.381282685128749	7.08399291155124	1.89261925523548	0.0870320252606969	0.326144319434356	-5.31059902298906
MRPS26	-0.700859962437303	5.13615802284252	-1.8926134992508	0.087032855846039	0.326144319434356	-5.20030368525058
HSDL2	0.392947512627753	5.48232117948091	1.89240280218912	0.0870632643767103	0.326191008392102	-5.22977227380507
ENSG00000277938	1.07965365442621	-2.04773945622993	1.89219922566587	0.0870926546119287	0.326191008392102	-4.42690612224836
AOPEP	-0.707465562720033	2.6855631308269	-1.89217396918682	0.0870963015184003	0.326191008392102	-4.89178839710333
EXTL3	-0.495433358407738	7.41496341367904	-1.89214847361006	0.0870999830930936	0.326191008392102	-5.32221078462132
ENSG00000305640	-3.27110805617767	-1.95530180806354	-1.89202911312015	0.0871172207313415	0.326204378285994	-4.43444764890335
SP1	0.352313371444601	7.19372674314259	1.8918444135416	0.0871439006593702	0.326253094437206	-5.31551290044843
CTBS	0.721917814695712	2.93775767583875	1.8915670016388	0.0871839871663217	0.32635197956377	-4.92509482131283
RANGRF	-0.479821277163403	4.53944573243469	-1.89146907855971	0.087198141308672	0.326353777421056	-5.13877483988528
SCARF2	-1.0983930800943	2.23304738471805	-1.89132736179618	0.0872186293183408	0.326376231381918	-4.83821733863193
LMAN2L	0.367049101035864	4.98105259239407	1.89121824943704	0.0872344067486944	0.326376231381918	-5.18755327240897
ENSG00000270996	1.82391404223893	-3.31317578482596	1.89114385792005	0.087245165132469	0.326376231381918	-4.33785219893571
ASB12	0.941007097575186	0.20445451615822	1.89089405762753	0.0872812998647492	0.326454628234951	-4.63016255007276
C6orf118	1.19481952257229	-0.81134352972209	1.89080989208579	0.0872934779149226	0.326454628234951	-4.53552781079477
PPP1R3B-DT	-1.5789164933718	-3.35420278782773	-1.89007323777151	0.0874001329374621	0.326802283067274	-4.33665397646141
LINGO1-AS1	1.34471800395758	-4.14069090642268	1.88912509674246	0.0875375855790785	0.327219350475855	-4.28985809051744
ENSG00000267811	1.22920058403589	-1.46623628211521	1.88908683580109	0.0875431365004884	0.327219350475855	-4.47925015572289
BBLN	-0.979027764177751	5.15884180550544	-1.88900942581797	0.0875543681880552	0.327219350475855	-5.20785408015065
ENSG00000293189	-0.934811603561748	-3.05829467045983	-1.88892572542386	0.0875665140775667	0.327219350475855	-4.357908589739
COL16A1	-1.2661887978709	3.1034455389733	-1.88874761873023	0.0875923646080332	0.327264709783959	-4.95127657013284
ENSG00000286416	-0.833357721076202	-1.43107767657233	-1.88852062204661	0.0876253213258035	0.32730566259517	-4.48309618539293
RGS17	-0.463890535576818	3.13871200410668	-1.88845629791299	0.0876346623741896	0.32730566259517	-4.95645484251844
RPRML	-1.7648386785213	-1.79581431458299	-1.88833777101097	0.0876518770813877	0.32730566259517	-4.45259374975588
HSPB1	0.942565329289784	6.77812129217639	1.88829437566103	0.0876581805550896	0.32730566259517	-5.30605490078165
ACTA2	1.26958729091691	1.46498555664639	1.8876465533792	0.0877523312083122	0.327605957914717	-4.75898740556086
ENSG00000307004	1.07994760348701	-1.18716818299001	1.88742823475815	0.0877840814667146	0.32762427231571	-4.506085359716
SPRTN	0.401537767221075	4.00181300862928	1.88742404385763	0.0877846910570649	0.32762427231571	-5.07627675105068
TBC1D17	-0.577160557821173	5.08619808913666	-1.88711653477922	0.0878294307175762	0.327696503129395	-5.20401586245454
MASTL	0.352894814497641	6.69117264018547	1.88705562439738	0.0878382951103161	0.327696503129395	-5.30454845931409
DPH2	-0.764672564557878	5.5512418552235	-1.8870079409925	0.0878452351372971	0.327696503129395	-5.24312292367642
AP1S2	0.355140538133677	8.95374618621015	1.88643868285737	0.0879281264451256	0.327954460676014	-5.37146830236871
USP46	-0.421956597995568	5.84066931033784	-1.88601290307976	0.0879901728638449	0.32811351581004	-5.26417138114965
MINAR1	0.645602183185905	0.622826528245071	1.88595738623272	0.0879982660032709	0.32811351581004	-4.67705190369734
ENSG00000308753	1.05036144778694	-2.92816427627765	1.88578177732801	0.0880238704772178	0.328157718944042	-4.37118986547334
ATG12	0.32933650927941	5.81323507052271	1.88529267248649	0.0880952203164949	0.328372422816458	-5.26356313620363
IGFBP2	-1.24982598509857	8.58001219121476	-1.88495633946398	0.0881443151544268	0.328466074525124	-5.36510182604523
GSDME	-0.764610133799022	2.42269285208146	-1.8849319948074	0.0881478697504261	0.328466074525124	-4.87022903558106
ITGA2	0.479763709498466	3.44395382746668	1.88423235316975	0.0882500821721344	0.328780838255522	-5.00440910758657
SLC15A1	-0.825072422594276	1.15516814087888	-1.88416524798274	0.0882598915114228	0.328780838255522	-4.73220438833161
ENSG00000309527	-1.67636269410999	-3.0043583563298	-1.88387188181553	0.0883027872229851	0.32888539795232	-4.36859533342238
D2HGDH	-0.920642291718541	2.99113599462119	-1.88378482717214	0.0883155199847663	0.32888539795232	-4.94376287729382
PIH1D1	-0.331349019764994	6.47442952151156	-1.88334408004851	0.088380010540147	0.329074213972182	-5.30117575297972
POM121B	1.23805176839838	-1.45363653547575	1.88268069751426	0.088477159624476	0.329369909229505	-4.48947638971611
ENSG00000287578	1.32719448885618	-2.31730271994489	1.88261336032302	0.0884870263535252	0.329369909229505	-4.41969574868746
CCDC9B	-1.41971281483481	-0.610636824012032	-1.88249841122893	0.0885038718769118	0.329381242801537	-4.56628252604836
BCS1L	-0.459716121412655	4.04690394986619	-1.88209232609353	0.0885634065114041	0.329551422389723	-5.09031291836033
ENSG00000260583	-1.80048039889794	-3.46866352366111	-1.88193607661613	0.0885863235531441	0.329585313210115	-4.34045364969228
APBA1	0.623923861792001	1.18138333021139	1.88164980492636	0.088628325153541	0.32967177114506	-4.73856938461991
SH3BP5-AS1	1.17892959490701	0.463394353522212	1.8815894172097	0.0886371875576256	0.32967177114506	-4.66818085129204
NRIP1	0.578103680080542	4.87263636885815	1.88134252704147	0.0886734293039141	0.329755178746731	-5.19147049626518
HYOU1	-0.38502990397269	8.54454890130839	-1.88116597563588	0.0886993542328237	0.329785175307336	-5.37000567294985
BTF3P16	1.61267734875484	1.43623229396764	1.88105429344732	0.0887157573480111	0.329785175307336	-4.76571911182614
ASTN1	1.52320887420122	4.09162412926841	1.88100533817219	0.0887229484496755	0.329785175307336	-5.0978763535714
ENSG00000304531	-1.79935590026613	-3.46133647667665	-1.8808254430494	0.0887493781087089	0.329832047231478	-4.34244891641917
HERC3	-0.601630697406219	2.44026331183649	-1.88042539055641	0.0888081787882642	0.329932940797552	-4.87906407948762
CFAP410	-1.10801581095009	2.41824906287019	-1.88041484475655	0.0888097293235374	0.329932940797552	-4.87642106119206
AIM2	0.838018332223062	1.56806817372243	1.88015891155216	0.0888473665420334	0.329932940797552	-4.78092291452377
ATP11C	0.379987671105386	7.39321941934575	1.88013818626324	0.0888504150239466	0.329932940797552	-5.33977165771878
LGALSL	0.635555122078431	5.52405310414226	1.88006541149556	0.0888611202291866	0.329932940797552	-5.25161362932025
MOB3B	0.674957486747811	6.28845930495706	1.88000219150685	0.0888704208915273	0.329932940797552	-5.29772180760214
HMGA1P3	-0.806648861405638	5.15795541342878	-1.87998267215514	0.0888732926797444	0.329932940797552	-5.22143687160281
SNX3	0.816777224645658	6.65232768269362	1.87988442936876	0.0888877479731648	0.329935284739584	-5.31387592666108
NT5DC2	-0.369253037249108	8.14610514731707	-1.87891971926006	0.0890298096985325	0.330411206355913	-5.36335778334194
ENSG00000294129	-4.08155086874655	0.877647192540745	-1.87875445254234	0.0890541677125121	0.330450220894671	-4.71242226590841
ENSG00000259394	1.26120050758422	-0.420627097035124	1.87861497517971	0.0890747295376529	0.330475139106974	-4.58973147892067
NOXA1	-1.37987503631164	-0.146905025872853	-1.87836657267874	0.0891113600535708	0.330532183407489	-4.61563639506076
ENSG00000302808	-1.38742025577923	-3.36750599027461	-1.878322892039	0.0891178028335019	0.330532183407489	-4.35196473140872
RSL24D1P11	1.19089947058703	1.67766233071365	1.87810986079134	0.0891492305682059	0.330588087128213	-4.79567319961925
SGCB	0.381968546749432	5.86674799113877	1.87803295942512	0.089160578071995	0.330588087128213	-5.2778672210481
RPL6	-0.327954393955213	8.84268578498706	-1.87734836320342	0.0892616555205276	0.330911452672947	-5.38277584404834
NAXD-AS1	-1.27710154414712	-3.01168540331427	-1.87685261203706	0.0893349171131641	0.331131614651326	-4.37781774891041
GMPR	-0.953219406446417	0.377768550019321	-1.8766808664315	0.0893603104847707	0.33117430595342	-4.66722643786659
ENSG00000293707	-0.909825009297018	-1.44164570076494	-1.8765752737352	0.0893759261647905	0.331180752953743	-4.49921378267704
GPR62	-1.56788280538794	-3.49447791358256	-1.87647369315645	0.0893909508935924	0.331185008534208	-4.34629095247719
PUS1-AS1	-0.748296729425812	-0.858628549241389	-1.87619745526558	0.0894318209206746	0.33128500231472	-4.55217981650096
HGS	-0.595404134795517	6.05521466738217	-1.87596673998381	0.089465969033703	0.331295677006781	-5.29187023986972
AP5Z1	-0.916822489132392	3.77754075174672	-1.87594161903664	0.0894696879077923	0.331295677006781	-5.0629402235353
SLC10A3	-0.535427121665469	3.05803816517715	-1.87579931553761	0.0894907570446924	0.331295677006781	-4.96458001455266
WDR5B	-0.57558672282604	2.1966312298097	-1.87572941275944	0.0895011083757895	0.331295677006781	-4.85718830314484
ENSG00000287185	-1.34926280741104	-3.0956184979469	-1.87570916336896	0.0895041071496091	0.331295677006781	-4.37366830021219
LANCL3	1.35316763677133	0.457820658535798	1.87496499206882	0.0896143775584177	0.331652403347303	-4.67733104235498
ZNF500	-0.615160897480849	3.32338895271115	-1.87483484503587	0.0896336755068266	0.331672392763013	-5.00190103882937
ENSG00000261798	-1.2165714872808	-4.43609307780562	-1.87474015732827	0.0896477180333183	0.331672932305256	-4.2962810277777
NEK6	-0.344545284915505	4.46898328492551	-1.87438631635546	0.0897002119465169	0.331768580586967	-5.15603095990303
ECM1	0.802845168164094	0.154989604323401	1.87435331746743	0.0897051089315936	0.331768580586967	-4.64965497055002
MYO1E	-0.489033702017356	5.81733249406507	-1.87424749089928	0.0897208151038219	0.331768580586967	-5.28053891792151
CASC8	1.10598376455284	-0.129766336027069	1.87413227965963	0.089737916989482	0.331768580586967	-4.62337439204695
DMTF1	0.442847940766113	6.36547610780097	1.87408925726169	0.0897443039816096	0.331768580586967	-5.31029436028127
RCN3	-0.907235653045327	2.82038450819147	-1.87400391371384	0.0897569751057966	0.331768580586967	-4.93608953552215
PLCG1-AS1	0.8340606613695	-0.529784145175896	1.87364997487703	0.0898095427783779	0.331911483042977	-4.58665851330142
CCDC39-AS1	-1.05487429238955	-2.63449674348472	-1.87337223199678	0.0898508136363247	0.332012597779558	-4.40922548763671
PSMD14	0.403060411728982	7.25192291993376	1.8731702277566	0.0898808412314087	0.332054832325568	-5.34576889713195
ENSG00000307598	-1.52381234875341	-4.15015231537413	-1.87310816391569	0.0898900687834874	0.332054832325568	-4.31097760695682
SPATA1	1.35053127745624	-1.81104010433737	1.87245602705224	0.0899870804686755	0.332300640284779	-4.47383886710998
IRAK3	0.65779502698774	1.35264762832662	1.87235756724479	0.0900017357368255	0.332300640284779	-4.7698326460854
TRBV20OR9-2	1.33542942779078	-3.3228979045305	1.87219843548895	0.0900254264023846	0.332300640284779	-4.36330516757627
MRM2	-1.84284356204265	-2.50726785598952	-1.87219392195837	0.0900260984362947	0.332300640284779	-4.42014672895643
ENSG00000273199	-1.09545486129868	-3.93572099612034	-1.87213208989489	0.0900353052761595	0.332300640284779	-4.3248778402892
ENSG00000293723	-3.30041572074236	-0.0715636147216234	-1.87209956108212	0.090040149190165	0.332300640284779	-4.63174414126878
PHB2	-0.494135466856912	8.38686228730999	-1.87189343864532	0.0900708487959918	0.332362546106051	-5.3801934393676
HIRA	-0.649796012669598	4.27993469188924	-1.87167059631542	0.0901040495377312	0.332433660583866	-5.13653893832675
ENSG00000285679	-0.730497720316991	0.627518403648205	-1.87150505078207	0.0901287210990586	0.332473290026466	-4.69866315846347
NELFB	-0.656633257321343	6.38629581371292	-1.87119874043783	0.0901743875893045	0.332588488347725	-5.3156261423366
ARHGEF5	-0.90877247775975	3.31332706800344	-1.87110867011126	0.0901878198594911	0.332588488347725	-5.00610260334426
PYY	-0.74919314421826	0.73813619610451	-1.87072099078542	0.090245655968879	0.332711124728656	-4.7105305732793
HLA-DRB5	0.740461531789746	2.41317620159586	1.87069888057773	0.0902489555240841	0.332711124728656	-4.89025399291996
ENSG00000259868	-1.4952810023277	-3.15949905105905	-1.87036135221513	0.0902993394886533	0.332764207537059	-4.37672452659109
WNK2	-0.698371161901391	5.94622654799302	-1.87017475757562	0.0903272042512672	0.332764207537059	-5.29450717902956
ARMC5	-0.987732092373767	2.75988368597835	-1.87016315689691	0.0903289368796421	0.332764207537059	-4.93405176659502
SSNA1	-0.558822790557557	5.41694372084217	-1.87014274684764	0.0903319853130381	0.332764207537059	-5.25841377032004
XPA	0.618509750574595	1.96679640200154	1.87007328496286	0.0903423608140154	0.332764207537059	-4.83933238235292
KLC4	-0.713319768012932	4.0815153978152	-1.87004216839892	0.090347009043455	0.332764207537059	-5.11302025069874
CD58	0.747794657633536	2.48689326366805	1.86959302977121	0.0904141265582089	0.332848140148113	-4.90084412904052
TTPAL	-0.46210761613853	4.54173818815454	-1.86937688057864	0.090446443484449	0.332848140148113	-5.17238195349361
GPN3	-0.332800298809532	5.21933760451345	-1.86934107660892	0.0904517976437732	0.332848140148113	-5.24305604941409
YLPM1	0.409238175113615	6.78991998600636	1.86933554514793	0.0904526248498033	0.332848140148113	-5.3352413348083
CPSF1	-0.602959063430438	7.15612285573332	-1.86932044739752	0.0904548826885964	0.332848140148113	-5.34840616221
ENSG00000278356	0.807571323728797	-1.34423180752278	1.86931903089837	0.0904550945259257	0.332848140148113	-4.51803724054374
POLR2J	0.535245269520731	5.29055742381352	1.8691939293801	0.0904738052577347	0.332848140148113	-5.24943543811035
OPCML-IT1	-2.02771610623022	-2.93524805265754	-1.86914339254848	0.0904813647832136	0.332848140148113	-4.39376925204809
MDGA2	1.3011965315727	1.90935202766521	1.86887603909368	0.0905213664326395	0.332921062728677	-4.83466882080828
PPATP1	-0.662432011485688	0.346951365681755	-1.8688244570438	0.0905290860648222	0.332921062728677	-4.67576326641791
ENSG00000286667	-1.30884159634703	-2.34984663277191	-1.86845281093476	0.0905847236340928	0.333031160736404	-4.43709548465445
OSGIN1	-1.23426453240397	-0.496141090625195	-1.86843806686776	0.0905869315582492	0.333031160736404	-4.59733129428664
PNPO	-0.721449956015528	3.75743594902836	-1.86827635735666	0.0906111508260908	0.333053642249927	-5.07165251555531
ENSG00000254297	-3.06270609381609	-0.105260317917617	-1.86807282871263	0.0906416418673513	0.333053642249927	-4.63444156977028
FAM83H	-0.619020763104232	5.98317686319423	-1.86803919273126	0.0906466818560297	0.333053642249927	-5.29985864804898
DNALI1	0.722274886317567	4.21344431300786	1.86802462360801	0.0906488649623131	0.333053642249927	-5.13346633102509
KLF11	0.560151581586519	5.07923710683354	1.86773257619291	0.0906926369863772	0.333110433585041	-5.23263633069285
ZNF23	-0.837949764827428	0.426920437669455	-1.86771729139185	0.0906949284083911	0.333110433585041	-4.68496296083473
SSX2IP	0.361123011581744	5.14481397332368	1.86757313846467	0.0907165417385136	0.333110433585041	-5.23895824407562
ELK1	-0.488516873311083	5.54291549919892	-1.86754907627598	0.090720149926793	0.333110433585041	-5.2719286703931
GGT6	-1.53839247707919	-4.0289764846672	-1.86693594178242	0.0908121358445669	0.333396899892675	-4.32637407122354
PPP3CB-AS1	-0.828751402548682	-0.808408619022838	-1.86676934273257	0.0908371448785295	0.333417464336131	-4.57038636507899
FMNL1-DT	-1.69154891384919	-2.18294095921859	-1.86667101250659	0.0908519087196476	0.333417464336131	-4.45232894267541
SLIRP	1.14588522651716	6.05839799895312	1.86661948179314	0.0908596467106127	0.333417464336131	-5.30616973029092
CAPN2	0.662459211622535	6.50484873522696	1.86605619065532	0.0909442717797203	0.33367031545642	-5.32866227526381
SDC1	-0.673764358422494	5.87318234097418	-1.86595312715154	0.0909597632321369	0.33367031545642	-5.29651020028197
RAB1C	1.10296507512887	-0.639149733476427	1.86586837152842	0.0909725046593986	0.33367031545642	-4.58756051484432
TTC3P1	0.621386793163001	2.82857931926841	1.86571196108115	0.0909960223861495	0.33367031545642	-4.94949716118139
MAP7D2	0.575864993464978	2.84409328701588	1.86565251811264	0.0910049616486976	0.33367031545642	-4.951592763385
GBX1	-1.44977812174283	-2.79521909098635	-1.86554492994637	0.0910211432363533	0.33367031545642	-4.40859275877535
SCOC	-0.385517605721265	5.80031064496242	-1.86550988922468	0.0910264140418464	0.33367031545642	-5.29267856388268
FLNB	-0.590756723164215	7.43945011697398	-1.86483459712648	0.091128046236057	0.333991566264738	-5.36438999896584
ENSG00000287737	-1.21302345715001	-0.739995885900087	-1.8640547007583	0.0912455520251087	0.334348426326299	-4.58070887253018
MIR1244-2	1.24742275302062	3.88528771078077	1.8639150104805	0.0912666137303186	0.334348426326299	-5.09576295037644
ENSG00000259033	-1.00119710878129	-0.818349072045848	-1.8639095289575	0.0912674402947935	0.334348426326299	-4.57355668789346
TGFB3	0.706184246811667	0.208481228497365	1.86356369514457	0.0913196029226751	0.334488177249154	-4.6703580980058
ENSG00000293098	-0.85432131276934	-1.11130054793557	-1.86332925822847	0.0913549790620958	0.334566408665803	-4.54738630637723
GSTM3	0.990890995725595	2.66706605546498	1.86303919567765	0.0913987665491648	0.334675415960251	-4.93288809340547
CCER2	-1.78244609205886	-2.87637214899087	-1.86273635148424	0.091444504236662	0.334733333623239	-4.40675081766574
CHTF18	-1.06142568077233	5.19898306637603	-1.86266112839699	0.0914558682425657	0.334733333623239	-5.25128457655413
PSMD13	-0.398414153708245	7.07574874188981	-1.86262521427523	0.0914612942751089	0.334733333623239	-5.35576359193911
ANXA6	-0.545243322159161	6.9635167389192	-1.86247446720144	0.0914840729218375	0.334733333623239	-5.35203367686537
NXF1	0.447724524773422	5.64205482320658	1.86247026220438	0.0914847083933626	0.334733333623239	-5.28669892437808
LINC01719	0.797912448926107	1.89135212740257	1.86234054316334	0.0915043139206434	0.334753749286327	-4.84231890977365
RPL26P6	1.90175034511754	1.21049006472409	1.86193818101178	0.0915651509937502	0.334816654257239	-4.77050583628108
ENSG00000278472	1.12636523868628	-3.50974020351825	1.86180550741546	0.0915852194072547	0.334816654257239	-4.3653755255346
RSU1	0.623276830077497	6.38395383628113	1.86179704685221	0.0915864993030026	0.334816654257239	-5.32971545470728
ENSG00000293164	-0.544081545474897	4.03300679846954	-1.86171725817122	0.0915985703754716	0.334816654257239	-5.11907371340953
ENSG00000291060	-0.932004290537759	-1.70479687779167	-1.86171544937756	0.0915988440413464	0.334816654257239	-4.49784539596204
ITPK1	-0.544185538595555	6.89437423750403	-1.8616702721475	0.0916056794863104	0.334816654257239	-5.35073023116983
BLOC1S4	-0.493937020792181	3.78783546728963	-1.86155616151079	0.0916229468531806	0.334828490666799	-5.08592644105286
SMARCD3	0.711937614469949	3.2936527165781	1.86139344909426	0.091647573905538	0.334867214697409	-5.01791748089298
E2F1	-0.537894513096964	5.04600906742525	-1.86120105866939	0.0916767007128929	0.334922365821922	-5.23928989613157
ENSG00000286681	0.867807115005364	-0.153502351011412	1.86084663816298	0.0917303803401623	0.334972930843289	-4.64039374819632
TACC3	-0.533567885647076	7.66035540850243	-1.86068121324898	0.0917554451164225	0.334972930843289	-5.37738694700976
CXorf38	-0.396880012211598	3.85576458332614	-1.86059861025262	0.0917679632881061	0.334972930843289	-5.09671847963909
SMO	-0.512406198815943	6.44937359159793	-1.86057019141751	0.091772270419914	0.334972930843289	-5.33451094910145
NFYC	0.367822145235271	5.94596044991697	1.86053109269768	0.0917781964902309	0.334972930843289	-5.30904052012116
NEK2	0.564701517814364	5.6847451602172	1.86047040404351	0.0917873955795108	0.334972930843289	-5.29264589971541
FUT9	1.12336656366505	3.58336719971705	1.86046122819976	0.0917887865133912	0.334972930843289	-5.0592566022662
ENSG00000285887	1.71065390848635	-3.30103385561165	1.86016559243636	0.0918336113221708	0.335050214019528	-4.38126471035911
ENSG00000289183	-0.770326115908911	-0.122904948320946	-1.86006471694256	0.0918489108673428	0.335050214019528	-4.64438003236209
EDNRB-AS1	-0.984996288459685	-1.19771280303544	-1.86004383551947	0.0918520781970826	0.335050214019528	-4.54425941672522
BCKDHA	-1.33177511663867	-1.07132265816282	-1.85960461374416	0.0919187234909851	0.335242080311635	-4.55634593621392
ENSG00000230498	1.49449183474957	-2.54601716014557	1.85901953002524	0.0920075705305628	0.335508129494826	-4.43565579610226
ENSG00000293989	-0.953837274903578	-1.66512821998497	-1.8587864606616	0.0920429850312153	0.335508129494826	-4.50531916335747
GLDCP1	0.61827439836511	5.04294260578588	1.85868665031453	0.0920581548972836	0.335508129494826	-5.24277205844059
CAP2	0.710675849005416	4.71247285541348	1.85856555110457	0.092076563492726	0.335508129494826	-5.20839226484074
DDB2	-0.406679749980276	5.41313248035341	-1.85846996570939	0.092091096070135	0.335508129494826	-5.27569816313135
ALPG	-2.4898590195432	-0.718200879642893	-1.85845594355727	0.0920932281431711	0.335508129494826	-4.59077758339808
PTPN9	0.348473608000447	6.3574181707767	1.85841753810415	0.0920990679389434	0.335508129494826	-5.33358416527143
ENOSF1	0.449734429048419	4.8169563331052	1.85838425097292	0.0921041297377173	0.335508129494826	-5.2200949354392
ATIC	-0.375973463348224	7.57235533733268	-1.85821048438593	0.0921305576798977	0.335516846771846	-5.378480414789
PLXNB2	-0.516343832104631	6.7348061447548	-1.85818365757378	0.092134638360191	0.335516846771846	-5.34994378164364
PCM1	0.41430656373796	7.33168502040966	1.85789329703023	0.0921788163691813	0.335603305561231	-5.37145167655493
MAGEE1	-0.672319354290245	3.34708226105565	-1.85784278853138	0.0921865031742334	0.335603305561231	-5.03051740313853
ENSG00000297544	-1.48580962011051	-4.22781873137049	-1.85754348894039	0.0922320652347871	0.335717965679223	-4.32786038626416
RPS9	-0.581428584896139	9.0422588896855	-1.85733666665874	0.0922635617226605	0.33575575980243	-5.41750350890762
RHEB	0.713223298622312	6.34846278823564	1.85719626864443	0.0922849482722711	0.33575575980243	-5.33501051542955
SOX13	0.41769464789319	7.05601942971458	1.85718511305009	0.0922866477780435	0.33575575980243	-5.36328422188151
FERMT3	-1.13141384795306	-0.789513708055298	-1.85701970056475	0.0923118510352874	0.33575575980243	-4.58613206452163
ENSG00000287166	0.935719176527119	-0.434469021150186	1.85701355616571	0.0923127873559118	0.33575575980243	-4.61958747969206
ENSG00000279092	-1.11549650207895	-2.84044736360806	-1.8567737060103	0.0923493440249352	0.335827834343887	-4.41752935235617
NDUFAF5	0.59023779300304	3.49639317280529	1.85662157147294	0.0923725384806195	0.335827834343887	-5.0529841267179
IKZF4	0.407017340620171	4.32923407044846	1.85660663519494	0.0923748159579175	0.335827834343887	-5.16546523644624
CRBN	0.335662360459791	5.06229271375033	1.85643027983384	0.0924017104690149	0.335874447725248	-5.24802607651639
MRPL24	0.579011525032866	5.04028024257761	1.85626940064433	0.0924262511425596	0.335912492160723	-5.2461451008391
DNPEP	-0.599507623652637	5.67085632027115	-1.85590988609025	0.0924811136084778	0.336060709271246	-5.29855590188836
H2BP1	1.49223368412839	-3.37982125134396	1.85579041318669	0.0924993520104256	0.336075815867381	-4.38204792081863
MAP2K4P1	0.725836366863092	-0.390282026115332	1.85520497993095	0.0925887706451051	0.336349496040597	-4.62635289996908
SLC2A4RG	-0.539833416559263	4.42199353994885	-1.85486123939138	0.0926413104969075	0.336459350883447	-5.17961641316107
ID2-AS1	1.16290517709131	1.06887620477614	1.85482268263353	0.0926472055141416	0.336459350883447	-4.76655180534005
ENSG00000299773	-1.25471952581755	2.12630642140092	-1.85467859802054	0.0926692379544518	0.33648080662575	-4.88020664704829
GPATCH3	-0.606818436207989	3.94185949153849	-1.85451408395532	0.0926944002423662	0.33648080662575	-5.11752833314214
ENSG00000276449	0.646787750701752	0.225160423276609	1.854436803616	0.0927062223825223	0.33648080662575	-4.68516531617108
LINC02073	-1.65285361141533	-4.08387918875647	-1.85424719155392	0.092735234627558	0.33648080662575	-4.34025525974335
HAPLN1	-1.92557396951913	0.696794117665608	-1.85422893968265	0.0927380277600247	0.33648080662575	-4.73057934640577
VEGFD	0.936524420129932	-1.66030987360105	1.85411002851592	0.0927562269538004	0.33648080662575	-4.51232759610906
ENSG00000302536	-1.75331019148053	-3.6631118458641	-1.85403216845343	0.0927681451174806	0.33648080662575	-4.36619003558967
ENSG00000267868	-1.17716008595932	-2.65745894233051	-1.85399338463244	0.09277408234613	0.33648080662575	-4.43449205448242
ARID1A	0.453146063921747	7.41290787675822	1.85392338789167	0.0927847986983974	0.33648080662575	-5.38001587291138
SEC63	0.405974910602582	7.54003245722323	1.85386267158661	0.0927940951611298	0.33648080662575	-5.38405676976552
ENSG00000309434	-0.680453321245576	-0.879754575852534	-1.85366884872109	0.0928237777379764	0.336537308715218	-4.58249439661135
DDX10	0.390879706210576	6.15036239906665	1.85349818889023	0.092849920318393	0.336580961154175	-5.33085577380126
DCTN6-DT	-0.842662859102765	-0.787357883246209	-1.85314972446186	0.0929033210595263	0.336723396162144	-4.59187181460459
RPL13P12	-0.737746141689052	7.70960863664263	-1.8529034965911	0.0929410715593683	0.336795426923605	-5.39056719030919
SUZ12	0.316306896826165	6.15577528643684	1.85276557752533	0.0929622228480027	0.336795426923605	-5.33223241856404
MIR5587	-2.21823107272611	-3.02636153420129	-1.85274402425681	0.0929655286618641	0.336795426923605	-4.41007852445086
TMEM63B	0.323744882618879	6.24911338860452	1.85257503513213	0.0929914517668667	0.33683821206857	-5.33720398537548
TLN1	-0.671527339210853	6.73319905191288	-1.85218112241172	0.0930519042844809	0.336969076013027	-5.35892067484551
STRN	0.521767874142581	6.07741020759215	1.85215563621339	0.0930558168182789	0.336969076013027	-5.32899853383071
FICD	-0.462288761057969	2.45542256469566	-1.85185498366137	0.0931019831921886	0.337085108138344	-4.92328762995462
SOWAHC	-0.341332625118291	4.57981777662694	-1.85153949554619	0.0931504503508331	0.337162512639004	-5.20362660539211
LINC01630	-1.50542029319662	-2.87466681962049	-1.85141452404697	0.093169655652463	0.337162512639004	-4.42251120064108
CFAP92	0.763695386478378	2.86187639674903	1.85137160554728	0.0931762521010129	0.337162512639004	-4.97510951204686
C21orf91	-0.395710654924208	4.93598493820369	-1.85132176157226	0.093183913515863	0.337162512639004	-5.24317512453207
BMERB1	0.561402759135855	4.74574113650498	1.85125617407226	0.0931939957212683	0.337162512639004	-5.22305980469248
TRIM16	-0.562083642556783	3.12593949704444	-1.85080633589899	0.0932631726278488	0.33736164612138	-5.01092870624087
PSMD9	-0.683379881060402	2.10934113703929	-1.85041387294172	0.0933235649703339	0.337528947590083	-4.8845390958319
WDSUB1	-0.566483106680708	2.84040943848396	-1.85016515737921	0.0933618560881105	0.337567399797351	-4.9741127825584
PHF20	-0.395293768673072	6.48287843028948	-1.85016107951577	0.0933624840181972	0.337567399797351	-5.35165979772104
ERCC6	0.451446369264593	3.53937163636527	1.84981603446912	0.093415629919322	0.337708397346934	-5.06904382807
WWC3	-0.446050666462345	5.59582095963316	-1.84957271439823	0.0934531243107808	0.337759218642372	-5.30285475477537
RPL19P5	2.33726200107701	-2.97195059892629	1.84954113622445	0.0934579913652416	0.337759218642372	-4.41826507730903
APLP1	0.668518584316379	5.77589544952487	1.84936618022412	0.0934849610749657	0.337792694536924	-5.31540678602696
PI15	-0.733111995432498	-0.828560974037498	-1.84924039866611	0.0935043549124808	0.337792694536924	-4.59358615702722
ZNF225	0.489851503226745	2.87063822477755	1.84914020577501	0.0935198059747361	0.337792694536924	-4.97955536519806
WWTR1	-1.58160149086607	3.92554786120086	-1.84905362113252	0.0935331603631177	0.337792694536924	-5.12346018401688
FBN2	0.608804582597269	6.12885208319739	1.84900379278329	0.0935408464394988	0.337792694536924	-5.33648478810648
NDUFA5	0.5639009708861	6.28652397128554	1.84893037085902	0.0935521729119314	0.337792694536924	-5.34451549599436
NUDT6	0.506095172003064	2.96761518267971	1.84867344950762	0.0935918169814182	0.337884721811452	-4.9929677894364
CFDP1	-0.357987161932497	6.17226170758747	-1.84836568403508	0.0936393269172582	0.337990148917076	-5.33968232868664
ASB6	-0.428997219072188	4.65264989702562	-1.84806206955601	0.0936862178584255	0.337990148917076	-5.21729212404671
IVD	-0.506523024363403	6.05879799313242	-1.84805684568088	0.0936870248355997	0.337990148917076	-5.33414196417082
EIF3G	-0.344967063612363	7.29569392252562	-1.84804260113054	0.0936892253470679	0.337990148917076	-5.38511532725042
ENSG00000287575	-1.54055419073376	-4.00987929177735	-1.84802576292374	0.0936918265904962	0.337990148917076	-4.35301615989362
GSTA4	0.661952247970646	5.16352580207478	1.8477744512719	0.093730658284551	0.33807454216487	-5.27043394122855
HNRNPUP1	0.913541302748614	4.87587116816063	1.84769103636277	0.0937435505110451	0.33807454216487	-5.24243829436434
HERC6	-1.1185702615696	2.43163340966717	-1.84756492821772	0.0937630443139523	0.338093757159858	-4.9267372527938
ENSG00000303047	-1.38897141482712	-3.22798878188926	-1.8469017385504	0.093865621744805	0.338369137078139	-4.40432054335836
TOMM34	0.443511849838076	6.25491950208592	1.84688785937689	0.0938677695811941	0.338369137078139	-5.34603987743341
HSD17B4	0.365765490588709	8.37176794844961	1.84671332576913	0.0938947829569812	0.338384660809657	-5.41782322238377
MTND4P9	1.32258377561572	-3.36750599027461	1.84667683365912	0.0939004319161334	0.338384660809657	-4.39530721538359
KIDINS220	0.466231403252871	6.39792756212888	1.8462632864946	0.0939644707001453	0.33849777887624	-5.35372616856122
PUS3	0.350653229099805	4.7266955889773	1.84625296463118	0.0939660695808026	0.33849777887624	-5.22844051353509
ROR2	-0.519836327446962	4.31334353010575	-1.84619938398647	0.0939743697504489	0.33849777887624	-5.17899576754665
ENSG00000233547	0.991745874195272	-1.47981952977283	1.84606968842207	0.0939944636697341	0.338519068116123	-4.53915672498176
PCBD2	0.42467167994567	3.44331146823688	1.84524447761842	0.0941224075824539	0.338907762284987	-5.06256217291491
APP	-0.348941605261176	9.5725495528705	-1.84518365399709	0.0941318442656518	0.338907762284987	-5.44686469753517
PXDNL	-2.17095278896362	-2.88074404897588	-1.8450989366036	0.0941449894812697	0.338907762284987	-4.43078719211846
AP2M1	-0.456659046471305	8.71495718889902	-1.84500162149419	0.0941600915162378	0.338911009533713	-5.42869732511259
R3HDM2	0.659139524399778	4.84075415874788	1.84473277625273	0.0942018243979247	0.339010093924196	-5.24311945041985
NUTM2B	-2.01357777050161	-2.56677449338337	-1.84415724776313	0.0942912210903199	0.339280653363888	-4.45475632056355
GCGR	-1.39817244490295	-2.78486283524155	-1.84360728438813	0.0943767198253068	0.339537107638016	-4.43966789446093
ENSG00000237531	1.38092905539936	-2.04417469042128	1.84319684617852	0.0944405741756128	0.339690573361782	-4.49609636310096
ZBTB21	0.432553330275156	4.93375247943397	1.84307057641308	0.0944602267337815	0.339690573361782	-5.25531146793859
GDF15	0.891191689071663	2.90236517996272	1.84305870467385	0.0944620746387124	0.339690573361782	-4.99270499590954
PDCD7	-0.355874353176151	4.89049812411467	-1.84269660983992	0.0945184528041599	0.339810175813712	-5.25144264138415
TTC36-AS1	1.11635691479334	-2.11251546122872	1.84266221734591	0.0945238093278265	0.339810175813712	-4.49141955906431
RNF212B	-0.878441106085917	-1.40865301416599	-1.84229893537891	0.0945804064486271	0.339962433841775	-4.55069632517918
RPL17P6	0.693899592639575	7.15230629078774	1.84204892084994	0.0946193753325264	0.340051292133927	-5.38936951311562
TBC1D8B	0.491462986180936	4.00809593770842	1.84158247963912	0.0946921174363728	0.340261482513386	-5.14582950087963
ENSG00000299172	0.787979609140649	-0.86633274743867	1.8410854919846	0.0947696799999819	0.340488928580396	-4.60168612372466
MCM8	0.426199306623032	4.36551055803436	1.8408631208394	0.0948044033886192	0.340562416567757	-5.19358970855586
SCAPER	0.524434683308215	3.59419770566178	1.84056849415104	0.094850427578918	0.340659763470059	-5.09039624131963
DBF4	0.362117599519072	6.14316840554942	1.84043005493242	0.0948720605385055	0.340659763470059	-5.35010708740371
PACSIN3	-0.599861759448369	4.84868775213516	-1.84038187853131	0.0948795898047588	0.340659763470059	-5.25048118258094
RSPO3	-1.6489787660403	-2.69952408521502	-1.84032426008349	0.0948885954476454	0.340659763470059	-4.45034955734475
RIPPLY2	0.821570396592273	-1.54836722606145	1.84001759327753	0.0949365400796002	0.340780628978766	-4.54175892029
TFB1M	-0.444900601571725	4.46535018216064	-1.83990585420116	0.0949540150388244	0.340792101794229	-5.20728506111083
THOC7	0.399670541526095	5.71046947409555	1.83978637463855	0.0949727038169559	0.340807926928174	-5.32544232626438
ENSG00000287021	1.30222832770643	-2.9863221824617	1.8396021889994	0.0950015204415691	0.340860085444818	-4.430922278697
CRTC3-AS1	-0.865715014238372	-0.665498931621106	-1.83919571835821	0.0950651430019024	0.341001025029664	-4.62328161731891
EEF1AKMT2	-0.554707677735469	3.22337224407796	-1.83916867724663	0.0950693769869436	0.341001025029664	-5.0413497590945
SLC6A19	1.64607611169461	-3.60396208202435	1.83867889234125	0.0951460955476304	0.341206619731149	-4.39078127153854
CORO1B	-0.68375732557847	6.0060016585014	-1.83862022990398	0.0951552880936242	0.341206619731149	-5.3453784554328
OIP5	-0.396443817577857	4.57799073799659	-1.83841203881908	0.0951879187446853	0.341272353414361	-5.22304254502308
ENSG00000296368	-1.37001907807239	-1.9649306536452	-1.83825254106727	0.0952129244602173	0.34131073416822	-4.50936249179418
CTDNEP1	-0.503805434398474	6.16706037687854	-1.83811239933455	0.0952349005739748	0.341338244781357	-5.35480184594669
NTF4	-0.927008598985529	-0.729327761987017	-1.83801757235605	0.0952497733730983	0.341340291455816	-4.61895010689492
ENSG00000285706	-0.871462857564772	-2.12841212441483	-1.83771662004301	0.0952969893341911	0.341458226158105	-4.49706264422063
ENSG00000300535	-0.884499172366008	-0.60015120805741	-1.8374431727691	0.0953399087603909	0.341560732870647	-4.63197772947543
EVC2	-0.54132058688224	3.0461356168348	-1.83727444092074	0.0953664012626118	0.341604367242197	-5.02026204792688
LNPEP	0.518760702696749	3.22212618734969	1.83706893147702	0.0953986773534419	0.341668702340126	-5.04429070990716
ITGA10	-1.52569385762425	-2.13888729256356	-1.83657381659871	0.0954764784669029	0.341850175826692	-4.49783148626798
KIAA0319L	0.307970977919414	7.02199226677533	1.83656417851969	0.0954779935501207	0.341850175826692	-5.3930955997941
SLC6A2	-1.03171975658687	-2.91746352480816	-1.83641918812914	0.0955007883682168	0.341876834736244	-4.44012955375625
ENSG00000227077	3.03209693740879	-1.57532684548276	1.83633460937514	0.0955140878208938	0.341876834736244	-4.54462122529477
SENP3	-0.874845190827183	4.28249678729244	-1.83574949351203	0.0956061401584153	0.342155007821397	-5.19063066293079
CCDC134	0.360098249495158	4.69733433064941	1.83524701388765	0.095685257079099	0.342353049366424	-5.24158821941266
SIRPA	0.449292610768046	4.43075990165402	1.83518736051986	0.0956946536821242	0.342353049366424	-5.21008750277096
BAZ1B	0.376683038120095	7.31011836387725	1.83512479311061	0.0957045102179907	0.342353049366424	-5.40498011024303
POLR3GL	1.01533219075751	2.32106569953441	1.8349934620133	0.0957252024584365	0.342375754094935	-4.93199327545092
ENSG00000269984	1.48124848841048	-3.95093321214415	1.83489564901459	0.0957406163366012	0.342379575982269	-4.37422665677066
ENSG00000223751	0.95232849700633	1.90364388314947	1.8347624401055	0.095761611760187	0.34240335398957	-4.88423233229397
TRIM26	0.593030916474556	5.80338092171403	1.83435356607803	0.095826081997452	0.342497659034515	-5.33967125716294
PLAAT3	-1.62592528139375	4.65102966073637	-1.83434778866123	0.0958269932523356	0.342497659034515	-5.23759609273798
SLC18B1	0.547319299963706	5.30627808623762	1.83432214979415	0.0958310372913433	0.342497659034515	-5.30311099419902
ENSG00000273010	1.27939735133116	-3.66850057005201	1.83402815467022	0.0958774206077104	0.342612127211293	-4.3929543472169
IMMP2L	-0.520852886855588	2.00520058115123	-1.83387000413995	0.0959023804059582	0.342650016938474	-4.8969762864114
FRMD4B	0.738601371925653	3.392542065552	1.83367743102959	0.0959327809559822	0.342707331698313	-5.07268176522025
ATXN7L1	0.67406465455874	5.33975822644823	1.83355575180066	0.0959519944176949	0.342714390458055	-5.30706163621129
PDXP	-1.41444686713104	-0.725034066418329	-1.83346284103823	0.0959666676496145	0.342714390458055	-4.62584441688552
CACNA1G	0.593287927662308	4.34048529319677	1.8333548077317	0.0959837317549745	0.342714390458055	-5.20163223224888
LINC03060	-1.02565499346978	-2.65806844667315	-1.83327407289542	0.0959964858284493	0.342714390458055	-4.46309461666678
ZNF747-DT	-0.666660178822155	1.68374240914485	-1.83312219743936	0.0960204825576409	0.342714390458055	-4.86246732426408
LANCL2	0.639132915746111	4.58688631391346	1.83311947390419	0.0960209129338841	0.342714390458055	-5.23197212455109
ENSG00000309428	1.27907804174832	-2.02333226259385	1.83287196122279	0.0960600325930537	0.342792046222253	-4.51217865859055
SLC9A2	1.06402612296502	-2.05550322014935	1.83270011605468	0.0960872015428194	0.342792046222253	-4.50984497311648
ENSG00000287513	1.13274023788663	-2.3607505914826	1.832603730014	0.0961024433996489	0.342792046222253	-4.48619725930451
ENSG00000286482	1.25783136641247	-2.37132705819356	1.83259527347082	0.096103780768137	0.342792046222253	-4.48540511154389
WFIKKN1	-1.35376288220166	2.68583298778041	-1.83252760225858	0.0961144833166847	0.342792046222253	-4.98038459853426
IPO11	-0.400727858873045	6.09677567028103	-1.83171400948376	0.0962432430722732	0.343199982430292	-5.36070409643768
ENSG00000304926	-1.30699252831098	-3.2588422465335	-1.83156615854753	0.0962666591004069	0.343222809790376	-4.42317581254253
MT-TT	1.60896195666296	0.66547556135022	1.83148126578414	0.0962801064389985	0.343222809790376	-4.76055173315615
HCN3	0.908818356847553	3.20020745903759	1.83136773037363	0.0962980935840996	0.343222809790376	-5.04975070160299
RUSC1	0.345623652458729	6.01167641303776	1.83123826723302	0.0963186078946699	0.343222809790376	-5.35674364395235
ENSG00000309956	1.49001636295418	-1.67705314613658	1.83121971631348	0.0963215477427385	0.343222809790376	-4.54310795906468
ZNF613	-0.413669317231083	3.43204902874337	-1.83103851968821	0.0963502671328503	0.343273895455999	-5.082069288004
UAP1L1	-1.10050794101188	3.22977671756749	-1.8308696679422	0.0963770369700269	0.34331802109905	-5.05450559025919
ENSG00000301688	1.61180816492385	-3.22527177703097	1.83032992943685	0.0964626532771456	0.343528693793737	-4.42713612756711
ENSG00000294848	1.12374325413921	-3.21146262859913	1.83028147134679	0.0964703433895793	0.343528693793737	-4.42814156762275
CABP1	-0.56165505715316	2.27198098901818	-1.83022467241775	0.0964793578790555	0.343528693793737	-4.93316758138883
ENSG00000248636	1.21098003369409	-2.6815857135303	1.82986035037149	0.0965371974203637	0.343676467261954	-4.46608229106126
IL17RC	-1.46012892382667	0.144913053984019	-1.82977377128255	0.096550947352888	0.343676467261954	-4.71320504866014
EIF4A1P10	-0.608444744850635	7.00002033680183	-1.82969122361029	0.0965640587195148	0.343676467261954	-5.40260692217761
TBC1D7	-0.401816315672922	4.77028517258621	-1.82947870800651	0.0965978209328118	0.34374536934597	-5.25827200279188
POGLUT3	0.325875123690238	5.20548398699023	1.8287184025568	0.0967186990918725	0.344124208590597	-5.30274009356773
POFUT2	-0.678612436861916	4.98385994648536	-1.82844250877974	0.0967625968182843	0.344229080080786	-5.28219457127872
FMR1-AS1	-1.30963163612917	-2.12643415547391	-1.82834308362434	0.0967784209425335	0.344234064476222	-4.51026951384188
EHD1	-0.638125758135837	5.46379281624445	-1.82799512874992	0.0968338188400079	0.344348519512084	-5.32531463353094
TEX14BP	-1.1305835090829	-3.14610371587079	-1.82795974072564	0.0968394546011274	0.344348519512084	-4.43577811275774
ENSG00000268069	-0.848280168114782	-1.96666472519763	-1.82777858134242	0.0968683100752963	0.344362976086839	-4.52384545995451
FHIP2B	-0.462395780201973	4.30184543238673	-1.82775305262318	0.0968723769827392	0.344362976086839	-5.2050102227724
RPL5P23	1.7985882037495	0.642432706913995	1.82762751848067	0.0968923777535502	0.344364753438282	-4.76388212748856
NUDT13	-0.636249367409587	1.13324434089856	-1.82756880284462	0.0969017339460973	0.344364753438282	-4.81278323535137
ENSG00000284966	1.47879273301727	-3.5585258914603	1.82715011577593	0.0969684747923085	0.344550630916782	-4.40931904269653
FAM171A1	-0.354334389357027	6.18759800138561	-1.82699096495616	0.0969938553276447	0.344589512519336	-5.37248184599317
RITA1	-0.479672022519767	5.1142200349746	-1.82685524803584	0.0970155035735601	0.344615124838541	-5.29716658849364
ENSG00000272163	0.544480807844155	3.53898063510126	1.82671261824861	0.0970382592809865	0.344644662836206	-5.10328517956917
TONSL	-0.769145247964389	6.00178185672417	-1.82644673409559	0.0970806925689435	0.344695629548577	-5.36334991480533
SCAND1	-0.812551953142215	4.66994646052528	-1.8264417122219	0.0970814941896985	0.344695629548577	-5.25156138238544
TCIRG1	-1.00056779231913	3.33121682825947	-1.82631135588325	0.0971023045579503	0.344718236335654	-5.07513396147847
CALCOCO2	0.543700403613144	5.69307148757929	1.8261959046097	0.0971207388742124	0.34473240254474	-5.34459080289002
CGNL1	-0.703910882818452	5.77205298400253	-1.82581344327647	0.0971818301638613	0.3448979539808	-5.3504198161809
PARP1P2	0.734570094039818	2.40906964389255	1.82546801030912	0.0972370372040684	0.345042576115001	-4.95652667538931
ENSG00000254702	1.49343549621929	-3.35432633194678	1.82458070962881	0.0973789776265169	0.345494880186127	-4.426254810208
VCPIP1	0.369563222138179	4.59694112552765	1.82358760874673	0.0975380686426303	0.345962400683729	-5.24733293280296
RCAN1	-0.518254877762717	2.54793770305309	-1.82357717833591	0.0975397408220895	0.345962400683729	-4.97629959707985
ENSG00000306884	-2.05992550688757	-3.3769207734407	-1.82345301299918	0.0975596487469401	0.345981595340746	-4.42627572239007
ENSG00000300190	-1.44033502691806	-3.36881992754092	-1.82335601493852	0.0975752034319063	0.345985348434008	-4.42694803084845
SHTN1	-0.632280400128088	4.41386992942556	-1.82317615008499	0.0976040527326879	0.346036233893503	-5.22589098557041
ALOX12P2	0.758674463813227	2.2363513089837	1.82308037408209	0.0976194178577894	0.34603930580898	-4.93944095706769
RPL10A	-0.333916437393127	9.3842932538657	-1.82297604087484	0.0976361583253497	0.346047251373793	-5.47637732595643
ENSG00000256417	0.750785891165978	0.324535626252504	1.82275707620653	0.0976713002144851	0.346077051922812	-4.74031585712338
PSMA2	1.08280832070673	-0.54990297603825	1.82274295511786	0.0976735669230343	0.346077051922812	-4.65771226655723
MRM3	-0.570755200698921	4.36059991683704	-1.82228051148349	0.0977478248127479	0.346271868836512	-5.2206318050798
SEMA3B	-1.12860476328318	1.39839267252853	-1.8222198654602	0.0977575670264558	0.346271868836512	-4.84795642011998
HPRT1	0.551864481908639	6.08882296966123	1.82183829786261	0.0978188827445395	0.346437642745797	-5.37502620017728
GPRASP3	-2.08100329304937	-2.82324164630206	-1.8215956200436	0.0978578980567957	0.346483747128841	-4.46717999019374
CAMLG	-0.306146652589656	5.66264541281206	-1.82157673280861	0.0978609351571425	0.346483747128841	-5.34939806233297
ENTR1P2	1.74697375367768	-2.87638830637717	1.8212545068777	0.097912762993614	0.346615828295548	-4.46384083916299
PLSCR4	0.63589024088776	0.73320914241499	1.82105953785987	0.0979441346711946	0.346625496788557	-4.78223479021071
IFIH1	-0.835834990197504	0.580723768470887	-1.82105701550665	0.0979445405933729	0.346625496788557	-4.7673758475758
PLEKHA2	0.635774815320367	4.39928268892354	1.82081599893875	0.0979833345081763	0.346651817895338	-5.22761109534002
ITGA2B	-0.956062578371402	2.97296272292183	-1.82075255504904	0.097993548754026	0.346651817895338	-5.03491787470547
STIMATE	-0.919230018685318	1.18602374339107	-1.82074011928066	0.0979955509841978	0.346651817895338	-4.82808429083846
FSCN1	-0.730330397358657	8.92767268773498	-1.82064281680047	0.0980112185402244	0.346655861425539	-5.47007436656526
ILKAP	-0.580379728926856	4.21967969923378	-1.82032345575842	0.0980626579351078	0.346774063418274	-5.20546268851125
TLL2	0.483489469373144	3.70208310414523	1.8202549394151	0.0980736970743433	0.346774063418274	-5.13548387302855
ENSG00000253477	0.730841945280847	0.440509233530514	1.81991081519732	0.0981291585609871	0.346918771644953	-4.75549557898355
SNRPF	0.599162940120308	6.46821126299459	1.81980371317933	0.0981464257557433	0.346927950873163	-5.39647549135049
ENSG00000290127	1.39257622086294	-3.3617804013146	1.81971440232584	0.0981608267585567	0.346927950873163	-4.43235687614681
SLC6A6	-0.499357545462246	7.46764238177471	-1.81958413575166	0.0981818351808426	0.346950823254541	-5.43322139249263
STPG2	-1.68652239598379	-3.11749896163155	-1.81922782822933	0.0982393189018648	0.347054855219314	-4.4496544205139
ENSG00000293486	-1.36623744928396	-0.828628361751186	-1.81922139508612	0.0982403570562569	0.347054855219314	-4.63627337916129
STOX2	0.617959348974241	5.27657389641638	1.81879451877332	0.0983092671358867	0.347169175851203	-5.3237676286417
GFOD2	-0.59250241138931	4.66193296618299	-1.81875645893863	0.0983154132398352	0.347169175851203	-5.26205989719085
HNRNPD	0.315717359666166	9.39363262162559	1.8187506234306	0.0983163556198214	0.347169175851203	-5.4828842506984
LBP	0.681772359417721	-0.375078287658842	1.81839878877154	0.0983731889589702	0.347318476462092	-4.68049206224525
KCNC4	-0.554610623161858	3.83929271651401	-1.81815959739407	0.0984118437800942	0.347372389343969	-5.15760396746754
C5	1.23849167852081	1.96348633571216	1.81812418361177	0.0984175680539623	0.347372389343969	-4.91528746480296
ENSG00000293917	-1.23343038884269	-3.5598368263109	-1.81782239251524	0.0984663618897054	0.347420521638585	-4.42183450203174
SNHG14	-0.466547791397378	9.35534826500315	-1.81779661931858	0.0984705299510519	0.347420521638585	-5.48352070999671
GPSM3	-0.72118186158629	2.58810772358823	-1.81769572865078	0.0984868476266189	0.347420521638585	-4.98990808250311
ODF2L	0.5078690845648	4.44301893008865	1.81767975737138	0.0984894309886734	0.347420521638585	-5.2376217892408
ENSG00000287214	-1.64779002786817	-3.68793143609794	-1.8170245311626	0.0985954677965605	0.347743169779889	-4.41464523307474
HMGB1	0.456060266903618	9.20262417144584	1.81688158512815	0.0986186150165144	0.347773416755194	-5.48168628049864
PLAT	0.988564565414578	3.59202775048109	1.81670352186274	0.0986474557409045	0.347823729674718	-5.12544020557434
KANSL1-AS1	0.995392466758787	0.926237228781544	1.81628930058122	0.0987145767002361	0.347984065217131	-4.80823169057448
PHKA1	0.380430471086288	4.2666401665159	1.81621183482255	0.0987271340064303	0.347984065217131	-5.21761150914167
TEDC1	-1.08753183064621	3.03504293982702	-1.81615301694263	0.0987366694452763	0.347984065217131	-5.04993220166068
PRUNE1	0.42287002725149	5.92594103611539	1.81578669428935	0.0987960759863196	0.348142026511958	-5.37488053232726
ASCC3	0.350086536385901	7.082662502814	1.81564366666008	0.0988192796812998	0.348168422992721	-5.42647709409927
HCST	-1.14024442674351	-1.56602012592152	-1.81556069581119	0.0988327425221302	0.348168422992721	-4.57456883428913
DHX32	0.331949501858268	5.49923443807862	1.81523900019773	0.098884956738365	0.348300953730011	-5.34701518555509
LMX1B	-3.23325852799937	0.16453542163304	-1.81502930451204	0.0989190059472208	0.348369472471937	-4.73623286828944
ASAH2	0.957242824269919	1.59329783370334	1.81485209849132	0.0989477880563534	0.348394369290073	-4.87934272414137
PLEKHG5	-0.68037876735808	4.36326968276406	-1.81480604123864	0.0989552700137179	0.348394369290073	-5.23205356681505
LINC00622	1.29560702935692	-1.75697466736367	1.81431044660976	0.0990358117590558	0.348626507264511	-4.55998904639302
ENSG00000291054	0.967624665452782	1.03411527593853	1.81418817908053	0.099055691363171	0.348645064999971	-4.82211293290341
FAAH2	-0.612798081483732	1.97626549123287	-1.81399404578946	0.09908726322033	0.34870476427007	-4.92275530221766
SLIT2	0.877196825254736	3.82642608913774	1.81364015034565	0.0991448409282922	0.348834946429527	-5.16250938335934
SLC25A25-AS1	0.837022429485326	1.25306564553358	1.8135246056759	0.0991636463413944	0.348834946429527	-4.84544256398681
ENSG00000298413	1.20897713275321	-1.65513759288492	1.81349722662961	0.0991681028836612	0.348834946429527	-4.56977681190401
ENSG00000255038	1.37276855322061	-2.96242901781873	1.81307204720146	0.0992373337861681	0.348977890265345	-4.46890505358928
LINC00954	-1.732016597027	-2.44812367776403	-1.8130377007862	0.0992429282627395	0.348977890265345	-4.50660241788833
FGD4	0.52309020957761	5.27153787936331	1.81296615427369	0.0992545829639959	0.348977890265345	-5.33200740724313
ENSG00000309896	-1.87179092164859	-1.2487405080382	-1.81288854561726	0.099267226589493	0.348977890265345	-4.60637991125762
UFD1	0.524942864739129	6.13255541580804	1.81271712109513	0.0992951594782862	0.349008209982098	-5.39093605960998
GPAT4	-0.474621183883738	6.09402966116324	-1.81265614405986	0.0993050971629625	0.349008209982098	-5.3889836627361
RRH	0.86776528493208	-2.0177704117328	1.81254416381181	0.0993233494333809	0.349012940906261	-4.5409052164239
ARHGAP19	-0.4028815485419	6.03069958444165	-1.81239971048803	0.0993468992140447	0.349012940906261	-5.38590125907242
ENSG00000279168	-1.77610976130556	-3.31591017008641	-1.81234757121696	0.0993554005772091	0.349012940906261	-4.44542304057329
ENSG00000269937	-1.9142031333842	-3.73856676222168	-1.81228909335102	0.0993649362491324	0.349012940906261	-4.41778345413832
NCF1	-1.26882736359753	-3.50974020351825	-1.8117773631738	0.0994484171775752	0.349254763504589	-4.43326690743012
ZNF713	0.647793859576334	1.31726471546646	1.81155542152344	0.0994846435561854	0.349292226763473	-4.85495374768871
EIF4G3	0.370206242471471	7.17613348131385	1.81145611232053	0.0995008572001176	0.349292226763473	-5.43591463771999
MEIOSIN	-1.34698366417532	-2.8600190903388	-1.81122566519805	0.099538490320325	0.349292226763473	-4.4787286395441
HMCN1	1.02764717529736	4.12378655457323	1.81108670482061	0.0995611895270496	0.349292226763473	-5.20649212009457
COQ4	-0.375458851379611	4.68932485342257	-1.81106945840984	0.0995640070631023	0.349292226763473	-5.2766301291038
RBFADN	1.43703794486356	-2.11576831576079	1.8110246632499	0.099571325563952	0.349292226763473	-4.53514929978974
AGPAT3	-0.706406609942694	3.15270322887508	-1.8110160722215	0.0995727291971821	0.349292226763473	-5.07332270225356
CLSTN1	-0.430331117187574	7.6536617596442	-1.81091595396429	0.0995890882178947	0.349292226763473	-5.45179994222893
ZNF805	0.464283892128065	3.27025913041952	1.81090548386954	0.0995907991421392	0.349292226763473	-5.0894837087534
LSM5	0.483444009744809	5.76531119872125	1.81067795343569	0.0996279866828043	0.349335628081962	-5.37251995437184
BICRAL	0.393232483443359	4.80373665892798	1.81065066640139	0.0996324473270171	0.349335628081962	-5.28990311407265
LYSMD4	-0.542196057061174	3.47878699093506	-1.81018008798895	0.0997094021729961	0.349409847544399	-5.11937441021842
FKRP	-0.599168729749896	4.27959696714616	-1.8100759213013	0.0997264441765096	0.349409847544399	-5.2283684754268
GCHFR	-0.624265930065956	3.67531814421297	-1.80996188889268	0.0997451033068572	0.349409847544399	-5.14698794337892
LINC00920	1.02450154912383	-2.65117278354734	1.80992086250842	0.0997518172400237	0.349409847544399	-4.49571307328187
HDAC2-AS2	-1.13014756104376	3.17856023205621	-1.80991996623873	0.0997519639184283	0.349409847544399	-5.07842750926083
HAO2	1.23766858937174	-3.53742212313702	1.80989981084126	0.0997552624885112	0.349409847544399	-4.43398077732338
LY6K	-1.33464365530008	-3.93071123061717	-1.80988169760217	0.0997582269306196	0.349409847544399	-4.40897811199923
APCDD1L-DT	1.22742405611656	-0.986450915984049	1.80980528206811	0.0997707341104905	0.349409847544399	-4.63478209468478
FOXB1	0.696744952696283	3.88691168736958	1.80969206479094	0.0997892673959064	0.349420437428759	-5.1766087570775
UTP14A	0.670140581634659	5.68955916817755	1.80960795097938	0.099803038586829	0.349420437428759	-5.36905177283814
ZBED5	0.367216264175988	5.86577599278222	1.80944866976877	0.0998291210295393	0.349460491582871	-5.38066992791748
ENSG00000218426	-0.38808799876457	9.11092064958306	-1.8091642701039	0.0998757072801518	0.349572298820264	-5.49122880959489
ENSG00000260740	-1.36278151311785	-2.46400605320682	-1.80894647147016	0.0999113973911566	0.349634706633373	-4.51103043324319
ENSG00000274422	1.68490232139644	-0.969808995264954	1.80887668072099	0.0999228362989165	0.349634706633373	-4.63764940985975
SNORA14B	1.47748570689209	-3.03322132210756	1.80869333076293	0.09995289361566	0.349647318134903	-4.46987605306239
ARL9	-0.774410702040676	0.370783221385187	-1.80867596911698	0.0999557402117755	0.349647318134903	-4.76495478439805
RECQL5	-0.651671964904343	4.46691797222617	-1.80844896202615	0.0999929668831412	0.349700372312382	-5.25422543314178
ABHD14A	1.06673082306605	1.04228926429617	1.80840479533254	0.100000211213475	0.349700372312382	-4.8312945025713
TTC13	0.480125269002693	3.21780600763938	1.80826049976091	0.100023882285016	0.349719167807383	-5.08619645918394
PWRN4	1.44494830538244	-3.11507415417278	1.80819339896602	0.100034891633678	0.349719167807383	-4.46483107178566
RPS6KA1	-0.450871667167703	6.19057361523147	-1.80798554377229	0.100069001863547	0.349748716674623	-5.40094791910305
PARS2	-0.47370000568589	4.34920670523076	-1.80796330480532	0.100072652037164	0.349748716674623	-5.24041264235603
STK11IP	-0.704823749588358	4.27823603991498	-1.80774875855179	0.100107872671999	0.349799932824645	-5.23163480936532
ENSG00000287045	1.08116492217013	-2.12198383703596	1.80732111275683	0.100178110354438	0.349799932824645	-4.53977887924287
PSMD4	0.402578047615389	7.58431009629569	1.80724606900945	0.100190440398317	0.349799932824645	-5.45518281192663
TAFA3	-0.921593753073729	-1.06829059908645	-1.80704972118845	0.100222707860633	0.349799932824645	-4.63108063257146
H2AC20	1.11108464092445	0.43237793116589	1.80700514593156	0.100230034608436	0.349799932824645	-4.77325720132885
CDC37	-0.426108805293724	7.23621498431522	-1.80695456307917	0.100238349407779	0.349799932824645	-5.44461092264043
CWC15	0.326667691951993	5.6139304255877	1.80687931740502	0.100250719447025	0.349799932824645	-5.36788338798783
KLHL17	-0.788061989413973	3.59402287359319	-1.80682169960191	0.100260192492317	0.349799932824645	-5.14028635250133
ENSG00000269887	0.995685158067046	-1.4921306783127	1.80678427051257	0.100266346715058	0.349799932824645	-4.59327909417091
LRRC66	0.971663156991817	-1.86706139174297	1.80675285876129	0.100271511813167	0.349799932824645	-4.56129531958843
ZNF85	0.512469348970114	4.44510090675405	1.80664953286548	0.100288503621216	0.349799932824645	-5.25421378321686
FBXW8	0.373752205126567	5.52696550378406	1.80663522243453	0.10029085716093	0.349799932824645	-5.36187878688934
ENSG00000232611	0.997694106693469	0.379358306440756	1.80656390780648	0.100302586550044	0.349799932824645	-4.76880320415546
QTRT1	-0.77112050055001	4.77629258807657	-1.80651973866623	0.100309851847822	0.349799932824645	-5.29302889078247
TMC3-AS1	-0.794532988598294	0.333099840336764	-1.80645294094694	0.100320840194014	0.349799932824645	-4.76453766751722
CHMP4B	0.299068471324064	6.41923033762742	1.80644707109275	0.100321805848439	0.349799932824645	-5.41416795555582
SEPHS2	-0.427855297127942	6.63378612390636	-1.80631853766026	0.100342953122965	0.349822562399328	-5.42354277384299
CLK4	0.459372119796005	3.23227683705632	1.80616472148413	0.100368265473601	0.349859703820422	-5.09124899232367
ENSG00000280296	-1.6024140883444	-3.58661550403355	-1.80587307412714	0.100416275718649	0.349975555524101	-4.43618327592539
SPSB3	-0.753358147693377	3.53401367619935	-1.8057166933577	0.100442027392146	0.349975555524101	-5.13357786689544
ARRDC3	0.731827626226026	4.93011326200027	1.80569565739519	0.100445491906821	0.349975555524101	-5.31058808572267
PTOV1	-0.723712049430647	6.79369241890925	-1.80541427561436	0.100491844570342	0.35008595159252	-5.4311981924304
TARBP1	0.538389499044929	5.02505791091038	1.80492624010594	0.100572286271387	0.350186201641489	-5.32122841635809
ENSG00000293339	2.13249713441168	0.116673965513278	1.804911471022	0.100574721543243	0.350186201641489	-4.74617328895714
ENSG00000278058	1.60594259841391	-0.775839847273511	1.80489781339762	0.100576973594813	0.350186201641489	-4.66154180168835
TTC34	1.05353776166254	-0.436897891422361	1.80488363930045	0.10057931085819	0.350186201641489	-4.69383797488329
ENSG00000275383	1.22046693451379	-2.34418039377937	1.80460263462424	0.100625657910093	0.350296466939934	-4.52615082848431
ENSG00000310264	1.4327082142265	-3.38962162722557	1.80449361248522	0.100643644569963	0.350307986721788	-4.45107601445579
ORC2	-0.356398320413888	6.34535584665921	-1.80434757642456	0.100667742467311	0.350332657319195	-5.41390458579402
LRRC27	0.760689201498714	2.53185754375645	1.80424498789975	0.100684674103968	0.350332657319195	-5.00261805414323
DSG2	-0.366595292893798	8.07767704219478	-1.80401252991508	0.100723049593721	0.350332657319195	-5.47405007180055
ENPP4	0.41263314432513	3.54889001854878	1.80398580028404	0.100727463132827	0.350332657319195	-5.13818503279745
ACSF3	-0.577756173309171	4.10414182637767	-1.80385501692097	0.100749060355204	0.350332657319195	-5.21455893041462
HDGFL2	-0.616717009482851	6.74598095030143	-1.80380221386868	0.100757781315592	0.350332657319195	-5.43174471539444
LCMT1	-0.335347810641152	5.90498401556066	-1.80376279771158	0.100764291745215	0.350332657319195	-5.39149243453854
SOWAHB	-0.791960290029333	-0.123876148446568	-1.80372627093395	0.100770325275565	0.350332657319195	-4.72511774605136
TBCE	1.35705587332674	-0.912509469125293	1.80355706532648	0.100798279149454	0.350332657319195	-4.65053017437667
CORO1A	-0.864301958424188	3.44439918716944	-1.80338162626868	0.10082727033347	0.350332657319195	-5.12458292504087
MTCO1P12	2.39212476078517	3.32994259899004	1.80328444153416	0.100843333332703	0.350332657319195	-5.10887692033872
GGA3	-0.341204104227733	5.9802380057521	-1.80328132323706	0.100843848773502	0.350332657319195	-5.39662381064444
ORMDL1	0.377674913464479	5.2194169367238	1.80326261767688	0.100846940771019	0.350332657319195	-5.34183639283999
ENSG00000230149	-2.02724631405637	-3.27838845778133	-1.80320641216151	0.100856231970511	0.350332657319195	-4.46033984204964
SLC25A34	0.904012661447729	-0.966519685957981	1.80200150481477	0.101055601059776	0.350941609803987	-4.64764216914893
OSBPL9	0.39435016005287	6.95014646208782	1.80187626132533	0.101076345083117	0.350941609803987	-5.44226386655188
VWA7	-1.4699686953938	-0.916053463465267	-1.80180760188577	0.101087718770946	0.350941609803987	-4.65266203818103
CRACDL	1.1202432080755	-1.552620416636	1.80179167245324	0.101090357707396	0.350941609803987	-4.59496553431713
EIF4G2	0.321466197733267	10.3051025696436	1.80141240554464	0.10115320729322	0.351108725780581	-5.52595472829958
ENSG00000289997	-1.23721863398421	-4.57191445795411	-1.8013072911593	0.101170632483139	0.351118145335914	-4.38897771848426
INPP5F	0.432057168172772	7.61646828526374	1.80104205274305	0.101214614234117	0.351150455111926	-5.46537119875343
ZNF90	-0.847648721557959	5.22150483132783	-1.80102946732197	0.101216701579878	0.351150455111926	-5.34532974568372
PCDHGB3	-1.06627597033813	-2.47922294587201	-1.8008472414974	0.101246928929227	0.351150455111926	-4.52100388728441
LINC02572	-0.869842529224818	-0.65075828877037	-1.8008070450282	0.101253597772963	0.351150455111926	-4.67920790825386
PDCL3P5	0.671441134179326	0.446556282473679	1.80078494602982	0.101257264305368	0.351150455111926	-4.7835339419564
FAM135B	0.786967196780248	-1.12744866733863	1.80071892412395	0.101268218985854	0.351150455111926	-4.6345131985216
SOX18	-1.52544864455678	-2.34782389995218	-1.80041971623107	0.10131787864542	0.351166589743629	-4.53162604133429
LINC01117	1.30947299732956	-3.6355420526604	1.80040488767942	0.101320340326375	0.351166589743629	-4.44034300377338
RBM46	0.977809730203598	-1.48723674283298	1.80033657249883	0.101331682005272	0.351166589743629	-4.60271299227331
CEP85	-0.424712628707201	5.76800822804597	-1.80033630773721	0.101331725963228	0.351166589743629	-5.3880423576273
MPPED1	1.00833893609433	-0.248527157492243	1.79997627105089	0.101391518454225	0.351322789045732	-4.71867539708057
FSIP2	0.974034089218732	1.27308183691341	1.79965430786535	0.101445015319169	0.351438435220172	-4.86756815213842
SNX5	-0.337799145416246	7.33017402511844	-1.7995981828796	0.101454343598566	0.351438435220172	-5.45861544265759
TMEM50A	0.439194386596854	6.99885904358852	1.79936713561689	0.101492753190484	0.351520467333811	-5.44774331835492
ADAMTSL2	-1.30188938866827	0.847539167775773	-1.79926797899496	0.101509241197511	0.351526561181224	-4.82491037807474
FAM111A	0.333800770773451	4.50289158226193	1.79899281235191	0.101555009433431	0.351535331855191	-5.27261013568478
NAF1	0.503429629802885	4.77759208756867	1.79898354495951	0.101556551199893	0.351535331855191	-5.30431708135332
ENSG00000260160	-1.22423080733119	-2.43863922452619	-1.79896580891751	0.101559501910018	0.351535331855191	-4.52666921191977
ENSG00000298831	-1.78524070830099	-3.35725346584209	-1.79889856661718	0.10157068959121	0.351535331855191	-4.46080331620948
ABTB1	-0.809784630403972	1.71891266043552	-1.79839867723516	0.101653895884167	0.351772297095464	-4.91680992125331
ENSG00000288838	0.729766504895259	-1.24607345164356	1.79798831990279	0.10172224626239	0.351920739516666	-4.62751878661647
FRMD8	-0.659448889579195	4.1768567634405	-1.79796409593961	0.101726282395168	0.351920739516666	-5.23291992024049
PCDH11Y	1.89721275643434	-3.20888570525684	1.79765749461179	0.101777380173068	0.352046482984147	-4.4726106432816
ZNF195	0.402624848757956	6.40899297653526	1.79754356427772	0.10179637364193	0.352061157761475	-5.42691592406293
ENSG00000272158	1.01342254688976	-3.58088991507354	1.79737093665091	0.101825158793872	0.352109687762003	-4.44797599463104
TJP2	-1.20625692959865	0.169376947597195	-1.79715015356384	0.101861984588087	0.352186004079948	-4.76225457564735
MORN1	-0.680125799142072	2.1367314645349	-1.79668124396694	0.101940237407203	0.352377073584761	-4.96632635088648
DYNLL2-DT	-1.45867620410936	-4.16445031750863	-1.7966075755514	0.101952536379573	0.352377073584761	-4.41245001995504
ENSG00000267277	-0.816972283126389	-1.06975784216991	-1.79655365205626	0.101961539790353	0.352377073584761	-4.64569292095905
LIN37	-1.1859427183896	-0.132143955950484	-1.79637452295144	0.101991453553517	0.352429422609206	-4.73479425031003
SF3A2	-0.55982995889891	6.50149992652185	-1.79627185195906	0.102008602773933	0.352437655241091	-5.43291302371621
TTC9	0.534531811914647	5.67069337902648	1.79593797418448	0.102064388903125	0.35257935590547	-5.38802621955255
DDX49	-0.583807562234235	5.04637032072637	-1.79569089579208	0.102105690093119	0.352670984870111	-5.33699321123462
GLDN	0.849402333453511	0.547539412399208	1.79556803582576	0.102126232843195	0.352680119838183	-4.80077298395757
VDAC1P2	0.927710965571584	4.40944794542961	1.7954983360553	0.102137888646312	0.352680119838183	-5.26630356669045
FAM3C2P	-0.506759400111113	3.66763914281588	-1.79443913724658	0.102315167003306	0.353175389154874	-5.16876148277681
FOXF2	2.2591203462745	-2.3275810822055	1.79435807143204	0.102328746601782	0.353175389154874	-4.54151804938594
ABCB4	1.01236352103492	1.22279636156756	1.79435631370162	0.102329041063194	0.353175389154874	-4.86999878769438
BFSP1	0.669976310330451	1.86497655178493	1.79428784589394	0.102340511643487	0.353175389154874	-4.93888539142403
ENSG00000244055	1.14976855203199	-0.0785291747455627	1.79411182399537	0.102370006426324	0.353226101399028	-4.74307507660403
NDE1	-0.426294219767994	4.85091716410319	-1.79371423499932	0.102436656318317	0.35329639937135	-5.32003851348716
ENSG00000258354	1.30789083278874	-2.90087756247451	1.79364879477614	0.102447630204876	0.35329639937135	-4.49973989133227
NME2	-1.09475026094601	-0.885009974616677	-1.79361883775532	0.102452654155282	0.35329639937135	-4.66710169545685
FBXO31	-0.457106889375456	4.34542314436778	-1.79356722174938	0.102461310960571	0.35329639937135	-5.26118091403826
ROBO4	-1.26811926147677	-4.03937497435828	-1.79354884394445	0.102464393365253	0.35329639937135	-4.42405652850063
TFEB	-0.70227617444416	1.54040103534227	-1.79334723100977	0.102498214327488	0.353361964661873	-4.90482335466565
RNF44	-0.351366705967584	7.21014067553462	-1.79324323931278	0.102515663129781	0.353371076244724	-5.46409875059935
ERICH6-AS1	0.662854543313987	0.295606687651488	1.79282661861028	0.102585595317224	0.353561069088257	-4.78043543355999
ENSG00000293183	-0.868073192807165	-0.678255486579858	-1.79260766393113	0.102622365616594	0.353612564013769	-4.68815768816059
ISOC2	-0.584426646182222	5.79233453164213	-1.79256120980102	0.10263016847209	0.353612564013769	-5.40113012117688
PRPF19	-0.484224193860329	7.3245871522624	-1.79244693340603	0.102649365678059	0.353627657424688	-5.46903610749064
ETHE1	-0.484191623277773	3.76401217127833	-1.79212018954279	0.10270427326074	0.353761634514109	-5.18551444944867
TNFSF10	1.22715589082553	-1.72537812734098	1.79203912237365	0.102717900330279	0.353761634514109	-4.59364065689576
RNF20	0.351283119644972	6.50875141268596	1.79168262493516	0.102777845767139	0.35380708513486	-5.44001434818248
SH3RF3	0.655557850907934	2.12611809104651	1.79159665951347	0.102792305735424	0.35380708513486	-4.97247391156692
ABHD11	-0.42613080934947	3.95814803195844	-1.79150982771344	0.102806913323547	0.35380708513486	-5.21311747628905
EMID1	-1.23303673413583	2.37797304907387	-1.7914544626733	0.102816228295474	0.35380708513486	-5.00244986930978
ENSG00000308747	-0.899607069054229	-0.572088617535705	-1.79136424053234	0.102831409505257	0.35380708513486	-4.70007299103248
SCAF1	-0.907404405247559	6.03532965844519	-1.79132156581048	0.102838590872692	0.35380708513486	-5.41741822110431
PIP4K2A	0.423973282111072	5.95040916484047	1.79130508705082	0.102841364066326	0.35380708513486	-5.4126361704317
FAM182B	1.4322363648604	-1.23181319754697	1.79125561411133	0.102849690227748	0.35380708513486	-4.63822296927699
STX18	0.386643982742426	4.84957684903416	1.79105904067902	0.102882779095203	0.35386990757533	-5.32381043218402
RFK	0.530692636155	4.3188086778525	1.79073243626971	0.102937777381862	0.354008059477365	-5.26194244571237
ENSG00000270574	-0.970513788862149	-0.992909240594783	-1.79022189850611	0.103023802848527	0.354252860191011	-4.66171359634723
CTBP2P8	1.32010991508854	-0.543047024932958	1.79011088675788	0.103042516996596	0.354255680376037	-4.7046183368635
GMPPB	-0.670251954566157	4.30909633876815	-1.79004094743389	0.103054308830218	0.354255680376037	-5.26170957212607
ENSG00000203644	0.861632443465844	1.42638323805976	1.78974282256586	0.103104586796664	0.354305733279135	-4.89791230316453
ENSG00000293293	1.37754138549886	-2.96065680435576	1.78968292214777	0.103114691548849	0.354305733279135	-4.50083806064712
ENSG00000272950	1.66969324498619	-3.17051582952128	1.78960892601858	0.103127175392319	0.354305733279135	-4.48614231035343
ENSG00000280114	1.32274397261113	-3.99393578137851	1.7895458273601	0.103137821821657	0.354305733279135	-4.432156979326
MEPCE	-1.46348897765899	1.91932903266516	-1.78951458015129	0.103143094432624	0.354305733279135	-4.9518772105518
ENSG00000296498	-1.5431414704363	-2.81362897831797	-1.78939066025696	0.10316400693198	0.354326572664495	-4.51183865270046
MDH1B	0.493041373353051	2.07787018741135	1.78881750744471	0.103260781619307	0.354522007431228	-4.97092013283075
HEATR5B	0.350549308695476	4.94470388016122	1.78880700156689	0.103262556271533	0.354522007431228	-5.33700985285677
KRT8P52	-1.19505377226028	-2.32940695754633	-1.78878974700908	0.103265470970876	0.354522007431228	-4.54901864380523
WDFY1	-0.34817830454242	6.62462074995841	-1.78864589532035	0.103289773821587	0.354554441507237	-5.44936254583424
PRODH	-1.40389231234943	-2.84902698576323	-1.78846870758452	0.10331971577831	0.354606220374018	-4.51052003415478
TMTC4	0.500448119839038	5.83279291311057	1.78818861535117	0.103367063173508	0.354628485928827	-5.41011904635378
TMEM74B	-1.05432630468747	1.82913964397306	-1.78810834225121	0.10338063636826	0.354628485928827	-4.94384617334876
ENSG00000296453	1.76000634190943	-3.46720872571	1.78809283269268	0.103383259031836	0.354628485928827	-4.4679450288663
SPRYD3	-0.618295561115116	3.06839619199199	-1.78803873979715	0.103392406606844	0.354628485928827	-5.09559004162247
LDB3	-0.734312178419226	0.00553041222354833	-1.78797434201021	0.103403297792685	0.354628485928827	-4.75976580263434
ENSG00000306911	-1.05717325250603	-0.608386842725884	-1.78790306085641	0.103415354341335	0.354628485928827	-4.70147075375887
LINC00997	0.89604167969094	0.114249373442942	1.78709109842484	0.103552781008794	0.355048732127122	-4.7713352553063
ADAMTS7P3	-1.11383975610186	-2.74292104896917	-1.78686931582576	0.103590347282926	0.355084471766634	-4.52043963242022
EPHA6	1.40002285778326	0.558687993515307	1.78685389353638	0.103592960024765	0.355084471766634	-4.81431523274269
ZCWPW1	-0.671438709195851	0.587433518059645	-1.78673219711509	0.103613579137281	0.355104148947371	-4.81729042800357
TGFB2-AS1	1.32690229907932	-3.64978023368886	1.78644044163191	0.103663026757135	0.355222607266697	-4.45810861857287
PDE4DIP	0.36263919452895	5.12264057865289	1.78628786624764	0.103688894292447	0.355260241182578	-5.35807354246893
BRD8	0.330930352599846	6.27661103446505	1.78602261942664	0.103733878116316	0.355336988046932	-5.43776431515822
PPM1G	-0.425994924052737	8.10077220903125	-1.78589712222502	0.103755167693176	0.355336988046932	-5.50152458128426
ENSG00000271766	1.49720307561867	-3.68876254333359	1.78589245903243	0.103755958842715	0.355336988046932	-4.45630807970082
GATD1-DT	-0.721500800048361	1.8363322401686	-1.78579218257481	0.103772972914631	0.355344267511262	-4.94799104594619
CD34	0.858961252546158	0.40703114390942	1.78548586688414	0.103824961795037	0.355442668831548	-4.8015864995191
NCK1-DT	-0.537906997116705	2.63950719111872	-1.7854473845111	0.103831494829411	0.355442668831548	-5.04343372126391
ENSG00000288818	-1.40746972763435	-1.82212147762952	-1.78507724129006	0.103894352095168	0.355590668561658	-4.59508078713091
AGTR1	-0.883450979846689	-2.61131831884279	-1.78500396490943	0.103906799922483	0.355590668561658	-4.53273644766469
ESRP1	-1.5830420283101	6.70963356336812	-1.7849296541102	0.103919424863517	0.355590668561658	-5.45826874207371
SDF2L1	-0.956086635475518	3.13018144877712	-1.78480979211806	0.1039397916219	0.35560937595182	-5.10865304549887
ZMYM4	0.290950201723913	7.37452294557071	1.7844818136223	0.103995539850654	0.355662521920246	-5.48242370462714
CCDC28A-AS1	0.754043994509302	-0.206593650799312	1.78444538148725	0.104001734097842	0.355662521920246	-4.74466671232015
SNTB1	-0.766775156958987	4.12124604406816	-1.78441465864806	0.104006957903848	0.355662521920246	-5.2454372841139
GAS8	-0.819524783636483	2.87555349893453	-1.78432612628598	0.104022012407003	0.355662521920246	-5.07540407682201
PA2G4P2	-0.76440471471463	1.06704439141204	-1.78428012946789	0.104029834731019	0.355662521920246	-4.86851856264926
STX12	0.410627401883318	3.92500460771165	1.78405511972282	0.104068108148513	0.355742414377048	-5.21951985848372
ENSG00000232454	1.3756083101976	-0.850782650140386	1.78377886610056	0.104115115574895	0.355750686018703	-4.68414594231767
SIRT5	-0.373678180820042	4.49883990821471	-1.78376934063584	0.104116736777699	0.355750686018703	-5.2945323826733
ANXA2R-OT1	1.45995960691109	0.134384438541611	1.78370150700474	0.10412828250584	0.355750686018703	-4.77806563800011
COL13A1	-0.984710791077164	2.67573476069054	-1.78356863314478	0.104150901896606	0.355750686018703	-5.05074953667402
TSHZ2	1.63152008576262	-1.25626691709299	1.78333094248569	0.104191375664575	0.355750686018703	-4.64707168496371
DENND4C	0.418524283298878	5.04274962207981	1.78326051175321	0.104203371310575	0.355750686018703	-5.35497101161039
ENSG00000277351	-1.09157551856649	-1.96229116715207	-1.78319850985133	0.104213932416296	0.355750686018703	-4.5859999372838
SLC25A25	-0.648188302545044	4.0210306275331	-1.78316721690616	0.104219263077348	0.355750686018703	-5.23390506991149
ENSG00000229896	1.27788258813181	-3.36537162830762	1.78310649008892	0.104229608422563	0.355750686018703	-4.48150090607894
ENSG00000287594	-1.25459181579214	-2.11962450220509	-1.78303522830804	0.104241749687487	0.355750686018703	-4.57345100717134
NR3C2	-1.40527747324776	-0.648474252115905	-1.7827836612604	0.104284620892552	0.355750686018703	-4.70483517053647
ALDH5A1	0.42254731485179	3.03564236439926	1.78271416203656	0.104296467554254	0.355750686018703	-5.09895478183318
ARL11	-0.789904050184888	0.308007503769052	-1.78268331705726	0.104301725705181	0.355750686018703	-4.79607011431342
PITPNM3	-0.783224431321456	3.01579936728845	-1.782667644928	0.104304397429544	0.355750686018703	-5.0963703846149
LURAP1L	1.1789555800837	-1.24775278949415	1.7826311670618	0.104310616278074	0.355750686018703	-4.64881900451666
ENSG00000259079	1.41729562969687	-2.5207415890129	1.78252718104236	0.104328345964121	0.355750686018703	-4.54292852528903
MMP11	-0.622082986241281	3.35727217887035	-1.7825184983545	0.104329826492738	0.355750686018703	-5.14304379317155
CERS6-AS1	1.06080068766057	-2.9011064527309	1.78240091294451	0.10434987846015	0.355750686018703	-4.51498321253675
NAP1L3	-0.492108299802465	6.04246465770297	-1.78232990063542	0.104361989971105	0.355750686018703	-5.43108575035752
LINC01968	-1.11106264771702	-2.91105069171302	-1.78229092005817	0.104368638852933	0.355750686018703	-4.51441483270659
SERPINA1	1.88797632724021	-2.36605245787906	1.78215475539758	0.104391867372551	0.355779051632252	-4.55527215528852
SCAMP5	-0.455123044389899	6.54687018908868	-1.78176562295373	0.10445827605209	0.3558301685904	-5.45628093297617
WIPF2	0.329888560594139	5.7993097046018	1.78175223892309	0.104460560834185	0.3558301685904	-5.41753139983249
SMARCE1P2	-2.27935559861469	-2.91940977504067	-1.78166372176743	0.104475672708843	0.3558301685904	-4.51466174019179
ZNF704	0.451346346398641	3.83847047768298	1.78164887973081	0.104478206774661	0.3558301685904	-5.21121527479899
CCDC192	-1.25758006688498	-1.88436434263022	-1.78163011668253	0.104481410377573	0.3558301685904	-4.59462838979375
PPFIA3	-0.998498260031104	4.63933677126148	-1.78145711141563	0.104510953524998	0.355880001110162	-5.3145463607042
VPS41	0.324084644919522	5.63647581670059	1.78126293965391	0.104544120243558	0.35594215661241	-5.407333860143
CYP26A1	-2.18169755489521	1.72875930615725	-1.78081802135576	0.104620153538756	0.356015042000786	-4.9432855305395
SLIT3	0.557109415032716	2.09903146495023	1.78076844267429	0.104628629300627	0.356015042000786	-4.98501175536602
USP36	-0.519797892840278	5.65323918680239	-1.78067951825715	0.104643833014205	0.356015042000786	-5.40934912728676
RPL3L	-1.33150202187696	-2.25388954220422	-1.7806259386476	0.104652994678406	0.356015042000786	-4.5661082539624
LINC01612	-1.72355880418931	-2.50544163963321	-1.78055629601929	0.104664904078987	0.356015042000786	-4.54677623347989
GGT7	-0.661395039304243	4.8261522346573	-1.78055060340159	0.104665877613108	0.356015042000786	-5.33675396922146
GAN	-0.361706950310174	4.4808579386154	-1.78052682715452	0.104669943843781	0.356015042000786	-5.29708693744102
TVP23C	-0.59214094259168	0.848587813835769	-1.7803734911527	0.104696170941012	0.356022344877868	-4.85209706752825
PCDH1	-0.366100974242189	7.75015517643886	-1.78033985618971	0.104701924778889	0.356022344877868	-5.49996656818339
EXOC3L4	-1.98046570394252	-2.78519884634108	-1.77984396801022	0.104786788482305	0.356195752142506	-4.52688030635101
ENSG00000260747	1.04959836391554	2.30738803896214	1.77982995098713	0.104789188194652	0.356195752142506	-5.01084012417876
HHATL	-1.22663324206567	-3.59955043033066	-1.77978026769871	0.104797694370666	0.356195752142506	-4.47029127018055
NPIPA3	-1.16691805747957	-2.96741928691601	-1.77960268308707	0.104828103429603	0.356230918804593	-4.51400093553991
LRTOMT	1.1961538072042	-2.91674770135132	1.77954552792348	0.104837892222879	0.356230918804593	-4.51772064430734
ENSG00000296895	-1.64350411864308	-3.72520073625304	-1.77928891367053	0.104881852061681	0.35632956059162	-4.46275336014328
NDUFA2	0.559854236474208	5.10983329790386	1.77890262770459	0.104948057317835	0.35647873938664	-5.36776124477931
HTR7	0.97860825438594	2.1464208690586	1.77885843810376	0.104955633371178	0.35647873938664	-4.99327762331345
ENSG00000267627	-1.02060581041923	-3.36158201088212	-1.77854914858428	0.105008673261848	0.356608139547597	-4.48787348007274
LINC02981	0.807820525172689	0.344586701420744	1.77827945294942	0.105054943188821	0.356641271177383	-4.805839815018
ATG7	-0.388168485201796	4.31757940567098	-1.77827820724467	0.105055156949462	0.356641271177383	-5.28007488715842
SLC41A2	0.494246519056991	2.27549904862167	1.77817836452227	0.10507229106802	0.356641271177383	-5.00942438128135
CLVS1	0.947706931970407	-0.849268153621562	1.77814393109371	0.105078200817839	0.356641271177383	-4.69218706276601
RPS28P7	0.587554322599649	8.46302898483268	1.77801466146151	0.105100389849186	0.356665861585456	-5.52246773977432
SLC4A10	-0.992141252144329	-0.532839376628588	-1.77750646846634	0.1051876622434	0.356911278755079	-4.7233532321657
SLC35G1	0.440618309153499	3.86245336206365	1.77733883979535	0.105216463755249	0.356958257348476	-5.22080650902678
RIMS3	-0.718320455553273	6.20423569982326	-1.77714029364603	0.105250586737513	0.356991200358921	-5.44727403878248
ENSG00000304343	-1.59792879999687	-3.7721092627613	-1.77710828379221	0.105256089031957	0.356991200358921	-4.46263272757066
SNAPC3	0.478526813897245	5.91072063530297	1.77680797470765	0.105307723079356	0.357004207226725	-5.43167510169859
LINC02594	-1.5903459385463	-4.2303027428026	-1.77679306326382	0.105310287500881	0.357004207226725	-4.43510556280088
ENSG00000305107	-0.921449544334148	-2.69149805549087	-1.77675752686648	0.105316399164469	0.357004207226725	-4.53798088573442
CYP2B6	1.99983673078822	2.875859541525	1.77673800766051	0.105319756277847	0.357004207226725	-5.08647819412545
DCLK2	1.40271689499884	0.574792570539131	1.77626747363242	0.105400713108554	0.357224714422658	-4.83098132836603
ZFP36L1	0.659352758314343	7.53386781424938	1.77611602515232	0.10542678236514	0.357224714422658	-5.49975182219005
EPRS1	0.291239323138896	8.4380165164226	1.77603413093126	0.105440881500746	0.357224714422658	-5.52477454373566
RHOF	-0.505988609351742	4.75705547607452	-1.77594051641804	0.105457000541876	0.357224714422658	-5.33600946054437
CLUH	-0.769709191397102	6.33676508760881	-1.77586686126796	0.105469684455044	0.357224714422658	-5.45561799240462
LINC02617	2.4838915849611	-2.19841860699668	1.77583824982703	0.105474611913373	0.357224714422658	-4.5770467803714
ENSG00000308218	-0.70179766021858	-0.717859296854778	-1.77572145673309	0.105494728182574	0.357242150614853	-4.7081258035862
SLC35A4	1.08796396808256	-2.49744701902008	1.77560551148923	0.105514701882143	0.357259099137625	-4.55413212992206
CAPN10	-0.976854703069537	4.31129868996243	-1.77544088313821	0.105543068070086	0.357304454699113	-5.28342352662694
LAMTOR1	-0.40534583933183	5.96836252984884	-1.77494572990965	0.105628427088198	0.357542712993053	-5.43781296980694
OGDHL	-0.680832696898146	4.46321710360523	-1.77483579615462	0.105647387011628	0.357556180630535	-5.3032706243302
GAS2L1	-0.65849848889804	3.07485449868954	-1.77405537399793	0.105782073211426	0.357924065394539	-5.1168255122038
CYB5R2	-0.467106797096522	5.15937043687454	-1.77398476252149	0.105794267149929	0.357924065394539	-5.37956854041094
SYN3	-0.854455307885583	4.4039929329038	-1.77394393659535	0.105801317988782	0.357924065394539	-5.29730492420395
NONO	0.344126118333826	9.82135995299242	1.77385851197842	0.105816072628477	0.357924065394539	-5.5579659369929
VAT1L	0.827469063280361	7.2658647771289	1.77348194668287	0.105881135803154	0.357974774484175	-5.49512394423204
ENSG00000260296	0.926650909953585	-0.277120787488135	1.7734368871808	0.10588892365471	0.357974774484175	-4.7535144113245
ENSG00000309899	1.99925178698132	-2.7911616169131	1.77333075147801	0.10590726966618	0.357974774484175	-4.53527086758384
ENSG00000288955	-1.46967299740517	-4.51797814382408	-1.77327803348007	0.105916383275931	0.357974774484175	-4.42781432337339
ENSG00000302365	-0.753148659063605	-1.4439544732677	-1.77318885887846	0.105931800939726	0.357974774484175	-4.64429674599921
TRIM17	1.05012219928625	0.726154750455547	1.77312796135218	0.105942330871613	0.357974774484175	-4.85030176187193
SUPT20H	0.431116734598134	6.75100595660544	1.77303117450162	0.105959068473972	0.357974774484175	-5.47743352170821
SPINK1	-0.807747966249095	-1.01331552485227	-1.77290232410789	0.105981354651272	0.357974774484175	-4.68402958026108
SNRK	-0.415698696462452	4.21986212764995	-1.7728950602705	0.105982611143903	0.357974774484175	-5.27534996512794
ENSG00000306557	-0.93373086879663	-3.26967741385731	-1.77285295302594	0.10598989508818	0.357974774484175	-4.50181673967609
ENSG00000259321	1.49183922680428	-3.59553017074103	1.77281737314749	0.105996050248446	0.357974774484175	-4.47984256641271
KRT7	-1.02505764948439	2.59822275182892	-1.77246640926786	0.106056782905428	0.358061702796945	-5.05707559380937
ZNF32	0.365201489061732	4.62710792202182	1.77244041044409	0.106061283142588	0.358061702796945	-5.32635833296482
PROX1-AS1	1.91230923111962	-2.90113576195052	1.77235031188766	0.106076879998468	0.358061702796945	-4.52857734830325
ENSG00000291209	1.4896844003582	-3.33823232912667	1.77223759482112	0.106096395263628	0.358061702796945	-4.497925848438
VPS13B	0.589995742619432	4.52953578286386	1.77215815201008	0.106110151558866	0.358061702796945	-5.31529302195823
FANCC	-0.534411954224158	4.18290387299433	-1.7721486102984	0.106111803908442	0.358061702796945	-5.27161217154877
FZD9	-0.9446632124045	1.78468032202468	-1.7718520188164	0.106163176711036	0.358162379681184	-4.96235819092626
TCEAL8	0.51524578916562	7.21006433993374	1.77180309652029	0.106171652752519	0.358162379681184	-5.49575299773367
ACTB	0.664734709201889	12.8707173686282	1.77153880642976	0.106217453054262	0.358231464673946	-5.60411718485314
UQCRH	0.740430082155466	6.89857629891548	1.77150542363813	0.106223239425571	0.358231464673946	-5.48526857500598
ATP5PF	0.698082604101046	6.00980625437277	1.77137736381498	0.106245439207679	0.358231464673946	-5.44539161502316
ENSG00000284985	1.23778244987516	-2.86910664517928	1.77133854266076	0.106252169875848	0.358231464673946	-4.53226980156734
ZNF292	0.531583103200336	5.73579126311583	1.77110833200092	0.106292090938593	0.3583154427163	-5.42904579010891
RPL7L1	-0.408443097490244	6.91502054519579	-1.77080688430102	0.106344385968266	0.358425064906434	-5.48690162350829
CTDSPL2	0.342251218505899	6.57563213240416	1.77072160875805	0.10635918379261	0.358425064906434	-5.47375675147938
GRSF1	-0.392475552555861	7.12024215508902	-1.77066122960526	0.106369662493496	0.358425064906434	-5.49438689361517
GRB14	-0.539012065248275	2.87157826379602	-1.77010171231637	0.10646681056826	0.358701774115281	-5.09554661529466
NUPR1	-1.38001420466804	-1.91669399797086	-1.76999049858687	0.106486130061592	0.358716226701484	-4.60795479903599
SLIT1	-0.866617859466486	1.53540712497181	-1.76959705528884	0.106554502721641	0.35889312558076	-4.93846706967152
RPL22L1	-0.951618959149897	5.38869211923611	-1.76951528663709	0.106568717517528	0.35889312558076	-5.40594616551504
UBXN4	0.393097931425844	7.11021418804105	1.76937028235326	0.10659392954997	0.358927386649144	-5.49594067682714
FAM106A	-1.59712699317082	-2.06502075907009	-1.76918005695011	0.106627012466667	0.358988137472414	-4.5968772136722
ENSG00000288060	-0.970021474291762	0.609563731058593	-1.76892213798407	0.106671883210144	0.359088552408536	-4.84482990522869
NUCB2	0.431276662024774	4.63313798647673	1.7687160124836	0.106707755701534	0.359158652563603	-5.33251464225204
ENSG00000300036	-2.04224732459688	-3.19812374557582	-1.76841496791506	0.106760166932289	0.359247271737154	-4.51274364153725
ENSG00000290665	-1.20139444800601	-2.88111188666888	-1.76839187125291	0.106764188981926	0.359247271737154	-4.53537645035965
BPNT1	0.423898249696817	4.10271747107993	1.76803844942626	0.106825751039004	0.359403749654343	-5.26693762366701
ENSG00000289643	-2.10010431152504	2.17519485087719	-1.7676840643485	0.106887513367164	0.359499055247857	-5.01276171620093
SETP12	-1.21999224438273	-3.28679099842194	-1.76761778362684	0.106899068401314	0.359499055247857	-4.50765061939173
ENSG00000299813	0.915551695883208	-2.02056424312856	1.76761664700203	0.106899266564463	0.359499055247857	-4.60264248433414
DNAAF3	-0.713915286657495	1.38723154409822	-1.76735147538926	0.106945506662539	0.359599852568969	-4.92593435151656
PRR19	-0.836609166203046	2.09238895408278	-1.76727197739249	0.106959372916039	0.359599852568969	-5.00371401593503
DMD	0.923088729904562	5.61248531969134	1.76704350087824	0.106999233522732	0.359683198096767	-5.42656218549278
WFDC2	-1.19161903154898	4.27349413729077	-1.76685060859043	0.107032896550772	0.359714700326845	-5.2911209691484
ENSG00000289539	-1.19043692870293	-2.39715440680856	-1.76681708411168	0.107038748134297	0.359714700326845	-4.5737997514639
SUMO2P1	0.779811485345364	4.43156555846172	1.76616320350469	0.1071529390731	0.359824468832112	-5.31207368190487
ENSG00000297424	1.17056528872359	-1.17668437636075	1.76605175781341	0.10717241254414	0.359824468832112	-4.6783795111341
SHMT1	0.436644028797561	5.8861231883007	1.76603913205191	0.107174618910836	0.359824468832112	-5.44600526356454
HNRNPK-AS1	1.62973489707656	-3.25693215102693	1.76601556141406	0.107178738018318	0.359824468832112	-4.51186390570186
HCFC1-AS1	1.45244427869553	-3.85825826433053	1.76601527991394	0.10717878721299	0.359824468832112	-4.4718316053637
ENSG00000275494	-0.803744580100756	0.0119931602477676	-1.76601451399348	0.107178921064566	0.359824468832112	-4.79146511737111
AHNAK	-1.7923405772173	2.67985041293117	-1.76599405918282	0.107182495785398	0.359824468832112	-5.07674729192422
GAPDHP38	3.24611572070626	-0.681623840406032	1.76593840032963	0.107192223380269	0.359824468832112	-4.72528662364217
DHDDS-AS1	0.955995327514561	-1.1975340330143	1.76585330281286	0.107207097576786	0.359824468832112	-4.67673861673938
MAPK14	-0.323177730620705	5.8787752945462	-1.76571527235048	0.107231227922709	0.359854853322737	-5.44603358089311
ENSG00000233242	-1.15450831692841	-4.59986320984255	-1.76546495264144	0.107275001185575	0.359914495157792	-4.43492688596489
DOK4	-0.506641415765438	5.01615662579333	-1.76536637311324	0.107292244198156	0.359914495157792	-5.37860404138858
MROH8	0.683201325601416	0.219565112476419	1.76524896733835	0.107312783493117	0.359914495157792	-4.81233997147901
LRRC43	-1.00438274848188	-1.9831915397649	-1.76519242991833	0.107322675585406	0.359914495157792	-4.60902725019991
ENSG00000272630	1.57240512608475	-2.83815077061525	1.76518257292475	0.107324400303264	0.359914495157792	-4.54284263079178
ADRM1	-0.51375689496388	6.93773434418946	-1.76502475731772	0.107352017374106	0.359956532546752	-5.49622677187925
GDE1	0.368206940183698	6.28082907389714	1.76493548175523	0.107367643090803	0.35995835618039	-5.46901271060944
AKAP7	0.828231415410635	5.29408667501628	1.76456526083747	0.107432464204591	0.360039903747111	-5.40531411757549
VLDLR-AS1	-1.34060834611769	1.89689729312955	-1.76451346662589	0.107441535573794	0.360039903747111	-4.98539806225278
MT-RNR2	0.855747038178032	12.0959938589535	1.76442147306108	0.107457649279566	0.360039903747111	-5.60730983652163
SIRT7	-0.927774645127222	2.76731730514235	-1.76437447932599	0.107465881609368	0.360039903747111	-5.09028505476191
ENSG00000300310	1.47961978794324	-1.50949745462699	1.76423392216004	0.107490507744705	0.360039903747111	-4.65086994236433
PKIA-AS1	1.14597981395566	-2.44103419947661	1.7642194772478	0.107493038838004	0.360039903747111	-4.57394692074627
ENSG00000259048	-0.941505579296795	-1.20918002810266	-1.76414777708061	0.107505603221676	0.360039903747111	-4.67803708521939
FAM217B	0.35604593504929	4.77359670121621	1.76399882570595	0.10753170900197	0.360039903747111	-5.35530946532682
ZNF48	-0.580775601083555	5.54142899317529	-1.7639868300259	0.107533811661356	0.360039903747111	-5.42585235298305
EPN2	-0.332094535363077	5.70183212815796	-1.76393544249624	0.107542819533798	0.360039903747111	-5.43727991205045
ENSG00000224886	-1.10291473920851	-1.53115045434617	-1.7636429777695	0.107594099630878	0.360068339890146	-4.64977480105645
YWHAH-AS1	1.22604852074849	-2.44541175776395	1.76358172669152	0.107604842075064	0.360068339890146	-4.57447671829505
NMUR2	1.39540222394676	-2.46078984607986	1.76354439930965	0.107611389170583	0.360068339890146	-4.57334452503001
SCCPDH	0.574112335476197	5.32714446394094	1.76346386397874	0.107625516028873	0.360068339890146	-5.40971708211593
TSNAX	0.405533425844348	5.50025331327297	1.76345685492316	0.107626745580773	0.360068339890146	-5.42353759922255
RPS19P3	1.95808414214405	-2.23427546854137	1.76295185110994	0.107715368707174	0.36031432444767	-4.5918172728917
ADAM28	-1.25060323743439	-1.95046293545101	-1.76285192669081	0.107732912318928	0.360322508172066	-4.61493853490993
CNTN5	2.11549506985694	-2.31529242996015	1.76266384025544	0.107765941489975	0.360366568157938	-4.58582145942348
PCBP4	-0.593654045825353	5.00545490803763	-1.7626049566568	0.10777628371858	0.360366568157938	-5.38158024772265
THAP3	-0.639544199920156	3.2053190485086	-1.7622422065437	0.107840016551707	0.360493059684616	-5.15165975391578
ENSG00000293404	1.36626653700266	-3.62183148180042	1.76221770503897	0.107844322543602	0.360493059684616	-4.49220385278399
ERVK13-1	0.619609006280929	1.16903990783248	1.7620056624379	0.107881594294551	0.360567149002668	-4.91082296135442
ENSG00000280046	-0.863287287035761	-0.875255426471474	-1.76187154444502	0.107905174916357	0.360595464817797	-4.71245740935912
C1orf198	0.415244445951249	6.10743446073598	1.76164982297799	0.107944168271071	0.360658313311642	-5.46502593652481
VPS13A	0.606883495706576	5.96578729501358	1.76159276945432	0.107954204143729	0.360658313311642	-5.45727098192899
XIST	-2.37674937402175	-2.95901193601001	-1.76131430305267	0.10800319934733	0.360667983248076	-4.53926953577518
ZNHIT6	0.444835666603503	4.70542109138499	1.76128554306781	0.108008260720819	0.360667983248076	-5.35171830727015
RPS26P6	2.00689919308839	-1.70738652711149	1.76121908068198	0.108019958039847	0.360667983248076	-4.63775006468358
LRRC40	0.40656373259537	6.30201922126479	1.76105983782766	0.108047989328752	0.360667983248076	-5.47572363421291
DENND1A	-0.465202758022952	5.40560528562341	-1.76101723253339	0.108055490199833	0.360667983248076	-5.41976241679819
GOLM1	0.285349530922123	7.60798282173126	1.76094268178714	0.108068616364988	0.360667983248076	-5.52431313131633
PLAA	0.381585764046657	6.6922074344124	1.76089084801286	0.108077743603743	0.360667983248076	-5.49295972807115
ENSG00000232876	1.21271941230449	-2.51799343189983	1.76082126687027	0.108089997021535	0.360667983248076	-4.57266335536477
NIHCOLE	1.04004313804221	-2.63940793141603	1.76073304452775	0.108105535020843	0.360667983248076	-4.56359270514587
STC1	0.901126734954825	5.70381793872229	1.76056939483319	0.108134362909452	0.360667983248076	-5.44234574931608
LUC7L2	0.423302620311416	4.89879248629887	1.76056837940606	0.108134541804958	0.360667983248076	-5.37377726695728
UCK1	-0.528036160788822	5.07852148436568	-1.76054626739278	0.108138437513019	0.360667983248076	-5.39174079135505
ENSG00000304573	1.78196207770664	-3.48335345618397	1.7602890201463	0.108183768880942	0.360768759519553	-4.50401453401406
ADAMTS6	0.582999119008075	1.38540098665603	1.76010100423881	0.10821691144289	0.36082886636036	-4.93610765975395
SLF2	0.435059497654779	5.30429449053622	1.75947199912314	0.108327856704626	0.361091659881397	-5.41363087223075
ADAMTS1	-0.597097596021794	3.75103446621237	-1.75946495624898	0.108329099527645	0.361091659881397	-5.23140516793563
SH3GLB2	-0.408664665833049	5.41020045160915	-1.7593197509828	0.108354726113173	0.361091659881397	-5.42261388677717
PRSS35	0.473890830957881	2.94786107880191	1.75931115309349	0.108356243686704	0.361091659881397	-5.12123172385466
ENSG00000300901	-1.09725484019235	-1.60501375466832	-1.75905891950592	0.108400772875529	0.361163882788535	-4.6496144266904
SPEF1	-1.20648855512293	-1.13744861435122	-1.75901696557981	0.108408181015505	0.361163882788535	-4.69177296559706
ENSG00000300433	-1.602100506391	-3.87560484232134	-1.75891037377196	0.108427004855296	0.361176179327475	-4.48011387649397
PPP1R16A	-0.613952311372548	4.07498871820379	-1.75871326785121	0.108461821091607	0.361241736532708	-5.27682683924843
FAM95B1	-1.32271641403376	-4.21838663163865	-1.75853934396096	0.108492550968543	0.361283603414332	-4.45966600018514
MED6	0.339053817147578	4.77846893732209	1.75847078666043	0.108504666245189	0.361283603414332	-5.3639197608853
DEF6	-0.534760562604023	2.76173511311231	-1.75837922080518	0.108520849457072	0.361287085226942	-5.09822598497828
ARHGEF4	-0.827416579343832	3.10596914989182	-1.75803841123081	0.108581102933947	0.361437264117784	-5.14425997296003
CRLF1	-2.27183331979841	2.17067674892329	-1.75778065667213	0.10862669290424	0.361538597063938	-5.02648245951241
LINC02076	1.10513572264961	-0.517771067759989	1.75760430290679	0.108657895259963	0.361581559637422	-4.75271246461007
KIF13A	0.416656493707783	5.58121955095943	1.75753645946349	0.108669901004702	0.361581559637422	-5.43824069137639
ENSG00000284686	1.3222407355473	-3.47654869270046	1.75723751983407	0.10872281648414	0.361707201146777	-4.50853417027357
HNRNPLL	0.316208741098952	6.50194127021643	1.75714122563603	0.10873986656826	0.361713504583229	-5.49057338327316
TSPAN7	0.84846440747166	3.15959428810467	1.75617730081935	0.108910675539871	0.362204722286024	-5.15422120233148
GOLGA3	-0.710515834310277	4.6430633368919	-1.7561366151468	0.108917890469971	0.362204722286024	-5.35204316698964
EFHD1	0.840120251296672	3.66620913551927	1.75594376822507	0.108952094592306	0.362250071029714	-5.22475056769464
ISCA2P1	-1.4065366272253	-2.01968374379825	-1.75585650927851	0.1089675744082	0.362250071029714	-4.61880749318512
ZNF584-DT	-0.565328332859743	2.42098129231013	-1.7557477408418	0.108986872828266	0.362250071029714	-5.05928954324489
FIRRM	0.421314696126504	5.13272289331736	1.75571750142841	0.108992238658582	0.362250071029714	-5.40385660462049
GRK3	-0.320488714798352	5.55981392747682	-1.75557974901334	0.109016685165841	0.362274764545612	-5.43953429227614
MSH6	-0.280174276770072	8.26478305526967	-1.75550458650423	0.109030026133621	0.362274764545612	-5.55057952752082
HPSE	-0.562522054366816	1.83765487886653	-1.75535253043828	0.109057019862561	0.362314016294507	-4.99191623971197
GNGT2	0.667975173512085	-0.277212181977694	1.75506668841006	0.109107780378275	0.362432205189742	-4.77932857344201
DNAJC8	0.400898676623782	7.54844445143883	1.75416398314238	0.109268226074497	0.362834544029773	-5.5324526678407
RPL3P9	2.58130997823933	-1.99169854157733	1.75411855835167	0.109276305487138	0.362834544029773	-4.62348092207456
LMBRD1	0.532393096916721	4.7568756305484	1.75405334138299	0.109287906155916	0.362834544029773	-5.36800678684808
NRDC	0.292070149133286	8.30921121640208	1.75404319434346	0.109289711192443	0.362834544029773	-5.55385813129856
ENSG00000273901	-1.62832283913414	-3.09951766118575	-1.75372730317358	0.109345918000953	0.362970657152815	-4.53938077259899
ENSG00000286613	-0.958425112628059	-2.29492661211689	-1.75329740573352	0.10942245227938	0.363107141166175	-4.60016293047721
SERPING1	0.657856204536123	6.52740788771469	1.75325819365062	0.109429435596966	0.363107141166175	-5.49733655207415
TMPRSS3	-1.08270064921448	-2.28105451011942	-1.7532400019589	0.109432675510466	0.363107141166175	-4.60133679863064
RNF39	-0.93195898667705	0.288108273503589	-1.75305972572502	0.109464787157512	0.363163201986146	-4.83612175914782
TBXT	-1.51695137279747	-2.18912552382823	-1.75284442429109	0.109503148883397	0.36319586013007	-4.6091809702167
RPS8	-0.321493722779671	10.0665642722774	-1.75283366663174	0.109505065969581	0.36319586013007	-5.59343603801023
INIP	0.467406786838343	4.73456374360182	1.75257486590631	0.109551195172491	0.363298370874232	-5.36770530543226
LRP10	-0.645458526495457	4.78579632537815	-1.75247246659363	0.109569451925867	0.363308434164304	-5.37347103684752
PDCD2L	-0.495363577423021	3.6395384932698	-1.75229845661071	0.109600482475919	0.363360843902315	-5.22631013092598
ENSG00000305741	-0.973277256358872	-4.01142622246984	-1.75221268595901	0.109615780575194	0.363361088192799	-4.48035858609946
ENSG00000307217	1.50010114586362	-3.03934971560453	1.752050668518	0.109644683389604	0.36340642389386	-4.54592534251923
ARID1B	0.364553093137323	6.55714465838979	1.75182661974359	0.109684663588866	0.363456344437164	-5.50069196043174
ABHD17A	-0.779135214136816	5.17789877667519	-1.75171630630844	0.109704353247634	0.363456344437164	-5.41384877337989
IER5L-AS1	-1.42542264486428	-2.38761358272219	-1.75171027244233	0.109705430314884	0.363456344437164	-4.59506484229628
CCDC71	-0.476926846550391	4.70369361722946	-1.75155336005353	0.109733443127943	0.363498693564832	-5.36572017218755
LINC01097	1.02019434233329	0.525633027934885	1.75082348061139	0.109863830473429	0.36388010573263	-4.86227265553582
PTENP1	0.468197114594876	2.29461760402302	1.75058771597422	0.109905978092876	0.363969193720364	-5.0514593825374
PALLD	0.61382284289645	5.24716228106723	1.75031295009825	0.109955116503397	0.364081404770612	-5.42212185557442
RBKS	0.469703059309364	2.20137805326742	1.74926632501412	0.110142475131342	0.36465119350253	-5.0423013222333
SOD2-OT1	1.03650708222278	-0.760687252356807	1.74914158027913	0.110164825296244	0.364674602683142	-4.7411451928511
LINC01560	-0.617053089013068	0.678911102571587	-1.74903339273917	0.11018421229178	0.364688197859925	-4.87984433889853
POU5F1P4	0.566762628162183	6.34429876777855	1.7488225105513	0.110222010878584	0.364732130892722	-5.49562862161955
ACE	-0.994157006625092	0.951496984088055	-1.74878882591759	0.110228049613659	0.364732130892722	-4.90740423224651
ENSG00000290319	-1.03111932784909	-0.962753470026618	-1.74870078972018	0.110243833519615	0.364733791878658	-4.72245753016333
ARHGEF11	0.563073744680195	6.1234704806978	1.7483413100106	0.110308305527961	0.364864220546988	-5.48534715141609
WDR83	-0.662777973286378	3.1257933061047	-1.74823936060969	0.110326596195227	0.364864220546988	-5.16111202101434
CAPN7	0.367301045972376	4.61536158229207	1.74822530089814	0.110329118853966	0.364864220546988	-5.36033732663193
DLGAP1	-0.546151498460404	4.327681322536	-1.74811683254645	0.110348582511163	0.364878029758093	-5.32539797812534
LINC01205	1.58574755263482	-3.1874133891541	1.74790495490921	0.110386611020999	0.364953213081894	-4.54093803609787
HMCN2	-1.35370612271833	3.1867925387676	-1.74780462553357	0.110404622627811	0.364962206129912	-5.170017757225
TRPV4	-0.924625875591897	2.22872665930113	-1.74756968104312	0.110446811427807	0.365051107650946	-5.04795059848792
PLCD1	-0.744099484863526	4.68877581412271	-1.74744782870855	0.110468698124373	0.365062613551348	-5.36999968940285
CEP44	-0.40639318104332	4.27277671583091	-1.7473799945539	0.110480883968718	0.365062613551348	-5.31938699773542
ZNF91	0.391836098947013	5.08315872665421	1.74708924325935	0.110533128867144	0.365184688077537	-5.41182220884436
C2orf76	0.575201097818863	1.88918564912602	1.74691477587049	0.110564489564153	0.365226972092125	-5.00974326617141
PDSS1	0.687756217919527	3.94017788263209	1.74684779015203	0.110576532464813	0.365226972092125	-5.27583168970524
ENSG00000297670	-0.942708623156834	-0.205490882654466	-1.74645219133493	0.110647678749693	0.365393254737861	-4.79824227032251
MIR3667HG	-1.56106220450655	-2.98551727282043	-1.74639315995124	0.110658298785803	0.365393254737861	-4.55738056072521
CHD1	0.348871693425917	6.60132319300444	1.7463125352283	0.110672805065572	0.365393254737861	-5.51059249237727
MTA1	-0.362364579934379	7.2487291092936	-1.74588616006732	0.110749548686538	0.365510357996643	-5.53503011571793
SBK3	-1.77643880736184	-0.34284286606687	-1.74564218592732	0.110793483532881	0.365510357996643	-4.78624832960262
ENSG00000255108	-1.37757818715005	-3.22328730183648	-1.7456008349176	0.11080093158845	0.365510357996643	-4.54148546465093
CHIC1	0.491687262680252	3.97854453626507	1.74555685759229	0.110808853189326	0.365510357996643	-5.28297342675398
FST	1.23149775639807	5.05134081436379	1.74555440426802	0.110809295119836	0.365510357996643	-5.41100306172989
PNMA1	-0.500972372305162	5.81391225800649	-1.7454731705078	0.110823929098434	0.365510357996643	-5.47162628723179
C8orf58	-0.665237518407231	3.51767125376679	-1.74542504941735	0.110832598772833	0.365510357996643	-5.21924323247193
ENSG00000289055	-1.18593675544358	-3.38372988178633	-1.74535231513014	0.11084570402124	0.365510357996643	-4.53066199672019
LINC01170	1.19488166510098	-2.3695573059191	1.74526850161961	0.110860807266869	0.365510357996643	-4.60519974083019
DPH7	-0.456744588338396	4.76076149369467	-1.74526510843757	0.110861418759697	0.365510357996643	-5.38122754687411
ZNF230	0.456542316649715	2.17501364678124	1.74498871144749	0.110911239159386	0.365624108427771	-5.04533403894984
FAM72D	0.573849232757569	3.44574912135663	1.7448246376235	0.110940822988274	0.365656042385963	-5.21009194630395
TMEM62	-1.47184008508208	0.899351573785876	-1.74476505829865	0.110951567392598	0.365656042385963	-4.90784010837938
ARFRP1	-0.974853866569985	3.70128456376032	-1.74454687920239	0.110990921396825	0.365724519566877	-5.24612392775755
CFAP36	0.426919969517555	4.71227526837854	1.74447997145521	0.111002992405516	0.365724519566877	-5.37698413629177
ENSG00000284948	-1.04293692185842	-1.86301394251518	-1.74420164934991	0.111053218047406	0.365770809791802	-4.64778292131567
ST3GAL6-AS1	0.975994726065953	-1.57554591548299	1.74413392176979	0.111065443198781	0.365770809791802	-4.6727068482049
MIR4733HG	-0.891841631233086	0.354448181807868	-1.7440534545196	0.111079969509694	0.365770809791802	-4.85520150146065
STK19	-0.902541742062967	2.53030913585507	-1.7439827508432	0.111092734679967	0.365770809791802	-5.08966237624857
PLPP3	-0.417981762267166	4.67049080972621	-1.74394585807242	0.111099396001028	0.365770809791802	-5.37297133901121
SLC22A2	-2.41711935517021	-1.88467813759274	-1.74385117254551	0.111116493982975	0.365770809791802	-4.64643237140897
TEDC2	-0.812005800442575	4.61295490384929	-1.74380783873817	0.111124319847503	0.365770809791802	-5.36647700036492
SOCS1	-1.06623643787727	2.15896250641051	-1.74361040615448	0.111159981498973	0.365808421360075	-5.0454265671242
TBCA	0.49985775171262	6.84948276309275	1.74353960352672	0.111172772894822	0.365808421360075	-5.52442959323262
PTK6	-1.49249241954929	-3.11027011060992	-1.74349004300504	0.111181727428918	0.365808421360075	-4.55229939708372
ENSG00000303601	-1.14802590794404	-4.21838663163865	-1.74316137369412	0.111241127567446	0.365953410289763	-4.47976441808545
FARSB	0.485879234415979	7.07193354293843	1.74283778257576	0.111299638072488	0.36609543300387	-5.53348152599795
SLC25A51	0.483346009492768	2.94363772630617	1.74258785128746	0.111344848809798	0.366193675974018	-5.14478893773764
FCMR	-1.3125604690017	-2.69332269412777	-1.74228476763644	0.111399696784793	0.366299230625404	-4.58443058179166
ENSG00000308298	-1.28817282267696	-3.20081382891612	-1.74216801421818	0.111420831779775	0.366299230625404	-4.54764071045325
FIS1	-0.530349308607502	5.53949285180272	-1.74215611332608	0.111422986313338	0.366299230625404	-5.45759481052798
LAMC3	-1.03124476082806	4.22359644329632	-1.74195219427809	0.11145990962592	0.366336870199593	-5.32089357499039
EMSLR	-0.510108502544679	5.50440056038736	-1.74186115311418	0.111476397896944	0.366336870199593	-5.45539207321549
CHASERR	0.594440145858796	5.48822251179474	1.7418176184617	0.111484283147392	0.366336870199593	-5.45421973902761
CNMD	-1.40842349335262	5.9893305198653	-1.74175386137535	0.111495832116724	0.366336870199593	-5.48759394489718
NUDCD3	-0.387661784080842	6.35948105083571	-1.74145833722793	0.111549377592812	0.366462353063682	-5.50707636626848
ENSG00000286739	-1.72021443353815	-3.5702877411759	-1.74112856663755	0.111609155669656	0.366608273928939	-4.52357559303278
DPH6	0.625350207879618	4.09605149659485	1.74079233774302	0.111670134384424	0.366758097888132	-5.30566367472955
CAV2	-1.39552501552713	0.48989797004127	-1.74062736293874	0.111700065389215	0.366767115157325	-4.87316260304876
ENSG00000266783	1.49569938613596	-2.85302227409564	1.74060780514176	0.111703614198625	0.366767115157325	-4.57480452820247
USF2	-0.339594570921509	6.14540933648486	-1.74051228569697	0.111720947902283	0.36677357133202	-5.49792251478592
USP42	0.431360366933211	4.88910479870209	1.74032106698959	0.111755655274752	0.366837054661326	-5.40226861471954
SEMA4D	-0.299546143621475	6.02483130062889	-1.74012145113495	0.111791897218614	0.366905557056747	-5.49196206503519
ENSG00000218586	1.24295765881859	-2.5115531652422	1.73981992621598	0.111846661834776	0.367034824420541	-4.60155530552691
IL6R	0.913274901061479	3.58079310514283	1.73967573054365	0.111872860049765	0.367070325929027	-5.23633634144364
TRIM8-DT	-1.59604600199474	-3.47504704753663	-1.73946608559138	0.111910959360148	0.367130187181148	-4.53221452826449
ENSG00000298367	-2.81578251245017	-0.593505116130559	-1.73940606748887	0.111921868769851	0.367130187181148	-4.77078006790898
SCNN1G	-2.16613378044212	-0.783676981260676	-1.73898713152534	0.111998045072319	0.367312704892268	-4.75302056030136
MGST1	0.941031553558067	8.17384802438333	1.73893080665643	0.112008290367701	0.367312704892268	-5.57243785709307
PHLDB1	-0.590740747710788	5.68677366646924	-1.73866334920927	0.112056951540999	0.367421797283832	-5.47316872331577
COX6C	0.976549332810876	6.26364602309679	1.73839514421663	0.112105767980143	0.36750765701037	-5.50696698999384
TMCO6	-0.431371314588773	4.06332912706448	-1.73835029197806	0.112113933493632	0.36750765701037	-5.30482235016076
FMO4	-0.625799726902091	0.718553248761809	-1.73795216601939	0.112186437427005	0.367551964155052	-4.89941291659267
PROCR	-0.608703296350324	4.08172059043653	-1.73794808987171	0.112187179966602	0.367551964155052	-5.30786233513365
ENSG00000279089	-0.667878372574674	-0.0948905654581412	-1.73789957244342	0.112196018583302	0.367551964155052	-4.82075673124579
PVALB	1.38590221200823	0.851361289348344	1.73789303506462	0.112197209572399	0.367551964155052	-4.91272929033478
ENSG00000279443	1.12327782156447	-1.68875863377793	1.73764646213426	0.112242138958311	0.367551964155052	-4.67167899842691
KRTAP5-10	1.37475481982597	-4.02994287462644	1.73761538589449	0.112247802685695	0.367551964155052	-4.49832537715122
PCNX4-DT	-0.86488210024437	-0.583106647285108	-1.73760279074075	0.112250098259796	0.367551964155052	-4.77429553172358
PDE5A	-0.591280298243436	4.55660777318984	-1.73759976280588	0.112250650133078	0.367551964155052	-5.36887852041349
CCDC124	-0.443247013515532	6.0303440590705	-1.73732428624716	0.11230086895872	0.367640922073144	-5.49634257527083
ENSG00000288774	-3.17224849171119	-1.35678913882846	-1.73728174797104	0.112308625417325	0.367640922073144	-4.70166333408932
ENSG00000291286	-1.14045203231001	-2.90411503683262	-1.73716505337396	0.112329906085427	0.367660157506979	-4.57565860689101
MDK	0.801129304711301	9.02542066178773	1.73687956524923	0.112381983708682	0.367780173478007	-5.59590179068833
SNORA73B	-2.03764246407579	-1.79554765347065	-1.73671555262321	0.112411912150333	0.367809247626473	-4.66373263023055
ITPRID2	0.384997859782262	3.76270048885686	1.73660590903374	0.11243192355414	0.367809247626473	-5.26614498574255
ATG4B	-0.351727333466212	6.06847228323774	-1.73657754873759	0.112437100208771	0.367809247626473	-5.49952474980043
ZNRD2	-0.584666101328211	4.10934887476052	-1.73620077016885	0.112505894775756	0.367952154125985	-5.31408607706118
ENSG00000229116	1.29050120932734	0.28287244013549	1.73616942645454	0.112511619424789	0.367952154125985	-4.85937631721806
ZNF329	-0.546864921348153	4.33406113015625	-1.73592410405887	0.112556434490692	0.367985146123383	-5.34390464842533
DTD2	0.402485627819867	4.37952763080461	1.73589389505592	0.112561954137644	0.367985146123383	-5.3496899941031
CELSR1	-0.686483854505068	4.97691647007849	-1.73586101493852	0.112567962117016	0.367985146123383	-5.41769912975501
TYK2	-0.466077899007786	4.54391580925298	-1.73571048477297	0.112595471270977	0.367995191045896	-5.37011128692267
FES	-1.05677391468142	2.03092917932724	-1.7356736990673	0.112602194728307	0.367995191045896	-5.04190859416656
CXCR2	-1.06357934126304	0.121780826098661	-1.73559111290874	0.112617290627193	0.367995191045896	-4.84471932646576
ENSG00000293274	1.45553405946362	-1.08643194497876	1.73501824526375	0.112722055450819	0.368287104372991	-4.7297245406403
KHDC1-AS1	0.696755781559866	1.64840241576322	1.7347841488907	0.112764891926002	0.368376632301929	-5.00038292049774
ENSG00000230747	-1.35265854874036	-2.06912149989028	-1.73468008580388	0.112783938803645	0.36838843128871	-4.64358330879148
TECPR1	-0.733500767959573	3.68552124592592	-1.73447228284634	0.112821982127413	0.368462267027226	-5.25849015829258
ENSG00000289353	0.744482837007433	1.75105546887878	1.73377164984217	0.1129503355782	0.368769105797617	-5.01308537125847
BANF1	0.404338337922875	7.43624370408349	1.7337120309704	0.112961263649983	0.368769105797617	-5.55882403419113
ENSG00000295525	-3.59912429560082	1.13215592173722	-1.7336208771316	0.112977973898398	0.368769105797617	-4.94732856771257
LEISA1	-1.2784297317389	-1.74477801592786	-1.73353346417177	0.112994000476417	0.368769105797617	-4.67244045452948
ZNF280B	0.41838875682513	4.27755741810301	1.73347584010896	0.113004566587544	0.368769105797617	-5.34015680472203
LRIT1	-0.983326051307137	-3.0287989878789	-1.73345361976514	0.113008641211873	0.368769105797617	-4.57153713700221
ERN1	-0.499402978627452	2.43232719207924	-1.7333644559644	0.113024992837886	0.368772044301002	-5.09277161492174
MYZAP	-0.906257318756723	-0.779987907673456	-1.7332490632186	0.113046157737326	0.368790684351663	-4.76132390477953
LEPROT	0.31571820305092	5.42153595110755	1.73308767837132	0.113075764358581	0.368836854987871	-5.46174627828523
ENSG00000273419	1.67963351331954	-2.04016020069704	1.73299071565026	0.113093555892278	0.368844479158377	-4.64825526679394
ISCU	0.369026503948173	6.08474327420239	1.73230188270432	0.113220021790917	0.369206484503868	-5.50663276072011
TUBB4A	0.537357714486889	5.36648983306264	1.73189294803863	0.113295160533607	0.369401037767159	-5.45900171336672
ZNF561-AS1	0.483789970514136	3.34732298528359	1.73154576988894	0.113358987432768	0.369558660436808	-5.21551864163111
LAPTM5	-0.948961194808573	-0.734239727088297	-1.73133278797714	0.113398159174002	0.369624298598546	-4.76839345615541
STAG3	-0.668949408452994	1.10131378809985	-1.73121200398435	0.113420379276787	0.369624298598546	-4.9475572470248
SCNN1A	-1.05896365347826	5.99713112170012	-1.73093738314302	0.113470914753742	0.369624298598546	-5.50376180483975
SCN3B	0.629743915949086	0.855949369416669	1.73088008613435	0.113481461068944	0.369624298598546	-4.92308097102717
CIMAP2	-1.13041741109723	-3.59031133227041	-1.7308655798767	0.113484131289274	0.369624298598546	-4.53576955215652
ENSG00000287252	-1.43577081920436	-1.65166974575139	-1.73079421099437	0.113497269251575	0.369624298598546	-4.68426909718319
PCDHGA12	-1.56137306592085	-2.77628783426515	-1.73075295495592	0.113504864510408	0.369624298598546	-4.59369147726996
WIPI2	-0.321233096715617	6.48828570848412	-1.73072545609732	0.113509927320803	0.369624298598546	-5.52850716748927
ZIC5	0.460986691506028	6.49439864992599	1.73037704537955	0.113574090881352	0.369624298598546	-5.52928236860424
FAM229B	0.500459174767836	3.03500594577391	1.73032332298737	0.113583987357883	0.369624298598546	-5.17459951561899
TMEM209	0.507210029650122	5.71163997612976	1.73027640804172	0.113592630438884	0.369624298598546	-5.48703248085126
GGT5	-1.28409138303121	-2.6647835415467	-1.73026753604276	0.113594264983	0.369624298598546	-4.60271695086279
ECEL1	-0.430865141543645	3.84267603360341	-1.73025858649832	0.113595913835397	0.369624298598546	-5.28645029717508
TMED1	-0.538008459030632	4.01699774782278	-1.73025846034894	0.11359593707715	0.369624298598546	-5.3103197407746
TRIML2	-1.30980631426004	4.70816056524682	-1.72995240324872	0.113652337699392	0.369640102082954	-5.39758732226087
TESC	-0.642112427639674	2.82560526969864	-1.72984208238794	0.113672673998087	0.369640102082954	-5.14753765046345
MBIP	0.389717701813452	4.80844817327454	1.72981952302506	0.113676832946093	0.369640102082954	-5.40884945527355
ADARB1	-0.375662953268315	4.06067763753082	-1.72975338538162	0.113689026594614	0.369640102082954	-5.31688907284282
EVL	0.375870297669632	5.94658936770614	1.72961912575785	0.113713783383285	0.369640102082954	-5.50277664069431
ALDH9A1	0.484554526954724	7.03784639504037	1.72955099191429	0.113726348783744	0.369640102082954	-5.55163703014721
GPR137	-0.496176640189875	4.71278564847551	-1.72954375646119	0.11372768323655	0.369640102082954	-5.39870269937161
PDZK1	-1.3503966101013	-2.58236322032365	-1.72954221234649	0.113727968023344	0.369640102082954	-4.60995798378119
GTF2A2	0.481314462979686	5.70661887611361	1.72947599463281	0.113740181409361	0.369640102082954	-5.48785437732815
ENSG00000297044	1.01926519069029	-1.35817531652892	1.72908636418295	0.113812070037711	0.369823373123221	-4.71278078516374
PARP1	0.479147973212038	9.91245895800649	1.72893700103038	0.113839639143696	0.3698626010676	-5.6254893458725
HIPK1-AS1	-1.36969626655445	-4.05171178684592	-1.72872884081514	0.113878070964579	0.36993710626264	-4.5085597201732
DNM1L	0.325815932196885	7.07409867381462	1.72811593133319	0.113991298333237	0.370254534202418	-5.5549857178983
NUAK1	-0.467339681272457	4.10040613961174	-1.72749801809538	0.114105553278754	0.370575212968297	-5.32545889181315
SEC61G	1.06844693322756	6.36143097347059	1.72736875256291	0.114129468170994	0.370596639439347	-5.52765474450174
SCX	0.747243056379925	-1.07139726176516	1.72726416934822	0.114148820008924	0.370596639439347	-4.74181292885131
DEPP1	-1.08079775641705	-0.783345703119375	-1.72721059988593	0.114158733529898	0.370596639439347	-4.76934656770565
ACAD11	-0.85365385069387	0.777965209957629	-1.72694193038455	0.114208465048945	0.370662576360138	-4.92081992527074
LTO1	-0.582885240092153	3.45491930140085	-1.72690653243847	0.114215018775709	0.370662576360138	-5.23718899370823
ENSG00000275191	1.22215360715225	-2.9013753213766	1.72684919185439	0.114225635778641	0.370662576360138	-4.58963718267557
SLC16A14	0.660792629842015	3.52173659659815	1.72666840322396	0.114259115885381	0.370720815502501	-5.24684044417303
INTS12	0.362737180065277	4.19823075134161	1.72644988524486	0.114299594920373	0.370757369471684	-5.34000457351509
STX10	-0.484537662623032	4.24539996295045	-1.72641220005453	0.114306577169366	0.370757369471684	-5.34618735534154
NMRK1	-0.547217948513483	1.84416699051377	-1.72610750298413	0.114363045117057	0.370757369471684	-5.03433320295615
ENSG00000293278	1.54232418582825	-2.75902375727924	1.72598790252078	0.114385216959465	0.370757369471684	-4.60135528103977
ENSG00000261638	1.43303857446183	-3.55926486595458	1.72596408481052	0.11438963281264	0.370757369471684	-4.54431732283081
LINC03068	-1.22866701647099	-3.43578029829372	-1.72592319328154	0.114397214547356	0.370757369471684	-4.55279862847678
PPIE	-0.365405951036386	5.16674387867658	-1.72590727258184	0.114400166541467	0.370757369471684	-5.45033517691521
ZNF395	-0.584169724993782	5.12660478124409	-1.72587802594737	0.114405589591665	0.370757369471684	-5.44666999396107
SOX3	-1.21090863961067	2.55805395473728	-1.72581304534769	0.114417639436762	0.370757369471684	-5.11911648780427
ENSG00000289019	0.810097118076989	-0.336016610060141	1.72576944508739	0.114425725207543	0.370757369471684	-4.81458088161591
PTPN2P1	0.773976915769246	-0.326691837647996	1.72564214199869	0.114449336824784	0.370764665945352	-4.81565120513493
ASMTL	-0.855277083190965	6.4905517428289	-1.72552565971315	0.114470945311036	0.370764665945352	-5.53615436093381
HSD17B8	-0.565936402991845	1.91439159157695	-1.72545453711994	0.114484140992096	0.370764665945352	-5.04315290893568
ENSG00000286234	1.29533250380878	-3.73978346217285	1.72542233761483	0.114490115557768	0.370764665945352	-4.53296610549679
ENSG00000304332	1.5225969724826	-2.47126585525285	1.72523255693993	0.114525334786772	0.370828403928352	-4.62429862879223
PGAP2	-0.41955375054451	5.47098901889959	-1.72475573209203	0.114613866543601	0.370975878952141	-5.47767154169312
LINC01248	0.682659272000404	-0.256783817044406	1.72455114873572	0.114651870387805	0.370975878952141	-4.82387586571162
DGUOK	0.500795811378826	6.18507244823672	1.72447488018289	0.114666041116409	0.370975878952141	-5.52324972359671
FADS6	-1.25107948020898	0.677225257339307	-1.72445455691727	0.114669817455023	0.370975878952141	-4.91430887772678
COL22A1	-0.641849671730596	2.26280774628245	-1.7244451104087	0.11467157278286	0.370975878952141	-5.0850199430721
UBR5	0.47363394296837	7.81090477539417	1.72439189694433	0.114681461237048	0.370975878952141	-5.5836154133408
ENSG00000309594	1.11427640034047	-2.69102941183304	1.72434731271467	0.114689746747775	0.370975878952141	-4.60866285797705
ERVW-1	-2.13486585276611	-3.33853459090508	-1.72431781884006	0.114695228172282	0.370975878952141	-4.56165751532427
BYSL	-0.530292614910603	5.23909651594276	-1.72400619450151	0.11475315791611	0.37111295663737	-5.45962397550415
ABHD8	-0.755060978640896	3.15134302533083	-1.72390471110256	0.114772028997382	0.371123698154792	-5.19956176823024
ADH5	-0.265814049896649	8.37606021930804	-1.7237902880698	0.114793309602947	0.371125453194018	-5.59967461430449
WTAPP1	-1.07731031578587	-1.18002034239662	-1.72371712636421	0.114806918222599	0.371125453194018	-4.736509765102
ENSG00000289362	1.65277585067593	-2.59724176319138	1.72362463145515	0.114824125051026	0.371125453194018	-4.61675718680515
LINC02453	0.960549148358628	-1.13332522431459	1.72356741239867	0.114834770680765	0.371125453194018	-4.74107255764142
GALNT6	-0.626801591948548	3.58225431777875	-1.72286340125004	0.114965825369314	0.371498694027813	-5.26074465856019
RPUSD2	-0.433496258363491	4.44141025094443	-1.7226306730803	0.115009178468333	0.371588474685759	-5.3764911399959
RPL23AP43	1.15418226570767	-3.8928182397466	1.72224078092685	0.115081841557662	0.371772051845973	-4.52714130901571
PON2	0.442540407410883	4.87383122667263	1.72215866531404	0.115097150504458	0.371772051845973	-5.42697234600696
CHD9NB	0.968642286962138	2.72546190323991	1.72175332523358	0.115172745709753	0.371965889290212	-5.14612970716554
ZNF440	0.493868685943196	2.96395433618915	1.7213230018634	0.115253049406164	0.372068060305945	-5.17798587513602
ENSG00000301000	-1.20297448786055	-3.6944881322936	-1.72131431641279	0.115254670740679	0.372068060305945	-4.54135049829283
TBX1	2.02281504901076	1.09119234851061	1.72127834245386	0.115261386308142	0.372068060305945	-4.96052397811143
ACP3	0.617477962484187	0.597377124461578	1.72124967540123	0.115266738086151	0.372068060305945	-4.91092087207267
JMJD7-PLA2G4B	-1.70143485808411	0.702706026603456	-1.72102789056822	0.115308150120878	0.37214646776908	-4.92164341122209
ENSG00000289984	-1.03500407690957	-1.64578859224953	-1.72095258826969	0.115322213752048	0.37214646776908	-4.69819437778926
KCNK9	0.8056030622434	-1.27091789635775	1.72064439230414	0.115379789313313	0.372236858252933	-4.73232958973516
SLC24A4	-1.24340874831204	-0.510744409235023	-1.72054546602438	0.115398275715847	0.372236858252933	-4.80494280474817
C19orf81	-1.10977147441608	0.815987594302641	-1.72048058476901	0.115410401562586	0.372236858252933	-4.93369799571727
ENSG00000275769	1.12490371082749	-3.16616729871988	1.72037109802985	0.115430866471309	0.372236858252933	-4.5790468351294
ENSG00000308028	-1.42283487820155	-3.67661873251754	-1.72032638980363	0.115439224132711	0.372236858252933	-4.54383506068221
ARFGAP1	-0.725785306466356	5.98779478939491	-1.7203019017869	0.115443802102829	0.372236858252933	-5.51865377208391
MED18	-0.443849798264135	3.77964257610488	-1.72002568544301	0.115495451392229	0.372254936195298	-5.29238760575318
LYRM4-AS1	0.816945588809628	1.7283865188538	1.72001260343951	0.115497898095153	0.372254936195298	-5.03009408572721
ORM1	1.10573289275758	-1.26342818636845	1.71967879420672	0.115560345679302	0.372254936195298	-4.73434011980998
LINC02693	-0.439035093028943	3.75124001521028	-1.71966056281089	0.115563757209026	0.372254936195298	-5.28894244270878
PIGU	0.598294992552464	5.51330649220901	1.71953847315506	0.11558660544777	0.372254936195298	-5.48844426880632
LAPTM4A	0.665322762969179	8.45310614378868	1.71949244903025	0.115595219606144	0.372254936195298	-5.60782833092252
TOMM20P4	-0.724077654444929	3.43787792707631	-1.71947408490606	0.115598656910651	0.372254936195298	-5.2454627666257
ENSG00000231747	3.02502311599601	-0.460066465524658	1.71942552814376	0.115607745966781	0.372254936195298	-4.81140231638014
SLC2A9	-1.80039840351395	-3.78138296381524	-1.71940050596599	0.115612429974096	0.372254936195298	-4.5381107027857
KCNS1	0.520226428436172	2.34458296579592	1.71928583548511	0.115633897821968	0.372254936195298	-5.10218132115509
ERV3-1	-0.615394484181489	1.20859178139303	-1.71927734649033	0.11563548721864	0.372254936195298	-4.97548323783125
ZNF521	0.787697160646773	4.9866966346324	1.71927154532417	0.115636573383833	0.372254936195298	-5.44268854242536
ENSG00000279329	-1.08425980362584	-3.43649612175056	-1.71902404203361	0.115682922567503	0.372353919476546	-4.56184234114894
SYT4	0.588129419795074	3.63782355411388	1.71885016622968	0.115715493802494	0.372408534329036	-5.2743039103023
CDC20-DT	-0.982625442391366	-0.971530534269923	-1.71862044481399	0.115758539015523	0.372496838436497	-4.76313707982224
THA1P	-1.55817942774088	-3.73978346217285	-1.71829986304507	0.115818633847557	0.372639974931201	-4.54229326576876
GASK1A	-0.787108995619476	2.30249315491677	-1.7179862194257	0.115877455381325	0.372778976625702	-5.09895848746732
NLK	0.420878480474808	5.74370135084222	1.71721628831006	0.116021964792461	0.373193562493486	-5.50810575241073
DYNLL1	0.404220736180078	7.57650452858065	1.71665169528825	0.116128037531584	0.373484418779992	-5.58792060088006
JAKMIP1	1.16815572640449	-0.589960810769651	1.7161965196655	0.116213617323269	0.373709297312647	-4.80327067545023
BMF	-0.565388311528805	4.97880443989624	-1.7154964348062	0.116345354956754	0.374082525495467	-5.44734453262943
ENSG00000295732	1.16744192738673	-1.96726817117172	1.71536908049255	0.116369334206275	0.374094295197713	-4.67815835547826
ENSG00000260037	-1.12544938020457	-3.80229218947736	-1.7152105784241	0.116399184432901	0.374094295197713	-4.54221072535698
ENSG00000286729	-1.14554257011837	-2.71322168218169	-1.71520318262461	0.116400577430935	0.374094295197713	-4.61920038920743
SCO1	-0.414255683988794	6.36922119181099	-1.71514406906234	0.116411712005422	0.374094295197713	-5.5457192632983
TBC1D24	-0.491027613581931	4.00216700435309	-1.71490249027024	0.116457225562067	0.374190172656146	-5.33041342412153
ENSG00000234791	1.01294380698369	-1.79863837917034	1.71462636480214	0.116509267421138	0.374306997649791	-4.69349058763418
TMEM92	-0.571260588784413	3.69583775908713	-1.71454266765927	0.116525046120485	0.374307304947188	-5.28857046103542
ZNF660	0.438819608773843	3.90315492702858	1.71414365526668	0.116600295026867	0.374498619486775	-5.31791390986715
TPGS2	0.555260362109751	7.68004915496937	1.71395430729118	0.116636019121303	0.374562953224993	-5.59493260638948
ITPKA	-0.983827069046608	-1.82793339994236	-1.71373980567682	0.116676500874084	0.374611162390964	-4.69217813903402
ESYT3	0.504297113325155	3.14123009591109	1.71367564079808	0.116688612837841	0.374611162390964	-5.21281969919902
TASOR	0.343699442424053	6.35603773532057	1.71361891177947	0.116699322131391	0.374611162390964	-5.5473110134682
SLX9	-0.634711771625892	3.73562132612756	-1.71354215221543	0.116713814201165	0.374611162390964	-5.29554017788292
PHB1	-0.484557123193635	7.94029692010817	-1.71342071946258	0.116736743810451	0.374618772748198	-5.6031648042538
ENSG00000286535	0.964309706815412	-2.63405362102151	1.71336335300848	0.116747577479411	0.374618772748198	-4.62766750640412
DGAT2	-0.746856925438145	2.51731255203636	-1.71326172018509	0.116766773093104	0.374630000458814	-5.13191537007072
XPC-AS1	1.19849547181221	-3.58661550403355	1.71295607496384	0.116824518156281	0.374755867841891	-4.55954646885131
NUTF2P2	1.75872161194887	-1.66764817578424	1.71288786843345	0.116837407827189	0.374755867841891	-4.70723543862236
ENSG00000296325	1.46441983635482	-2.84312466089889	1.71270443990532	0.116872078525848	0.374775236194177	-4.61278330938073
API5P1	0.390552213962706	4.11927626852521	1.71268977085574	0.116874851593969	0.374775236194177	-5.34928858384015
HDAC11	-0.544872185882033	3.7050904654975	-1.71244933057289	0.116920313404775	0.374870650192338	-5.29285522184948
MIR31HG	-1.64934548496287	-2.50252891918373	-1.71227534917518	0.116953219305829	0.374925787128572	-4.63924201677608
LINC03073	0.888178159795081	-0.760075048622412	1.71173250949028	0.117055942840757	0.37515623601137	-4.79293826420459
ENSG00000288924	0.839771905917853	2.32149799690919	1.71172934414409	0.117056542069664	0.37515623601137	-5.11012798529621
MED21	0.488629111605828	4.88750808322645	1.71154799982058	0.117090876830535	0.375176890613733	-5.44370853055363
HACD2	0.356169112018737	6.29977443703349	1.71151269647694	0.117097562033712	0.375176890613733	-5.54769762953067
INTU	0.367868597563598	4.53869291220476	1.71144625209066	0.117110145182566	0.375176890613733	-5.40450351314163
MIR100HG	1.58336922046955	0.719435448830561	1.71113458274804	0.117169185004614	0.375281738168887	-4.93716079203278
DCAF16	-0.379279639956182	5.68214413765846	-1.71110747812879	0.117174320728812	0.375281738168887	-5.51276480331878
UIMC1	-0.293340337879052	5.50422085879869	-1.71081951149912	0.117228896572266	0.375406155171108	-5.50034342503434
ENSG00000251536	-1.51066754991372	-2.65001010531366	-1.71053906926975	0.117282068441958	0.375522815218797	-4.63021707017506
HYKK	-0.663432470953029	0.998353008709599	-1.7104614220409	0.11729679421193	0.375522815218797	-4.96620543609041
ENSG00000226268	-0.509646957511107	2.80272473287689	-1.71035484898745	0.11731700847276	0.375537156815901	-5.17236670039552
SFXN2	-0.448589419918243	4.94744890396062	-1.71004545739517	0.117375710194046	0.375648122841925	-5.45202402714765
HOGA1	-1.04718646651116	-1.47772505645056	-1.70999026844699	0.117386184132448	0.375648122841925	-4.72804519003869
ENSG00000296265	0.858519679822969	-1.54681429806003	1.70992331608281	0.117398891703101	0.375648122841925	-4.72194957899144
TENT5C	-0.668646528314668	-0.360005389227775	-1.7091455685889	0.117546599354855	0.376027427156804	-4.8352947766955
UBE4B	0.328028680730932	7.59580193005354	1.70913323282961	0.117548943479152	0.376027427156804	-5.59937357145745
GPS2P1	1.41934391168664	-3.13376690338315	1.70893748233741	0.117586146958319	0.376036682092752	-4.59649023095117
DDA1	0.324296762873051	5.43626058460125	1.7088819520724	0.117596702731875	0.376036682092752	-5.49791373839754
SLC13A3	-0.493254576614195	4.0292327953232	-1.70886932487568	0.117599103160862	0.376036682092752	-5.34271612994608
CPTP	-0.651592402686248	3.54420557806273	-1.70849392492551	0.11767048686555	0.376195084800049	-5.27601395415191
ANG	-0.603833299037997	0.49185953200997	-1.70844304326973	0.117680165212099	0.376195084800049	-4.9184482073388
ENSG00000289132	-0.624195213754723	0.0106131708492943	-1.70799414162772	0.117765583226996	0.376417727986972	-4.87251349959952
RPL37P23	2.21504215922661	-0.347686475139252	1.70788212926475	0.117786905913756	0.376435469127425	-4.83823236056053
CHIC2	0.587435486445813	2.8865407552809	1.70765173361034	0.117830775012959	0.376499313301777	-5.18720494695496
KLF9	-0.807393333653131	0.337650451056035	-1.70753783027042	0.117852468529047	0.376499313301777	-4.90467994364947
TTC28	0.588721747829649	5.15400256159058	1.70752870065919	0.117854207469627	0.376499313301777	-5.47568967082343
ENSG00000304654	-1.11880388623798	-1.13927028293787	-1.70725147440701	0.117907022497287	0.376617626598333	-4.76285415104096
SPMIP1	1.26909704921416	-3.31178359138258	1.70692314327188	0.117969601265506	0.376724805396766	-4.58646367141456
MBD4	0.318546490542422	5.56502592172995	1.70690979804278	0.117972145453364	0.376724805396766	-5.51053988066415
GPR158	-0.70334002536763	0.213701038034992	-1.70678218718801	0.117996476197748	0.376752093299218	-4.89374341483781
RFC5	0.333379531295842	5.57261025247938	1.70629695875618	0.118089032944311	0.376997184227108	-5.51197904083484
ENSG00000268745	1.25198737696057	-3.96827979013496	1.70579465615213	0.118184915572683	0.377252825996152	-4.54368124178265
MTHFD1L	-0.387182522076324	6.61582054238373	-1.70530401807715	0.118278639411942	0.377501509340039	-5.57068249750907
KIF7	-0.707512984917852	3.73443693237468	-1.70508032484964	0.118321392525444	0.377587468298537	-5.30748420850935
NME8	-1.08438673430945	-3.05989612848428	-1.70487417578737	0.118360804873854	0.377606604543948	-4.60720388562617
ENSG00000228592	2.27005543680919	4.74900275740392	1.70479801241961	0.118375369067001	0.377606604543948	-5.43841732586477
HNRNPA2B1	0.265273327562586	10.5078296216731	1.70475252790352	0.118384067526888	0.377606604543948	-5.67110074454813
TRAF3IP2-AS1	0.601408543222768	3.39050778740592	1.70471798327271	0.118390674228113	0.377606604543948	-5.25993099004004
ARHGEF34P	-1.05640002276026	0.534322795005621	-1.70438914783548	0.118453581045746	0.377722273389687	-4.92827067406183
TRIM36	0.414307057587764	4.88231711264988	1.70436296040759	0.118458592044321	0.377722273389687	-5.45349365165528
GCC1	-0.543519596095599	4.53004235700943	-1.70422075569286	0.118485806441008	0.377758581662774	-5.41383950739295
IZUMO1	-1.38149820455411	-2.23501102093901	-1.70394406161766	0.118538774872464	0.377876978747308	-4.67155294731955
MID1IP1-AS1	0.735208065504041	0.309560471152748	1.70348914583732	0.118625907279409	0.378076563143473	-4.90758531302535
CDH6	-0.880941692173495	3.77658445749717	-1.70345178482083	0.118633065797187	0.378076563143473	-5.31570159307767
PCF11-AS1	0.802589040575329	-1.30469241864886	1.70266536231573	0.118783837879968	0.378506523188411	-4.75374640736393
CAD	-0.634008230340584	7.59200146658943	-1.70244149704581	0.118826788675075	0.378592840115875	-5.60891127055947
EIF2A	0.37975438355118	6.82144620545932	1.70211986885991	0.118888520778676	0.378738964952571	-5.58340355917089
SYK	-1.75157704615805	1.73864465792511	-1.70187187637047	0.118936139266929	0.378809160452673	-5.05682945853389
TBX21	-1.6650356353626	-3.67943431494768	-1.70183980400771	0.118942298924554	0.378809160452673	-4.56780973039361
RNF10	-0.343658778977684	7.50694248837707	-1.70155910152836	0.118996221515252	0.378930329406875	-5.60758654543971
ENSG00000253357	1.31933858265974	-3.18638928024687	1.70137041626356	0.119032480101647	0.378995224464516	-4.60268594195815
DENND11	-0.371455591023825	5.47352451905553	-1.70125265666672	0.119055114349093	0.379016728580739	-5.51176459646016
COG8	-0.439473628640684	4.64892076810348	-1.70109209534607	0.11908598164991	0.379064433720779	-5.43231845942598
IFT25	0.365663827870491	4.11257652287884	1.70037994657928	0.119222976514685	0.379446588447359	-5.36602846144434
FLYWCH2	-0.750090164961908	3.81584008216613	-1.70030274997878	0.119237835226681	0.379446588447359	-5.32570133387748
MAOB	0.859692491488026	2.07174909679604	1.700177498546	0.119261947028353	0.379446615473107	-5.09694666982758
ENSG00000278075	-1.32118543194466	-4.30027169765712	-1.6999054535252	0.119314332791786	0.379446615473107	-4.5316240928916
UCN2	1.30171212204102	-3.12872490392673	1.69989396801476	0.119316544930606	0.379446615473107	-4.60878116323043
CERKL	1.02118850862322	-2.6334241309175	1.69972476285892	0.119349138562521	0.379446615473107	-4.64588330805832
RSL24D1P1	1.13987217025026	1.40370467275017	1.69948079752513	0.119396147216511	0.379446615473107	-5.02384965001791
ENSG00000295818	-1.24201175934622	-3.78138296381524	-1.69947042495052	0.119398146234071	0.379446615473107	-4.56409174554116
PIGBOS1	0.578958251878913	2.79964154625954	1.69946518758587	0.119399155598014	0.379446615473107	-5.18743199805435
RPL23A	0.411926419644174	6.96171935429788	1.69946149738125	0.119399866792272	0.379446615473107	-5.59242180586556
COP1-DT	1.03385335424793	-1.80183518818139	1.69941155263003	0.119409492764201	0.379446615473107	-4.71377695803334
ENSG00000231156	-0.989292782651786	-2.9130411905795	-1.69940161701438	0.119411407762689	0.379446615473107	-4.62522533410451
ENSG00000267058	-0.658389912870432	-0.0717822715673292	-1.69935342776222	0.119420696190293	0.379446615473107	-4.87654403343401
SNHG6	0.711588523469675	5.41714458723857	1.6993122988013	0.119428624269241	0.379446615473107	-5.51015469997183
TMEM119	1.76816629259867	1.32601282563322	1.69922365910815	0.119445712199559	0.37945039439197	-5.01596898671016
MCOLN3	-1.94184078298641	0.551359495485984	-1.69901611766586	0.119485730589098	0.379506453185935	-4.93742581238636
CHST6	-0.531081855672238	4.65900836188256	-1.69894049481446	0.119500315281155	0.379506453185935	-5.4365744009983
ENSG00000270020	1.07059735654693	-4.07154237626883	1.69885037860358	0.119517697270755	0.379506453185935	-4.5460753255847
SLC38A4-AS1	0.731763810984687	1.97542176209686	1.69880234939933	0.119526962274214	0.379506453185935	-5.08779984478911
ENSG00000279174	-1.39423584915601	-3.94805780860798	-1.69866511373303	0.119553439086854	0.379522068793507	-4.5542248470377
NUP133-DT	1.30132552346827	-3.13653075545415	1.6985951825534	0.119566932909193	0.379522068793507	-4.60992734942164
SLFN11	1.36244741631976	-0.711399104706211	1.69852961961	0.119579585089335	0.379522068793507	-4.8157713768187
APOBEC3F	-0.719187642908719	3.05307295728573	-1.69821579989148	0.119640161977962	0.379625665581677	-5.22284863609713
LYPD5	-1.14177730432432	-0.264651080591441	-1.69819572462172	0.119644038065336	0.379625665581677	-4.85959255284378
ZNF818P	-1.21009757766862	-0.583734866869409	-1.69802207713012	0.119677570250386	0.37968158569267	-4.82889344750994
CTNNA2-AS1	1.23465038117488	-4.00219780694455	1.69791641323717	0.119697978611947	0.3796958606501	-4.55170626164366
CCDC102B	0.673234326454843	0.863498627479502	1.69722885026857	0.119830853975246	0.380066842767735	-4.9710090093103
ENSG00000308240	-1.37381924906879	-2.01750246724155	-1.69702283734932	0.11987069298312	0.380142682623987	-4.69867561239963
RPS26P3	2.65561607685526	-2.92203769371452	1.69647928305363	0.119975863398536	0.380425658527017	-4.62842030970212
ENSG00000279789	0.826754472967484	-1.82079808677367	1.69609680246076	0.120049918044005	0.380609908867729	-4.71660988821545
RTCA-AS1	1.05266791602913	1.33005360839037	1.69582541693818	0.120102487793317	0.380726002943696	-5.02115451886542
ILRUN-AS1	1.13480229597717	0.415572024634724	1.69569751244414	0.120127271200848	0.380753994920405	-4.92871740083727
CCR10	-1.52909031359844	0.764367561171805	-1.69516105345535	0.120231268330705	0.381033021013005	-4.96392819600633
ABCG2	-1.30786153040803	1.37795558093512	-1.69499011025735	0.120264424152895	0.381038384112178	-5.02739922363223
ABCD4	-0.448399159693208	5.53138089585712	-1.69491662208945	0.120278680310882	0.381038384112178	-5.52524963162573
PIGUP1	1.23992867836909	2.37083081977192	1.69487186789675	0.120287363037026	0.381038384112178	-5.13994330662212
FEM1A	-0.559428151985498	5.62163914485441	-1.69479367600387	0.120302534340041	0.381038384112178	-5.53203807361807
MAP3K11	-0.75586230968689	5.42063593493747	-1.69474084482479	0.12031278596679	0.381038384112178	-5.51699337457611
PYCR3	-0.771321880522605	3.7138235692756	-1.69449017720174	0.120361437491037	0.381141890486742	-5.31971863286301
SMG1P5	-0.964359713711827	-0.434322306128723	-1.69438266955733	0.12038230883985	0.381157411127712	-4.84842329366604
SHOX	-1.81347315544656	-3.79371977630288	-1.69426224319312	0.120405692076691	0.381180879797638	-4.57003672922061
ENSG00000271192	-1.33675254737	-2.78475564619578	-1.69413935926775	0.120429556715154	0.381205866063737	-4.64178343707147
CLIP3	0.835971595329513	5.49291328810173	1.69394107876371	0.120468072706056	0.381223653794877	-5.52374089451474
COL20A1	-1.21242287505413	-1.49877515440187	-1.69389376210447	0.120477265606943	0.381223653794877	-4.74797997229331
ENSG00000261888	1.26429005622992	-2.09378736706422	1.6937312535692	0.120508843332195	0.381223653794877	-4.69675449677684
ENSG00000260907	0.867340947758799	-0.84281370747134	1.69370578103044	0.120513793685191	0.381223653794877	-4.80961604347513
CMC2	0.431315525312568	4.27378669488516	1.69368557564206	0.120517720546306	0.381223653794877	-5.39684499926584
HAGH	-0.383971089162188	4.03313945083205	-1.69353619116823	0.120546756578677	0.381223653794877	-5.36516099791335
HBQ1	-0.733739252561239	-0.639079755896531	-1.69346137639103	0.120561300780184	0.381223653794877	-4.82974127780952
DNAJC7	0.472107606044751	7.07245326872137	1.69345284787008	0.120562958848776	0.381223653794877	-5.60498960600765
NKX3-1	0.523108300424161	0.859283517578772	1.69304641416035	0.120641999283518	0.381382186573611	-4.97641066594648
APOL4	-1.35568074613753	-3.18266121805675	-1.69303071028256	0.120645054201649	0.381382186573611	-4.61391732542608
ENSG00000288764	-0.865254741677316	-1.33308712576436	-1.69288057643746	0.120674263663363	0.381424003556283	-4.76441978884661
ENSG00000306752	1.31720106925841	-3.17517109575303	1.6926950780462	0.12071036230744	0.381449992888554	-4.61489724497675
COX6A1P2	0.680648153559859	5.68576903580485	1.69267407205764	0.12071445075993	0.381449992888554	-5.53951544945085
NUDT11	0.381087641709809	6.13195523370023	1.69247112087818	0.120753958119025	0.381524320681329	-5.56665519865003
CALM2P3	0.99691525887983	0.0290396130435911	1.69228952919273	0.120789317412312	0.381585524643235	-4.89601251375322
CDC42EP5	-1.27024106334925	0.676806146024178	-1.6920840958235	0.120829330362842	0.381661411827679	-4.9594774151912
ITM2C	-0.322371055060938	8.55539305524778	-1.69189312384543	0.120866537319976	0.381728416860643	-5.65016610102376
GPX3	0.695865576578862	5.93002202683254	1.69173629224684	0.120897100439017	0.381774423945225	-5.55644228813051
ENSG00000310308	-1.87580832487962	-3.35748645926827	-1.69155864334311	0.120931728807333	0.381814385755718	-4.6033958681274
SEPTIN2	0.285547094231774	9.52080682369476	1.69136610235831	0.120969270108644	0.381814385755718	-5.67221581032219
ENSG00000287165	-1.2378761295254	-2.64641364596967	-1.69115809393107	0.121009839011153	0.381814385755718	-4.65625769038603
HAUS6P1	-0.52605885607821	2.51891614140169	-1.6911460105908	0.121012196060477	0.381814385755718	-5.16343176401445
GRAP2	-1.10446106342527	-3.21995974974939	-1.69112899499511	0.121015515295386	0.381814385755718	-4.61373327113107
OSTF1	-0.735267704952124	3.2015540568908	-1.69111765584133	0.121017727271382	0.381814385755718	-5.25313709450063
ENSG00000282057	-1.36338758973899	-4.08256525149016	-1.69109709470954	0.121021738309884	0.381814385755718	-4.55537559200807
CYRIA	0.803448832729848	3.8377123891069	1.69062227381626	0.121114399034872	0.38205622016459	-5.34253874588595
VIPR2	1.47694394320343	2.99721655672201	1.69031021199656	0.121175332287155	0.382133012466009	-5.22653827407201
ENSG00000293739	1.29115790941774	2.70200766954841	1.69027206051793	0.121182783644548	0.382133012466009	-5.18781375873833
IGFBP5	1.63790627869934	4.2419518020469	1.69006138057925	0.121223938925419	0.382133012466009	-5.39787933688973
MARCHF5	0.325551740004038	5.15396136234394	1.69000891838117	0.121234189111216	0.382133012466009	-5.50082066000536
ENSG00000297768	-1.41893173131772	-3.56655192118445	-1.68999912222346	0.121236103193611	0.382133012466009	-4.5908970404353
RPS18P14	-1.03015336880525	-3.86617274258951	-1.68999461985778	0.121236982925083	0.382133012466009	-4.57078363265415
SETP3	0.808284859140164	0.484983952824859	1.68992381090806	0.121250819265307	0.382133012466009	-4.94351592760662
DUSP19	-1.00613791740125	0.38982999191815	-1.6897053409351	0.121293518090851	0.382217110677892	-4.93450832290576
FAM98C	-0.912233485088649	1.46031582384465	-1.68955515314641	0.121322879363824	0.38225916327081	-5.04380270539531
NPM1P18	-0.813505797452588	-2.44917808964181	-1.68936691737391	0.121359687936404	0.382324666311795	-4.67396072120131
ARHGEF26-AS1	1.10992245578663	-1.48626774751452	1.68864359495966	0.121501223552412	0.382720034647672	-4.7562039171731
KIF26A	-0.909055790897826	6.19842776106327	-1.68839958865721	0.121549002804108	0.382820011866673	-5.57591390847189
ENSG00000254783	-1.28139987087624	-2.16002648145805	-1.68819877265797	0.121588337574109	0.382893370217873	-4.69870461475781
ENSG00000303669	-1.07503678524288	-2.53458387901229	-1.68799229462509	0.121628793332129	0.382970238846691	-4.66910197941663
MAML3	0.507388146375612	4.103558355469	1.68782427818599	0.121661722148371	0.382979198827528	-5.38273733937438
CFAP300	0.879428311004944	1.31464011644257	1.68781402572745	0.121663731743006	0.382979198827528	-5.03072398463615
CYP51A1	-1.2942593509711	2.82813120560945	-1.68761455825459	0.121702835503211	0.383051770401574	-5.20792480673104
CCNH	0.603626343874088	5.22630933049334	1.68732264408371	0.121760082964536	0.383072207199409	-5.51124776374913
DEPDC1B	-0.369824788572688	6.39243820557423	-1.68719236177497	0.121785640521398	0.383072207199409	-5.58700761941311
PPM1K	-0.614156458068813	2.80387560219957	-1.68711938314785	0.121799958889654	0.383072207199409	-5.20545128978161
UBP1	0.48417460596547	6.67083990659041	1.6870865802771	0.121806395288838	0.383072207199409	-5.59910847613887
HDHD5	-0.512873541781447	6.33232623415335	-1.68704537089737	0.121814481600593	0.383072207199409	-5.58443302556868
MEGF6	-0.909953332040272	4.55926271224463	-1.68701751522798	0.121819947853614	0.383072207199409	-5.44193684723912
HSPA5P1	2.18330048046745	-2.67370969529358	1.68700868512342	0.121821680673881	0.383072207199409	-4.65965984660444
RPS6KB1	0.344339296125926	5.10437992392457	1.68687040345411	0.121848819969199	0.383107072349477	-5.5007029010445
NDST4	1.67941868169474	-2.73747460583327	1.68660757929663	0.121900417083713	0.383218816456399	-4.65532459899403
PYGM	-0.565193318216379	3.61967159261534	-1.68637177737826	0.121946725967524	0.383263139310784	-5.3180982805071
ENSG00000277493	0.902577541751073	-1.78401799016326	1.68636585968585	0.121947888340206	0.383263139310784	-4.7328804240055
ENSG00000238084	-0.973095342484392	1.73571257938163	-1.68629050375113	0.12196269087298	0.383263139310784	-5.07837551889747
PHTF2	0.451031116668767	5.36798790057094	1.68602344076173	0.122015164365914	0.383343717347196	-5.52518302771569
RNF180	0.621231522278343	1.06298821834894	1.6859497546935	0.122029646041528	0.383343717347196	-5.00707704619285
WNT3A	-1.38153581949386	-2.099119212178	-1.68588815620588	0.1220417533059	0.383343717347196	-4.7068047773874
RNASEH2B	0.493351671793559	5.51000681250518	1.68572980150782	0.122072883089344	0.383343717347196	-5.53680138480503
ADCY8	-1.60564236924382	1.13568272053237	-1.68567375823063	0.122083901934754	0.383343717347196	-5.01497628377644
NETO1	0.621089246096167	3.45117669050722	1.68561070023071	0.122096301036126	0.383343717347196	-5.29559891785752
ENSG00000304551	1.82107861574203	-2.68135272010412	1.68555701125239	0.122106858798177	0.383343717347196	-4.6609949399722
IFT22	0.378712386222093	4.41062036814026	1.68545677061668	0.122126572988482	0.383343717347196	-5.42598714424655
STAG3L4	-0.415108906312473	3.18920211574074	-1.685424666172	0.122132887531239	0.383343717347196	-5.25950927675724
MEGF10	0.722293722146845	5.72789691446872	1.68526481441346	0.122164332742818	0.383391995999058	-5.55297447560486
ENSG00000272157	0.551299819733348	1.66948707088049	1.68517959201033	0.1221811002281	0.383394204462801	-5.07262706478854
SLC25A24	-0.538384445657646	5.19135434648963	-1.68503435280698	0.122209680770963	0.383433475872297	-5.51134939840976
EPHA1-AS1	-0.607511808549629	1.76776186676416	-1.68484005571947	0.12224792444893	0.383453174411545	-5.08397227443863
RPL29P12	-1.41874462409115	-3.32862349349051	-1.68481070117882	0.122253703266169	0.383453174411545	-4.61425352687966
ENSG00000289053	-1.76154806503134	-2.75468289868477	-1.68475759801404	0.122264157928179	0.383453174411545	-4.65646054876054
SH3GL1	-0.508301505029276	6.8622548407038	-1.68443031974725	0.122328608434874	0.38360336754214	-5.61034014930797
BPNT2	0.629279353336974	6.5437311028358	1.68435120932046	0.122344192136874	0.38360336754214	-5.59775021881304
NENF	0.513981753246234	3.84924936591139	1.68414466671959	0.122384886694752	0.383664483786635	-5.35333985462362
MTRF1L	0.458559052723483	3.87458401082563	1.68404591566998	0.122404347659477	0.383664483786635	-5.35696025794091
BCL2L2	-0.442626840804455	4.07086377108288	-1.68396753274958	0.122419796637523	0.383664483786635	-5.38383770968713
NPM1P33	-1.15611569359937	-1.77940646182312	-1.68392599337085	0.122427984602967	0.383664483786635	-4.73655825655897
VTI1A	0.4455447246581	4.09204766528287	1.68362594430527	0.122487142896062	0.383779213485666	-5.38716525151072
CKMT2	-0.706821342280989	-0.188325537299664	-1.68357720499889	0.122496754863779	0.383779213485666	-4.88706336026308
ENSG00000293992	0.836567702944024	-0.458081656672458	1.68336197821949	0.122539208237977	0.383861830032261	-4.86122417159186
MORN2	0.473288099370538	2.30940272444788	1.68327852062973	0.122555673763447	0.383863026996349	-5.14883416864723
LINC01361	1.134805848031	-2.74259285460389	1.68308502354254	0.122593856865548	0.383903467051828	-4.659587393004
ENSG00000286060	0.930218457370911	-1.53220930846288	1.68302375503106	0.122605949311341	0.383903467051828	-4.75964511989781
TSPAN10	0.718799031817545	0.453060285564688	1.68296857815998	0.12261684037944	0.383903467051828	-4.95001052703859
ZNF853	-0.655163929950064	2.63606492434729	-1.68280131916701	0.1226498600522	0.383907217908253	-5.18992591065752
KAT6B	0.390569347201263	5.18691266438701	1.68269461476331	0.122670929429328	0.383907217908253	-5.51428418565407
DARS2	0.407123946078191	6.44624994592466	1.68254231896741	0.122701006714345	0.383907217908253	-5.59610095706983
FTLP3	-0.434062913087674	4.81494836492448	-1.6823923907388	0.12273062289582	0.383907217908253	-5.47768457219841
GRTP1	-0.451902106858735	5.28372288315412	-1.68238754120978	0.1227315809583	0.383907217908253	-5.52330360971601
LINC00528	-1.20328717461835	-4.09621600124411	-1.68224678024396	0.122759392319501	0.383907217908253	-4.56589109017617
PDIK1L	0.481046764184362	2.2560030008479	1.68220502685224	0.122767642987166	0.383907217908253	-5.14392411517836
CMTR1	-0.434338227451837	5.76744768819492	-1.68207951310927	0.122792448096868	0.383907217908253	-5.56015510229895
CAMK1G	1.0994441992937	1.79985781071154	1.68207839329978	0.122792669423557	0.383907217908253	-5.09142192160318
ENSG00000289296	0.976942359678542	-3.06768148466301	1.68204372629539	0.122799521421109	0.383907217908253	-4.63668412112614
ENSG00000293114	-1.17328658246845	-2.59798526878784	-1.68202201167175	0.122803813531644	0.383907217908253	-4.67208987678547
STARD5	-0.734585552398192	1.59225064448559	-1.68198534350696	0.122811061663783	0.383907217908253	-5.06863806756852
ENSG00000274849	-1.17934192310864	-1.40983695821566	-1.6817221709172	0.122863093811455	0.383971148614443	-4.7724842869466
RETREG3	-0.46512244191381	5.2165952280509	-1.68171916182091	0.122863688857774	0.383971148614443	-5.5183832357967
CGN	-0.674037971728947	5.29885800230265	-1.68160491981924	0.122886282035283	0.383991475953927	-5.52570082826968
KRT8P46	-0.978422076830964	-1.94786334925571	-1.68127947538785	0.122950664326592	0.384142362283385	-4.72562295529594
RPL23AP65	2.67264412808332	-0.402607720420235	1.68115759475168	0.122974783629549	0.384167429435399	-4.86964306129537
RPL41	0.403783795015357	7.55851359475383	1.68045472599708	0.123113959271458	0.384551873567843	-5.63946513035299
ENSG00000289983	1.47333739956237	-3.60420018002429	1.68002863084316	0.12319839961209	0.384765271334957	-4.60127108223608
LINC01291	-1.56257589541293	-4.05288186101171	-1.67989667947714	0.123224559291662	0.384796618685607	-4.57167893087064
ENSG00000271746	1.36400281318931	-3.1790622332624	1.67917876154139	0.123366975710778	0.385159957706449	-4.6323261815662
FBXO24	-1.14014404113991	-0.660854103536492	-1.67914746275976	0.123373187944266	0.385159957706449	-4.8471708811683
TMEM198	-0.879407528181276	2.93007805499197	-1.67874594673066	0.123452906427853	0.385338098129816	-5.23390475157311
RABL6	-0.525357368426255	6.83616897655311	-1.67859201413103	0.123483481043206	0.385338098129816	-5.6177110481477
CHCHD3	0.297978426084248	7.14621593008207	1.67857007975839	0.123487838276229	0.385338098129816	-5.62886282587263
BANF1P3	-0.976244662293582	3.23781476584551	-1.6785348837231	0.123494830208864	0.385338098129816	-5.27592842493089
ATE1	0.304698615061207	5.39324776828337	1.67840072754797	0.123521484509064	0.385370885068997	-5.5381555447765
ENSG00000299218	-0.992187572279606	-4.73568458999104	-1.67804890209029	0.123591410128865	0.385538646653459	-4.5437235040654
AKT1	-0.420916972425943	6.7308051256678	-1.67775565236519	0.123649720929464	0.385631204554344	-5.61483316114095
RBBP4P2	0.730873532704531	1.88763341138393	1.67773717300896	0.123653396256521	0.385631204554344	-5.1073544948998
MAK	-0.911925369497493	-1.28540515758269	-1.67761722293975	0.123677255302328	0.38565521979366	-4.78947478570109
CSKMT	-0.645968798616768	1.71552960299013	-1.6775209620953	0.123696405357954	0.385664546920744	-5.0884009574447
ENSG00000286339	2.74608095819379	-0.999886826255966	1.67726379788783	0.123747578457996	0.385773701026253	-4.81686678882643
GSG1L	-0.83008351960531	-0.886197145571331	-1.67706041550785	0.12378806297304	0.385849510118523	-4.82810198467723
RBFA	-0.345146859548263	4.24074232138154	-1.67680095448606	0.123839727548169	0.385938507538414	-5.41658886006692
MRTFA	-0.438321304323162	5.27296339958037	-1.67675461991883	0.123848955848523	0.385938507538414	-5.53042674126242
SIPA1L3	-0.411690356128731	5.21356314435727	-1.67658140161418	0.123883460625629	0.38599563377962	-5.5254355262506
RPL37P2	2.46769359158213	1.80536665783889	1.67635091980751	0.123929385571127	0.38601690219363	-5.10004359799981
KCNK5	-0.649648346573279	5.98187918542026	-1.67631566230038	0.123936412198178	0.38601690219363	-5.58151904784042
ZNF691	0.3132016441784	4.52471437705467	1.67626519920691	0.123946469837131	0.38601690219363	-5.45311165132538
ENSG00000231703	0.838409957840028	-2.50846103404711	1.6761404910735	0.123971328161997	0.38601690219363	-4.68684177742736
FAF2	0.348678065927461	6.5198821734879	1.67610840001297	0.123977725662052	0.38601690219363	-5.60851637862347
EWSAT1	-0.678391477607621	-0.497174624432883	-1.67603659150231	0.123992042091409	0.38601690219363	-4.86741665399673
SLC9A3	1.15052215227459	-1.4582796442347	1.67591153543752	0.12401697800349	0.38601690219363	-4.77590406655704
ENSG00000261790	-0.84329070716554	-1.51795138324843	-1.67582084985179	0.124035063331099	0.38601690219363	-4.77062207307919
SLC43A1	-0.546815322974394	5.02907691815748	-1.67581690740944	0.124035849621777	0.38601690219363	-5.50920971685923
IQCG	0.428419937760577	3.25397911217578	1.67554074666919	0.124090938953175	0.386137997391841	-5.28238855746355
PHF21A	0.484729925182203	5.5508027215457	1.67519736741628	0.124159467854315	0.386258715539917	-5.55489539292343
POMK	0.558002213628119	5.58438392672048	1.67517245855196	0.124164440288516	0.386258715539917	-5.55741003037109
TTLL5	0.415059605658627	5.7106070720862	1.67510311049157	0.124178284842577	0.386258715539917	-5.56631045576104
RTP1	-2.62684738295816	-0.690665359826359	-1.67470782862876	0.124257224843297	0.386453894362129	-4.85030809914913
TAPT1	0.487264248553337	3.68532225878064	1.67453941840171	0.124290870987422	0.386508171707727	-5.34406766413276
LARGE1	-0.353050647085516	6.567603490454	-1.67441710397984	0.12431531292235	0.386533816247749	-5.61295446094058
ERAL1	-0.406794570647485	6.47495361680003	-1.67409667697545	0.124379363893801	0.38667545172011	-5.60943736528487
CACNA1D	-1.10228994704234	-1.0549861297928	-1.67384611410182	0.124429470176339	0.38667545172011	-4.81624132330524
GPR89A	0.475283586498239	2.92847475432651	1.67382511832755	0.124433669626286	0.38667545172011	-5.24062122624413
ENSG00000293475	-0.983125341164011	0.65499189677402	-1.67366379681025	0.124465940439848	0.38667545172011	-4.98282323353414
EEF1B2	0.536215839293251	8.06032353925672	1.67365737301409	0.124467225613765	0.38667545172011	-5.66360587654916
ENSG00000300299	-1.64651966797706	-3.85811440123002	-1.67365355442991	0.124467989582749	0.38667545172011	-4.59240393193812
HERC2P10	1.26281172737194	-1.68391467965614	1.6736221439298	0.124474273916521	0.38667545172011	-4.75875104744835
FTH1P20	1.13396058038588	3.49588786516936	1.67348521643108	0.124501672479593	0.38671023126893	-5.31902415999596
ACTN4	-0.338715445576474	7.96199088489926	-1.67317960632251	0.12456284317445	0.386849886538007	-5.66158934675838
SLC9A7	0.440029529378165	5.19762884113545	1.67257665632096	0.124683608289163	0.387174561415229	-5.52967982290808
TRIM7-AS2	1.01721210310896	-2.14458087043851	1.67235398142066	0.124728234492424	0.38726275174069	-4.72108287464887
KDM4C	0.482256861855404	5.37869487607796	1.67200917129338	0.124797366048554	0.387426994729559	-5.54605786134578
SYCE3	1.51848439518699	-2.7160384999006	1.67189420032981	0.124820424408019	0.387431471902608	-4.67636184125222
ENSG00000270000	-1.31915928804379	-2.96481391120499	-1.67184010942619	0.124831274099428	0.387431471902608	-4.65765234512839
ZSCAN10	-0.608373549783809	7.02636765431203	-1.67142026649221	0.124915516034404	0.387642519983502	-5.63490513359006
NOMO2	-0.476950637880009	4.92205795255651	-1.6711563864429	0.12496848994182	0.387756493687132	-5.50506514157741
DUS1L	-0.473994857014749	5.5963336478362	-1.67105992969072	0.124987858658252	0.387766179981347	-5.56413151247359
FBXL14	0.485425729005136	3.4976656838472	1.67016610235935	0.12516746915032	0.388236005541563	-5.32395646469768
ENSG00000230647	1.01649245498324	-2.44888233411698	1.67014441582729	0.125171829833759	0.388236005541563	-4.69946169168305
ENSG00000296386	-1.46242392595475	-3.39967339218517	-1.66995417755703	0.12521008839483	0.38824724224431	-4.62856968197174
COBLL1	-0.787791689240394	1.33517784139714	-1.66990765085371	0.125219446912866	0.38824724224431	-5.05782027041116
ENSG00000278493	-0.807021216353436	-0.402042768748024	-1.6698837530848	0.125224254024247	0.38824724224431	-4.8850961494802
ENSG00000261499	-1.249751777421	-2.78150128397487	-1.66974681218205	0.125251803308569	0.388282217114639	-4.67418877691881
FGF8	-2.21190131631868	0.219239523487215	-1.66939127857925	0.125323353667554	0.388427325440825	-4.9459225289104
ENSG00000286874	1.29066859746814	-3.26953655317251	1.66935249213495	0.125331161571199	0.388427325440825	-4.63861946822303
CPED1	-1.39481502820436	-2.94372476950645	-1.6692017956692	0.125361501656659	0.388470911456698	-4.66267892617071
LINC02035	0.714690505161713	1.65648681508895	1.66860370239624	0.12548198216797	0.3887937775416	-5.09432150420519
MRPS18C	0.649527727438098	4.69364654676548	1.66821762746233	0.125559808610957	0.388972687438247	-5.48438805791401
SLC20A1-DT	-0.882937453160984	-0.687059104526616	-1.66808043797373	0.125587474204086	0.388972687438247	-4.85966569707514
TBC1D30	-0.638886099316236	-0.467780690085914	-1.66783472305877	0.125637038661689	0.388972687438247	-4.88146900311118
SLC25A5P5	0.897234824716864	-0.574471299829556	1.66780578158536	0.125642877753749	0.388972687438247	-4.87107375697421
TGM4	-1.13834443052956	-4.12416475313255	-1.66769359934546	0.125665513400169	0.388972687438247	-4.58275362817209
RPS7P10	0.809872684771116	2.6131606241587	1.66760141243174	0.125684117212266	0.388972687438247	-5.20837155200003
ENSG00000272892	-1.02322228303331	-2.73600226988907	-1.66759799271251	0.125684807377375	0.388972687438247	-4.68048200659723
KDM4B	-0.709259031964122	6.01210873551266	-1.66758725604112	0.125686974266222	0.388972687438247	-5.59564946228667
ARHGEF35-AS1	-0.75197025351289	3.27438416073868	-1.66753794737169	0.125696926235416	0.388972687438247	-5.29649201641722
ATF1	0.505010809864341	5.07523927857475	1.66750934246677	0.125702699887342	0.388972687438247	-5.52551912072293
RTF2	-0.314118021937478	5.61755385206936	-1.66729569453254	0.125745830387816	0.389023211970364	-5.57100942819541
RRP7A	-0.524583356049087	6.19818218778248	-1.66726698614758	0.125751626947306	0.389023211970364	-5.60606760297922
EDEM2	-0.542446105804323	4.68589003867792	-1.66711775088829	0.12578176315414	0.389066011041972	-5.48505631699401
CRKL	-0.350362711976484	7.42589333830269	-1.66686553046208	0.125832710650454	0.389165167772767	-5.65473174649844
AVPR1B	-0.742463007603544	-0.992954225592715	-1.66679762299837	0.1258464308405	0.389165167772767	-4.8316950154056
NSG1	0.497356975110612	5.70259278755419	1.66658977338112	0.125888433617617	0.389165629519765	-5.57788308416931
ENSG00000266897	-1.12878874411891	-4.27428413541553	-1.66629001801686	0.125949031064874	0.389165629519765	-4.57598153498874
TEX15	0.447029455538491	4.20823832913874	1.66628275572129	0.125950499508222	0.389165629519765	-5.42726606749362
DYNC2I2	-0.57523954757159	5.60029370402567	-1.66628222391534	0.125950607040515	0.389165629519765	-5.57120894334974
RPL7AP70	1.23239424775642	3.55220036974201	1.66627753590356	0.125951554970008	0.389165629519765	-5.33704737190009
ZNF608	0.490559414151049	6.06789798033375	1.66621344754311	0.125964514462301	0.389165629519765	-5.60069816083122
ENSG00000294658	-1.7176449961067	-3.84343744041079	-1.66619173571762	0.125968905144148	0.389165629519765	-4.60297530737966
CCDC112	0.437551344107812	4.69703612682512	1.66615158541049	0.12597702491598	0.389165629519765	-5.48770463176383
CEP43	0.430537515516046	4.18456621613096	1.66598034399168	0.126011661081442	0.389222248612758	-5.42457570649123
WDR87BP	-1.09845009759342	0.651319754983118	-1.665758506962	0.126056543661251	0.389309505082673	-4.9933594595594
RYR3	0.746102906280244	-0.553432553752162	1.66548782642019	0.126111327774775	0.389309505082673	-4.87628340075556
YBX3P1	0.847891817469454	2.22844523233253	1.66539805114415	0.126129502461073	0.389309505082673	-5.16416797413284
CHST14	-0.396081647143379	4.40380824576954	-1.66539014313018	0.126131103522921	0.389309505082673	-5.45364245531157
ZFYVE27	-0.651460054818648	3.96563072691576	-1.66536582663281	0.126136026771475	0.389309505082673	-5.3959487545487
ENSG00000301163	-1.05392820838538	-2.25865457567667	-1.66535716587729	0.126137780316098	0.389309505082673	-4.72104014229191
ZNF606-AS1	-0.567486747959295	2.87730481648423	-1.66519468046789	0.12617068281321	0.389360704254317	-5.24595557009973
ATXN3	0.322109385061157	4.64827819431052	1.66490502268095	0.126229356164167	0.389460736355853	-5.48380832320512
ENSG00000285184	0.744232206749845	1.72471793228705	1.66487354537105	0.126235733709678	0.389460736355853	-5.10703613675645
ZNF235	0.574728795774907	2.21434190189719	1.66467662787355	0.126275637263797	0.389507830059211	-5.16350158594538
ENSG00000287059	-1.90802081619406	-1.01796154926917	-1.66448343410675	0.126314797218598	0.389507830059211	-4.83242390806669
WDR17	0.702829204840211	2.61874039742266	1.66443822480427	0.12632396261615	0.389507830059211	-5.2135084124845
ZSWIM9	-0.93296517609763	3.10789773243788	-1.66442648351959	0.126326343054283	0.389507830059211	-5.27801561073223
SMG1P7	0.706797482491211	0.924493085395375	1.66434211027574	0.126343450140073	0.389507830059211	-5.02282527537712
LAMTOR4	-0.388836609881874	5.01307951757833	-1.66431514575284	0.126348917765887	0.389507830059211	-5.5239483490261
ENSG00000276846	-1.02426794914666	-1.80417057504845	-1.66418106527078	0.126376108559449	0.389541338368637	-4.76081174532049
PTPN11	-0.37212797086352	7.65261901200456	-1.66395443924013	0.126422079004975	0.389544794601485	-5.66584001264383
SPPL2B	-0.836954718335545	4.71755170694435	-1.66389246925118	0.126434652048595	0.389544794601485	-5.4932360400642
EPPK1	-1.13677450297726	1.72539344829183	-1.66371707219784	0.126470244294009	0.389544794601485	-5.10871833612671
DMXL1	0.461486002852223	5.57993608192766	1.66371649572803	0.126470361288277	0.389544794601485	-5.57337905896029
GGACT	0.648485817750126	1.3610548010806	1.6636694361707	0.126479912329605	0.389544794601485	-5.0692186521617
PNRC1	0.564914200383151	4.66227084738741	1.66361666261326	0.126490623832669	0.389544794601485	-5.48726216162002
JAM2	0.697367202771107	3.91623809688973	1.66354821892843	0.126504517127789	0.389544794601485	-5.39170586209459
KHDRBS1	-0.282405152147883	8.48869728721364	-1.66348450714152	0.126517451129369	0.389544794601485	-5.68915599293108
ENSG00000296557	1.33076989227389	-3.53267918990352	1.66345164350936	0.126524123172192	0.389544794601485	-4.62766527409881
ASGR1	-0.782591072502753	2.41641728102138	-1.66333440018329	0.12654792872337	0.389546572778168	-5.18978587455851
KCNN3	0.825450761709746	3.23213837379744	1.66328803581703	0.126557343835501	0.389546572778168	-5.29662327982741
SPMIP4	0.63553277027818	2.25356295895494	1.66290845871127	0.12663444733731	0.389662393341953	-5.17063952264316
VSX2	-2.05704770924464	-3.39738063154028	-1.66274528190579	0.126667606371662	0.389662393341953	-4.63807863716793
TMEM203	-0.476759575159329	5.22695476870336	-1.66268256569251	0.126680352954059	0.389662393341953	-5.54638412709878
TMPRSS9	-1.72106852622718	-1.56449661440133	-1.6626596222188	0.126685016323556	0.389662393341953	-4.7840797391955
RPL7A	-0.266951397230793	9.37949666809157	-1.66262457948531	0.12669213922152	0.389662393341953	-5.71043912624579
ATP5F1A	-0.295350901905731	9.61326998189873	-1.66262068669931	0.126692930503773	0.389662393341953	-5.71517141207265
KGD4	0.446106767936818	3.68312979652982	1.66245994438299	0.12672560827918	0.389674059057253	-5.36081277880954
MTND2P28	2.57306626011995	1.40264137395418	1.66244140725118	0.126729377232262	0.389674059057253	-5.07535948741788
ENSG00000260007	-0.964203454685902	0.250546784836741	-1.66216382833006	0.126785826337025	0.389797413008602	-4.9588748119295
ISLR	0.88770197648904	2.41913399407254	1.66206519399045	0.126805890270348	0.389797701515532	-5.19189284349543
FSD2	-0.956697779223803	-3.85383593010187	-1.66191469229678	0.126836510400844	0.389797701515532	-4.60777330287524
ENSG00000287636	1.31010573680927	-3.8632680298337	1.66179931489301	0.126859988846712	0.389797701515532	-4.60729379348446
CEND1	-0.808906011328276	2.23971482660258	-1.66179224739093	0.126861427157442	0.389797701515532	-5.17054089790849
PHTF1	0.361857054901229	5.36301299613573	1.66176201187719	0.126867580566165	0.389797701515532	-5.55930831292393
HMOX2	-0.41519019322077	5.05614063807618	-1.66153845467922	0.126913086311048	0.389887325393974	-5.5321441036485
ENSG00000289553	-1.05046875372599	-2.34910765827764	-1.66143460225937	0.126934230756701	0.389902095942107	-4.71891707469759
CHM	0.362134188953755	4.8613395462745	1.66129151405044	0.126963368810739	0.389917549932327	-5.5126901592543
GALNTL6	-0.942491427405086	-2.60155464811292	-1.66124944843561	0.126971936065448	0.389917549932327	-4.69920057672446
ENSG00000290082	-0.97873309660555	-1.28154580409005	-1.66074122224471	0.127075484393154	0.390107945699178	-4.81255616631215
LINC03077	1.28682296905118	5.74708231085809	1.660669912612	0.127090019390054	0.390107945699178	-5.58929186559186
STMND1	-1.45106939301722	-3.75460428609259	-1.6605551883236	0.127113406691832	0.390107945699178	-4.61617614377455
MED13	0.397509469108924	5.79779204195436	1.66049918955776	0.127124823808264	0.390107945699178	-5.59284801198378
ENSG00000263126	-1.36928638520666	-2.74180559864157	-1.66036599513384	0.127151983385341	0.390107945699178	-4.68952566878988
RPL12P12	1.9966682551944	-1.0619031786963	1.66033473904806	0.127158357543242	0.390107945699178	-4.83382301928134
ENSG00000287390	1.29774666121967	-3.23669682339757	1.66031644488405	0.127162088465872	0.390107945699178	-4.65273065164969
IPO4	1.24345152832243	0.724618833788275	1.6603036556958	0.127164696758688	0.390107945699178	-5.00819071463916
KIAA1143P1	0.657625754326108	0.865278075223998	1.66019531996866	0.127186793225088	0.390125587187146	-5.02251566200112
C2orf49	0.374867784517514	4.71277266818855	1.66002741932206	0.127221045514693	0.390180505435516	-5.49816263598905
UBE3B	0.319484130590165	5.26628099543234	1.65967215139065	0.12729354857322	0.390274799836491	-5.55411694507335
CXCL16	-0.984617842794963	1.19642651719008	-1.65966500999621	0.127295006367686	0.390274799836491	-5.05737939845505
ST13P7	-0.789567620680736	3.15341067920666	-1.65960680654997	0.127306888170558	0.390274799836491	-5.29099287887158
PSMB4	0.481924061369844	8.21143171387575	1.6594900427065	0.127330727638445	0.390274799836491	-5.687805609919
ABO	0.836788250272045	-0.345519109123127	1.65939936228021	0.127349244457414	0.390274799836491	-4.90488011769776
SEC22B	0.363688051422543	5.47102095496372	1.65939613621041	0.127349903260845	0.390274799836491	-5.5713013784007
ENSG00000273416	0.899941253171525	-1.66986722776506	1.65912777092433	0.127404717459961	0.390392655233906	-4.7793730467441
USP34	0.353227804675678	6.98251772947576	1.65898756762618	0.127433362688015	0.390404806192578	-5.65102070908268
GINS4	-0.432506841095981	5.89833296111944	-1.6589482442825	0.127441397957279	0.390404806192578	-5.60127906393121
ENSG00000272908	-1.0656933584421	-3.28261234015442	-1.6586770997	0.127496815551692	0.390447647493636	-4.65154387194099
TTBK2-AS1	1.39624221549869	-3.19687990267932	1.65865912146607	0.127500490775982	0.390447647493636	-4.65777066106748
MAMDC2-AS1	-0.793283707617673	-1.99411434620501	-1.65863970194649	0.127504460743512	0.390447647493636	-4.75186529638613
CCDC87	0.746944192217716	-0.190654438063945	1.65841418389485	0.12755057190893	0.39050271271391	-4.92124386898725
ENSG00000224635	1.12661626015073	-1.63606326059032	1.65839171906765	0.127555166058476	0.39050271271391	-4.78336307648064
CREG1	0.425630971707863	5.16046631074818	1.6581276820914	0.127609173804609	0.390617949364447	-5.54678482305392
MARCKSL1	0.550462826374748	9.53201490906129	1.65749456667805	0.127738758485913	0.390931120972908	-5.72084316658658
MOCOS	-0.370417457481747	4.85112618263875	-1.65741988982726	0.127754050940907	0.390931120972908	-5.51705778806767
ENSG00000305567	-0.768167327368953	-0.716436225774988	-1.65738780860887	0.12776062109141	0.390931120972908	-4.87128875497202
ENSG00000303368	1.84037893648278	-2.2244967030975	1.65698382832844	0.127843381082459	0.391134210523656	-4.73489713049522
TMEM107	0.57746343116664	2.94855920807553	1.65677069488715	0.127887063234733	0.39121770548877	-5.26723593718487
ENSG00000273175	1.53261549553105	0.516009675206768	1.65646272481646	0.127950205941949	0.391329981471018	-4.99270351248094
HIVEP3	0.688676273380497	0.584929064482159	1.65636441824707	0.127970367482489	0.391329981471018	-4.99967121426099
DBT	-0.353441401838339	5.49721991233013	-1.65631492125915	0.127980519817923	0.391329981471018	-5.57767152762618
RPH3AL	-0.584029192401832	1.65085098400931	-1.65627186932855	0.127989350792423	0.391329981471018	-5.11082033114498
ENSG00000265218	0.802032971048957	-2.30318283829438	1.65588291390645	0.128069159507478	0.391472194526933	-4.72994094274747
PEBP4	1.30336784841942	-3.65848103904567	1.6557924122029	0.128087735690583	0.391472194526933	-4.62884166676425
HPS3	-0.35757919824053	6.69973050181861	-1.65577456282805	0.128091399699018	0.391472194526933	-5.64487987608534
CCNL1	0.373840012474098	5.39716028885384	1.65572549609817	0.128101472294605	0.391472194526933	-5.57068193293374
ENSG00000290951	-0.597669238186274	-0.0635863996544317	-1.65537035885576	0.128174397273253	0.391644903305688	-4.93768324045619
PLEC	-0.812885238881294	6.46456844171095	-1.65519440495582	0.128210541943991	0.391705197718541	-5.63584721930364
PHKA2	-0.404487171931925	5.32985498425275	-1.65491882745529	0.128267169738444	0.391787647470834	-5.56624051714182
MRPS35	0.435322679623394	6.369963421729	1.65490330635378	0.128270359799602	0.391787647470834	-5.63196615657759
PHF10P2	1.496032534224	-2.28284633158347	1.65476002867278	0.12829981109665	0.391827458917946	-4.73307331438261
ENSG00000267677	-1.07150593795387	-2.82207157213626	-1.65462357455955	0.128327865404082	0.391862994319246	-4.69090924439556
KCNJ11	-0.665115650215923	2.8984501932829	-1.65426852997925	0.128400886564419	0.391977332612055	-5.26405705647276
ENSG00000288998	-1.19875109859973	-4.13846275526704	-1.65424359910789	0.128406015432257	0.391977332612055	-4.59898605269935
ENSG00000279520	-0.875328347327495	-1.45498342712781	-1.65420197315201	0.12841457928075	0.391977332612055	-4.80531724447787
ENSG00000294330	-1.37189707659343	-3.81511183199566	-1.65409208128718	0.128437190159148	0.391996217075241	-4.62038964356322
SAMM50	-0.398793220122816	6.09662850441467	-1.65365713546137	0.128526717677082	0.392172301885376	-5.62008378057057
RGS7	0.604702355101264	1.91178146258327	1.65361418584056	0.128535561282351	0.392172301885376	-5.14368714778553
SLC25A40	0.472493700584101	4.58500856066959	1.65357233631882	0.128544178893422	0.392172301885376	-5.49240867384596
ANK2	0.87787812756135	5.51595747513261	1.65335931343074	0.128588052357809	0.392256012988731	-5.58327662778847
TMEM231	0.615317492928178	3.94081521507455	1.65327458001047	0.128605507484236	0.392259124233387	-5.40956474479335
YWHAEP5	1.60597459562274	-0.424150141108853	1.6529741330569	0.128667416778383	0.392397806829756	-4.90591843978405
EPHA3	1.41623437915183	1.57755699646339	1.65279932092822	0.12870345035676	0.392457550742913	-5.10759210674875
KMT2A	0.595591789145555	5.96557392934026	1.65240111369072	0.128785565480658	0.392657778656982	-5.61455733957067
SNX17	-0.418694471582426	6.37412037385878	-1.65198968015912	0.128870457213279	0.392703655432521	-5.63628511198844
ENSG00000232519	-1.39172181143528	-4.11994610311043	-1.65193691400171	0.128881348156092	0.392703655432521	-4.60310721606927
ENSG00000309097	1.43207877092311	-1.94318069430623	1.65191763929031	0.128885326664554	0.392703655432521	-4.76510802368157
GLCCI1	0.415413043759615	4.80987030073482	1.65191489087704	0.128885893975659	0.392703655432521	-5.52035778738427
TEX14	0.606607047644543	0.466504831618818	1.65188070419722	0.128892950773126	0.392703655432521	-4.99408896560085
ENSG00000288831	1.16995793514037	-3.76272244855812	1.65172155562458	0.128925806688556	0.392703655432521	-4.62695972230112
INSYN2A	0.684795299859608	-0.857892008060795	1.65169854943446	0.128930556891291	0.392703655432521	-4.86513585972458
IFT57	0.369150278327914	5.13456043027226	1.65169038339353	0.128932243012077	0.392703655432521	-5.55348015280628
ENSG00000289151	-0.865487691272442	-0.469897231132583	-1.65159720562114	0.12895148371581	0.39271214263688	-4.90330523342581
POFUT1	-0.334859941175841	5.96135809467449	-1.65140528934599	0.128991121470293	0.392782737449793	-5.6157181592322
GTPBP1	-0.428935876022453	7.24053024212347	-1.65125540040927	0.12902208660998	0.392826909187446	-5.67089004692116
GRK2	-0.619690981615094	6.16635433622188	-1.6511522218316	0.129043405846437	0.392840345364376	-5.62729994582644
PRKAR2A-AS1	-0.870305321485638	0.0675079561606222	-1.65099655382576	0.129075576650067	0.392840345364376	-4.9563599280018
C2CD2L	0.490982154622784	2.10188938021934	1.65092545465588	0.129090272595925	0.392840345364376	-5.16937162500897
ZNF527	0.465339262611345	2.45067802057583	1.65089502460641	0.12909656283598	0.392840345364376	-5.21135477724452
LRTM2	-1.79454798994545	-3.35948764066971	-1.6508358414245	0.129108797462528	0.392840345364376	-4.65617542008125
CDR2	-0.374745290555194	5.00349668070604	-1.65048452465667	0.129181444655198	0.392966282982116	-5.54255140209463
ENSG00000231700	-1.09208233137837	-2.79899940518544	-1.65039786716502	0.129199369778133	0.392966282982116	-4.69818400179373
ATP5MF	0.631318820304077	6.63805184916661	1.65030079491942	0.129219451834661	0.392966282982116	-5.65014442121997
ZHX2	0.361414478992713	5.66114982013342	1.65006585992472	0.12926806612642	0.392966282982116	-5.59845378404777
TMEM59	0.309725726862681	6.2871163024015	1.65006008950608	0.129269260384931	0.392966282982116	-5.63489736193687
TMEM277P	-0.922453891479141	-1.90789502435188	-1.6500303697818	0.129275411400464	0.392966282982116	-4.77064179470622
DGKG	0.79127921805857	0.302878094551709	1.65001597751123	0.129278390225983	0.392966282982116	-4.98058851274346
GAB3	-1.12686089880178	-1.46464058224889	-1.64999899063853	0.129281906145539	0.392966282982116	-4.81004557981665
ENSG00000293930	-0.966799061796337	-0.77723482055316	-1.6495474073616	0.129375405562041	0.393200408066882	-4.8759182583736
PHC1P1	-0.562361024947693	7.81552031359276	-1.64924189725181	0.129438695078072	0.39334267066824	-5.69148353139018
ABCB10P4	-1.01742469710072	-2.03946523879133	-1.64914367025634	0.129459049671315	0.393354441566554	-4.76061464662047
ENSG00000289560	-1.01649561430981	-1.15538804085047	-1.64888201874574	0.129513283038555	0.393469135219094	-4.84030130033457
MDM4	0.54297945453966	4.87702055755044	1.6487958072669	0.129531156819558	0.39347335112796	-5.53200746607459
EFHD2-AS1	-0.814898697245006	-1.86665292997594	-1.64829572849828	0.129634879037882	0.39373831229284	-4.77650305472831
GRIPAP1	-0.743621650588811	5.58777301760055	-1.64798329004414	0.129699720097208	0.393885127822886	-5.59621798070549
DAAM1	0.405698270384002	5.34075766221829	1.64789449373395	0.129718153481953	0.393890988441956	-5.57707306981988
POU5F1P3	-0.732451519575062	6.06695664866218	-1.64779238091838	0.129739354156424	0.393905249415008	-5.62675187233566
LINC02014	1.07537506373544	-1.30184160028312	1.6475169433969	0.129796555959124	0.39395274508182	-4.82837662137779
SPAG6	1.67743336777077	-1.84562482788785	1.64751517865911	0.129796922525674	0.39395274508182	-4.7793610971671
ACTL10	-1.61582283273019	-2.70094497498723	-1.64745847689489	0.12980870095454	0.39395274508182	-4.70955405891211
ENSG00000267469	1.436538699688	-1.66298706378205	1.64739916626039	0.129821022334961	0.39395274508182	-4.79560038339507
DVL2	-0.589396038060793	5.95236647400375	-1.64720491998419	0.129861382988388	0.393970311137524	-5.62112568735859
DRD4	-1.13916814837318	0.283268370400386	-1.64716704939165	0.129869253076937	0.393970311137524	-4.98256024508969
RSPO1	-0.926417790756948	-1.53281630154929	-1.64707285306087	0.129888830363036	0.393970311137524	-4.80774171042518
ENSG00000286830	0.900385637741191	-2.0097524007961	1.64698875388809	0.129906311334039	0.393970311137524	-4.76596921607138
GFUS	-0.388026970831726	5.73584736953943	-1.64687763741496	0.129929411380447	0.393970311137524	-5.60805494271989
RALY	-0.408289865508751	7.31722928857551	-1.64682843810237	0.129939640616089	0.393970311137524	-5.67968136132738
FAM133B	-0.385028979275343	3.7415912998792	-1.64681536272238	0.129942359294197	0.393970311137524	-5.39095569318693
AP3M2	0.360326835576454	5.04327647849852	1.64627431199062	0.130054900974581	0.394194325894607	-5.55245814271601
RPL7P22	-0.97289836829163	-0.205881020282134	-1.6462722551256	0.130055328980411	0.394194325894607	-4.93626445026375
LINC02936	1.46027194658646	-3.46720872571	1.64614541802048	0.130081724498948	0.394194325894607	-4.65456451215477
FOXD1	-1.32639731412164	-1.88010299349802	-1.64614260118238	0.130082310753171	0.394194325894607	-4.7781899967526
GNAT2	-1.0189372837544	-3.37965509486473	-1.64572292239239	0.130169682733534	0.394409015843753	-4.66132883618606
ENSG00000262412	-0.851618994216643	-3.12667284982486	-1.64557987344806	0.130199475741488	0.394449211414331	-4.67986688293386
TUBG1	0.407037805032594	7.0689787710504	1.64539652364576	0.130237671168789	0.394514849319138	-5.6733287835498
TRMT2A	-0.711652254290522	4.43456157786237	-1.64520771328371	0.1302770145942	0.394583947629414	-5.48590458508044
LINC02796	0.913716529653352	-1.04548501009673	1.64487055669133	0.130347296107664	0.394719620479514	-4.85616628956005
ZNF561	0.366808269191943	5.87388731392228	1.64483415906397	0.130354885348788	0.394719620479514	-5.61974740893285
ENSG00000305799	-0.924045228008586	-3.06772677019166	-1.64452967718027	0.13041838808368	0.394861812557807	-4.685585046296
ENSG00000302785	1.29504736102392	-3.53689783992563	1.64429813506929	0.130466696983246	0.394924135723514	-4.65203767129538
ENSG00000268205	0.667622795106868	2.8725000648437	1.64417361060203	0.130492684347367	0.394924135723514	-5.27469669724504
RPF1	0.424175243835749	5.81669492807605	1.64406256566226	0.130515862527668	0.394924135723514	-5.61727879270928
KMT2E-AS1	-0.591254707603601	1.70597548833288	-1.64391633639232	0.130546390265665	0.394924135723514	-5.13398639438245
ENSG00000287619	0.790506029698987	-0.076748849232615	1.64389382203879	0.130551091069191	0.394924135723514	-4.95200945523447
MED31	0.534873692783567	2.42524064348341	1.64389018802749	0.130551849833679	0.394924135723514	-5.21794683763533
ARL4C	-0.705381513871146	4.36922974067823	-1.64387605487518	0.13055480080691	0.394924135723514	-5.47966300366584
SCYL2	0.331569641644148	6.22622824895483	1.64374828292393	0.130581482030525	0.394954787938478	-5.64079799906335
ENSG00000289902	-2.94684512607289	-0.12381621290989	-1.64344761962898	0.130644285468714	0.395072086254135	-4.94805345658852
TRAPPC13P1	1.57796959542305	-2.10875030183111	1.6434041402957	0.130653369791088	0.395072086254135	-4.76237020727879
PLEKHF2	-0.442162701751963	3.50965925170642	-1.64314741795282	0.130707019375754	0.395134410048067	-5.36357034256045
GALNT8	-0.546063127263019	1.51102057891423	-1.64314706998298	0.130707092107491	0.395134410048067	-5.11367981433338
CENPS	0.571342224275131	1.23553462975761	1.64300066521898	0.130737696449187	0.39517687451276	-5.08444570362252
DDX10P2	1.28953485371987	-2.84823587028217	1.64276791300522	0.130786363960756	0.395273920305351	-4.70436794560429
TLNRD1	0.568379787706328	4.81417423870077	1.64268677702965	0.130803332952466	0.395275151630351	-5.5338224084611
SCRT1	1.20010639023602	-1.67267572294335	1.64259509369278	0.130822510211342	0.39528305497077	-4.80111512579606
HS1BP3	-0.438915075363483	4.54933810271276	-1.64246107277371	0.130850547669532	0.395317724206169	-5.50383412613142
ANP32CP	1.66837461979702	-0.253864541595778	1.64227242997692	0.130890021224133	0.39538693033241	-4.93701708526242
LINC01625	0.956743030653765	-2.18832821355569	1.64194570479655	0.130958413691044	0.395543464890427	-4.75768646623081
ENSG00000261215	-1.04268735955136	-2.07178035684481	-1.64169307848535	0.13101131710469	0.3956502727261	-4.76772629278188
ENSG00000261625	-1.81570207587609	-2.81380954657022	-1.64161853714739	0.131026930725566	0.3956502727261	-4.70848883430937
RNF128	0.572504370704652	1.09872219654942	1.64139958120002	0.131072803403283	0.395738722179146	-5.07233452910342
HCP5	-0.452847118192089	2.18094275075684	-1.64099442185306	0.131157724674997	0.395911093092249	-5.19245398704891
ENSG00000303699	2.13320985616976	-1.5949600353639	1.64096892286477	0.131163070896234	0.395911093092249	-4.81024476208727
ENSG00000296231	-0.817258594176542	-0.590141474880562	-1.64078504260495	0.131201629732517	0.395977402228879	-4.90609440146615
RPS28	0.584317070907846	2.7116014644293	1.64063638209811	0.131232810541598	0.396021429914821	-5.25858593172553
RPS27P19	3.3985109285756	-1.96218332955239	1.64045199557069	0.13127149389086	0.396088084032004	-4.77863988614186
MMP25	-0.48202308848687	5.78418940529999	-1.6403334749842	0.131296364272559	0.396113048425377	-5.62046813193444
CAPRIN1	0.349853995471188	9.21926065799554	1.63984680210887	0.131398531862895	0.396281965713909	-5.73936519485757
SCIRT	-1.0487857888775	0.779092211376012	-1.63983620937017	0.131400756392452	0.396281965713909	-5.04173201750624
PNCK	-1.18001002628969	2.00799838486242	-1.63978259668207	0.131412015847637	0.396281965713909	-5.17388510991051
ENSG00000278922	-1.58563137477176	-3.04464392070588	-1.63975044325625	0.13141876895402	0.396281965713909	-4.69349062543484
TAF5L	0.345465867017195	5.3335913111929	1.63966677362034	0.131436343336192	0.39628489216838	-5.58806966336839
ETV4	0.70579978076993	7.60707693915389	1.63944567834548	0.131482793363351	0.396304220705844	-5.69918877960767
TMEM256	0.471793866496158	3.88128026257854	1.63928755786193	0.131516021960143	0.396304220705844	-5.4209791623891
ICAM3	-0.680450149711289	3.28094491583728	-1.63923285366542	0.131527519644224	0.396304220705844	-5.33705061673239
EIF4BP7	-0.404951423628994	5.30707580485071	-1.63910431153922	0.131554540052852	0.396304220705844	-5.58661299241229
GSPT2	0.277928709436472	5.9931998427796	1.63908895604459	0.131557768210764	0.396304220705844	-5.63491750477688
ENSG00000282950	0.917165227657805	-2.88341022527497	1.6390422896238	0.13156757924169	0.396304220705844	-4.70653400157514
ATP5F1B	-0.315130379458047	9.96304585344928	-1.63902246509937	0.131571747297295	0.396304220705844	-5.75533457231539
SEMA3B-AS1	-1.28470861873466	-3.69527924777466	-1.6389979087926	0.131576910361301	0.396304220705844	-4.6478364816827
HAP1	-0.753635298625402	2.09689978874263	-1.63892521161261	0.131592196300072	0.396304220705844	-5.1854048951665
SNRPCP2	2.41374396365639	-2.13450859633751	1.63871385312105	0.131636647362273	0.396347954232671	-4.76639096608125
ENSG00000290740	-1.503648068036	-3.62048823531448	-1.63869824240902	0.131639931001064	0.396347954232671	-4.65338421661762
HELZ2	-1.03862469758701	3.85071091037596	-1.63824752681779	0.131734768375808	0.396568349436201	-5.4182257182572
ENSG00000285939	1.11502699271438	-1.70937714757826	1.63816063228813	0.131753059301422	0.396568349436201	-4.80372587906571
SLC27A3	-0.486662410010762	4.20629921062135	-1.63811351311097	0.131762978632802	0.396568349436201	-5.46666110159204
FAN1	-0.493300697583959	5.23567977999813	-1.63767348868303	0.131855642874159	0.396797204448059	-5.58246210620671
CCNG1	0.351755897461777	8.95672829751778	1.63739260345104	0.131914824549428	0.396925254352144	-5.73709889743372
WDR3	-0.330510685880489	6.32996789441415	-1.63710762989158	0.131974891820993	0.397055936353415	-5.6552373077189
YWHAZP10	-0.620798091665384	3.73714605329229	-1.63697160772889	0.132003571427759	0.397092165271783	-5.4041058449013
DTX2P1-UPK3BP1-PMS2P11	-0.992983808909928	-1.46604653658469	-1.63682077810474	0.132035379610665	0.397137795232229	-4.82745969864753
ENSG00000224415	2.26810128867112	-0.729885537647583	1.63658349333897	0.132085433988332	0.397178948467582	-4.89800377417901
EMP1	-1.06837919061082	-0.322739045862528	-1.63654202765072	0.132094182763697	0.397178948467582	-4.9380526474528
ENSG00000272476	-0.644509418487727	-0.618295244438188	-1.63650171851921	0.1321026880142	0.397178948467582	-4.90907765545845
ENSG00000300374	-0.727267519728464	-2.20633818982941	-1.63644040046717	0.132115627095326	0.397178948467582	-4.76343424309064
ENSG00000286427	0.795839036346307	-1.13802078868554	1.63610107355717	0.132187250876451	0.397344221242853	-4.85904437286458
RPL35P5	0.969324808504866	1.97231628096527	1.63575848403528	0.132259598421827	0.397384180030625	-5.17532462940092
PAXX	-0.851174571129435	3.87162579340885	-1.63575069716137	0.132261243252351	0.397384180030625	-5.42459628807106
SPATA45	1.50418261770608	-1.94256620060833	1.63567726847632	0.132276754576236	0.397384180030625	-4.7866184786118
RNF169	0.412619743294108	4.40325936658735	1.63566009703062	0.132280382164403	0.397384180030625	-5.49543359695586
EXOSC4	-1.7687299498826	-2.15370541461787	-1.63561771311736	0.132289336442408	0.397384180030625	-4.76886396402706
POLR2F	0.389507872694681	5.80542339357843	1.63556514096793	0.13230044389841	0.397384180030625	-5.62853977186783
ENSG00000297684	-1.54159829861523	-3.34024448252131	-1.63548102851966	0.13231821692472	0.39738755295612	-4.67733405210247
DLK2	-0.96755802173218	-1.5244076159099	-1.63532317898909	0.13235157639755	0.397394168387023	-4.82411906310452
XYLB	0.503859249785576	1.79877764423957	1.63526243579476	0.132364415689077	0.397394168387023	-5.15628196575961
LINC01971	-1.30099858332609	-1.45343133029181	-1.63517530666203	0.132382834115296	0.397394168387023	-4.83080314053141
ENSG00000282393	0.840468387407515	-2.32327887540731	1.63515550141348	0.132387021110538	0.397394168387023	-4.755545222734
ENSG00000302609	1.30419877130808	-3.95365021700244	1.63496376226323	0.132427562472627	0.397442911828474	-4.63552585393322
TAOK3	0.952764428050248	4.16804400372236	1.63492119595905	0.132436564200438	0.397442911828474	-5.46606511770737
WNT9B	-0.964674966151326	-0.0442419775258863	-1.63473397977312	0.132476162298122	0.397445520411117	-4.9675766760495
DUSP6	1.35711539702363	8.22840601693264	1.63467714677337	0.132488185133718	0.397445520411117	-5.72335314912171
PRPF40A	0.302958725744798	8.12075516461313	1.63467441406261	0.132488763254256	0.397445520411117	-5.7205087651857
CCDC88B	-1.05094585777596	2.85338096188224	-1.63460218997096	0.132504043487295	0.397445520411117	-5.2854759775655
DKK3	-0.397458972378467	5.01331651771524	-1.63360242081183	0.132715722988668	0.397909621646851	-5.56728366888679
ZNF675	0.630988079322432	5.12828292393395	1.63355508642277	0.132725752487194	0.397909621646851	-5.57842257375769
MGC32805	1.50994500634106	1.43445918291351	1.63347732409042	0.13274223070934	0.397909621646851	-5.11870548814263
DDX11	-0.474357771310834	6.26370645468139	-1.63341536641066	0.132755361152028	0.397909621646851	-5.65722036884045
SLC18A3	0.863005216053243	-2.98302082796899	1.63341260529879	0.132755946330326	0.397909621646851	-4.70630137037019
BMP4	-2.03646471151319	1.08882167349045	-1.63339614686802	0.132759434507762	0.397909621646851	-5.08226771977078
ENSG00000197149	1.94602934016573	0.429887042268092	1.6333204741457	0.132775473532305	0.397909621646851	-5.01579216888546
TFCP2L1	-1.15722022041847	2.26566807420083	-1.63321801602061	0.132797192541262	0.397924745057413	-5.21330350589981
UBE2J2	-0.475910492601726	5.6699486291143	-1.63269274287893	0.132908589319033	0.39820854899289	-5.62353566181717
LINC03007	-1.1236418037885	-3.02831615784824	-1.63242736513103	0.132964900681178	0.398314790658246	-4.70417747516914
MRPL20	0.343410217076541	5.70991484543204	1.63236834579181	0.132977427073571	0.398314790658246	-5.62672283956798
ENSG00000285018	-1.03035125586758	-2.45096997379237	-1.63224612525952	0.133003370765994	0.398318594018478	-4.74906328530129
ZNF441	0.911995591117531	1.31349745045111	1.63220512437828	0.133012075012665	0.398318594018478	-5.10750758802298
GSTA2	1.60357034203258	-2.3931807730043	1.63158800479361	0.133143147177198	0.398661083136142	-4.75456179830538
PRR18	-0.993561245973489	-1.74623610156774	-1.63138250226934	0.133186820090912	0.398738588074024	-4.80941575835718
SMIM20	-0.329225497346435	5.13709097858681	-1.63130604803915	0.133203071219737	0.398738588074024	-5.58239692724052
NCKAP5L	-0.835575153400819	4.93040501912887	-1.63107435568481	0.133252330583875	0.398738588074024	-5.56246164566645
PMPCA	-0.482565926862433	6.27592054159721	-1.6309956980509	0.133269057417402	0.398738588074024	-5.66122182234966
PPIP5K2	0.315256999764205	5.79771690525275	1.63096035396117	0.133276574076105	0.398738588074024	-5.63452379779586
DHX9P1	1.4943173460967	-0.637378243184509	1.63088320803575	0.133292982079238	0.398738588074024	-4.91474108679273
ENSG00000289433	-1.15256508616237	-2.48086916777528	-1.63081764603586	0.133306927735584	0.398738588074024	-4.74853677046179
TMEM69	0.620143066557551	6.18508900270409	1.63079269796235	0.133312234767574	0.398738588074024	-5.65695289366845
B3GALT6	0.525596006032836	4.41929650350674	1.63068472445219	0.133335205398232	0.398738588074024	-5.50437742407162
FLNA	-0.678123608920041	10.1968350919932	-1.63068052508176	0.133336098856948	0.398738588074024	-5.77135281054712
COX16	0.527786921020844	2.22144903549189	1.63043324466932	0.133388719675927	0.398845975006935	-5.211853322897
TEX264	-0.402959499304062	3.28640076256834	-1.63033352844984	0.133409944335417	0.398857544249512	-5.35019585132301
FRG1	0.425419594190444	5.17907359666428	1.63025804889677	0.133426012204638	0.398857544249512	-5.58773932606671
LINC-PINT	0.699416225789893	0.298079773187148	1.62992285401229	0.13349738833933	0.39902093519033	-5.00745526228634
POLR2K	0.703095171706791	5.8872157662801	1.62969534896351	0.133545852447976	0.399083846144277	-5.64186260723623
GK5	-0.433952791778519	3.57861680623749	-1.62964720367096	0.133556110573984	0.399083846144277	-5.3920588551722
PAK1	0.418073983317999	8.23825729557098	1.62958859307646	0.133568599446955	0.399083846144277	-5.73077108169615
ATP13A3-DT	-0.668696848565344	-0.95610895498109	-1.6294416382281	0.133599917476775	0.399097353443337	-4.88543577024125
ENSG00000288007	-1.17774981249332	-3.83400534067895	-1.62941045618934	0.133606563623927	0.399097353443337	-4.65058948117261
EPHA8	-0.693467267044194	2.9015062945196	-1.62929453582783	0.13363127349806	0.399121211935703	-5.29921588918975
ATP8B1	-2.20769456207615	0.814260053629444	-1.62912236914697	0.133667980485621	0.399180892173463	-5.05990725492242
ELOC	0.394296762373384	5.87372539667101	1.62874609846909	0.133748234933825	0.399232767281445	-5.6423700076311
CLIC6	0.540062732918262	2.90116652731104	1.62872270661558	0.133753225577742	0.399232767281445	-5.29996285033807
PPP2R2D	0.319482232042711	5.09426457536289	1.62867304919534	0.133763820520684	0.399232767281445	-5.58209766899361
ERMAP	0.48461714247891	3.0784872544096	1.62863243140688	0.133772487316639	0.399232767281445	-5.32396057652995
UCHL1	0.520052881911088	9.0692144678379	1.62861125316631	0.133777006409087	0.399232767281445	-5.75195717546236
TMEM38A	-0.47431744086794	2.97567035109362	-1.62856899753309	0.13378602348068	0.399232767281445	-5.31013866056728
ATP6V1D	0.309129598204057	6.05588419475081	1.62849205951014	0.133802442933099	0.399232767281445	-5.6533142252649
ENSG00000279130	-1.27024383662681	-4.03806103709197	-1.62825228050026	0.13385362601597	0.39932902428278	-4.63845148752476
RECQL	-0.327496662813473	5.74537855321979	-1.62813129777298	0.133879457529156	0.39932902428278	-5.63506663878396
MAP3K3	-0.471557324431809	5.0122305914147	-1.62810582142003	0.133884897654117	0.39932902428278	-5.57487714420182
ADAM17	0.31200497107224	6.00970086713855	1.62766634308193	0.133978773183437	0.39946666120664	-5.65189889612049
OLFML3	-0.697347615449273	6.46542249344799	-1.62762851377021	0.133986856516169	0.39946666120664	-5.6747564128563
C11orf98	-1.00265492157371	-3.7719508640834	-1.62762227856638	0.133988188890478	0.39946666120664	-4.65707835526292
EMB	0.404305681199478	5.8812975375749	1.62754359122153	0.134005004269327	0.39946666120664	-5.64451920902416
DGCR2	-0.540543251782513	6.75277243402917	-1.62749808471014	0.134014729806074	0.39946666120664	-5.6868565624401
ZDHHC8	-0.510921538786976	5.14006524405706	-1.62719229027387	0.134080099713283	0.399611605876239	-5.58843710226774
ARIH2	-0.377838740462471	7.06907695669519	-1.62708212076727	0.134103657682947	0.399615055102796	-5.69912453900322
ENSG00000295156	-1.1025983192739	-2.02961476357006	-1.62697097763921	0.13412742757757	0.399615055102796	-4.79064212613244
TBC1D26	-1.64632826209191	-2.77801266004141	-1.62695199715424	0.134131487259752	0.399615055102796	-4.73027182528867
MYBPC1	1.27846490530808	-3.62549800081765	1.6267869561648	0.134166792018167	0.399659174188436	-4.66824264361305
BTF3	0.462591906190848	9.26608811139103	1.62672622023111	0.134179786431975	0.399659174188436	-5.7588392122598
PNPLA8	0.370169223374831	4.85166752619974	1.62650783196966	0.134226519711538	0.399716921008819	-5.56058156205559
ENSG00000286760	0.677645277044456	1.20077588315476	1.62647725108828	0.134233064922643	0.399716921008819	-5.10342309097906
USP19	-0.429204376768327	6.24580138663542	-1.6263348076258	0.134263555769018	0.399716921008819	-5.66626808107117
APCDD1L	0.821008231866358	3.18660637420937	1.62632262031854	0.134266164818691	0.399716921008819	-5.34195809678137
CALM3	0.358868186623573	9.11021253689419	1.62606355654868	0.134321635668389	0.39979550883219	-5.75643062819505
ZDHHC12-DT	-0.664209981120567	0.0911005568223912	-1.62604287605453	0.134326064663566	0.39979550883219	-4.99250181608864
ARL6IP4	-1.78228981752315	-2.48578772227821	-1.62595259697243	0.134345400617578	0.399803201563559	-4.75448138258727
ENSG00000303826	1.38280078673617	0.132879216789372	1.62577017240653	0.134384479827736	0.399869639701853	-4.99694309182033
TMEM37	-0.455429493873504	4.06986574254563	-1.6250879263538	0.134530721036482	0.400254888927662	-5.46658887210356
RTL10	-0.445102270555011	4.57255225348407	-1.62495069456825	0.134560154119253	0.400292558689295	-5.53111350749777
AVIL	1.11981744318779	-3.03194737659584	1.62472742435748	0.134608052717712	0.400385143845169	-4.71383640318951
NDST3	0.7457596740723	-0.0414059647715777	1.62463084094304	0.134628777646257	0.400396889231553	-4.9814980602458
MRPL38	-0.91570275348255	0.60702098539101	-1.62441779612159	0.134674502969248	0.400482975625098	-5.04546773766661
PTGR1	-0.32151948156413	5.35729478943833	-1.62432973431085	0.134693407508336	0.400489293260428	-5.61155756654313
PABIR3	0.518161642501519	2.76496730086757	1.62416503598445	0.134728770212386	0.400544538946066	-5.28832521977043
ENSG00000301773	-1.06408730462497	-1.21841166284523	-1.62402423758976	0.134759007860487	0.400584536132301	-4.86749012377202
SPINDOC	-0.385505935033716	6.54386535312319	-1.62393850335746	0.134777422969183	0.400589384060459	-5.68332829819704
NT5DC1P2	0.833876446844272	-3.64556158366674	1.62340954431664	0.134891089142747	0.400850397147256	-4.67114559459029
CHCHD6	-0.473087431284288	4.6693702930137	-1.62337353295154	0.13489883059818	0.400850397147256	-5.54466966952432
IP6K1	-0.660686011938744	5.65396245393725	-1.62286480904204	0.135008234495016	0.401125548698187	-5.63620305870649
BRD4	0.284553375045588	7.01271885384898	1.62278077030263	0.135026315081926	0.4011293330919	-5.70317554057477
PCDHA4	0.611964354999062	2.13638613893973	1.62254224585388	0.135077644356075	0.40120001737751	-5.21263308962689
KCTD21	0.531299496846313	2.28828083654892	1.62251398014517	0.135083728145375	0.40120001737751	-5.23078662188188
HSPA8P9	1.84741221498983	-2.4570864782867	1.62236282408315	0.135116266459182	0.401246725342952	-4.76144771143716
MCM6	-0.354514143075234	7.91939774121466	-1.62222301788155	0.135146367769689	0.401258000319142	-5.73249705652279
ENSG00000278012	-1.02522641053226	-2.08596255741521	-1.62216572938627	0.135158704128736	0.401258000319142	-4.79217144697391
ALG1	-0.437808783590261	4.89185525961787	-1.62208630171187	0.135175809538405	0.401258000319142	-5.57104513585891
CCDC15	0.381216171806165	3.28284816166453	1.62203289494168	0.135187312212101	0.401258000319142	-5.3612183015515
NUDT18	-0.781273100395451	2.17017787990938	-1.62187546909603	0.135221223427824	0.401308746524729	-5.21754627440969
ITGB2-AS1	-1.1751254681522	-3.53994641578195	-1.62171303009347	0.135256222457485	0.401340290051121	-4.68070856613307
ZC3H12A	0.492565504764205	3.39285221632433	1.62167005389176	0.135265483436176	0.401340290051121	-5.37705349278532
SYCP2	1.13484030600929	-2.15690131741331	1.62129706072139	0.135345883731649	0.40148329927716	-4.78735572974339
ENSG00000279432	-0.987758787384819	-3.6777289855773	-1.621290372257	0.135347325846735	0.40148329927716	-4.671604930723
MYC	-0.764757642571417	5.43867893673283	-1.62108821701718	0.135390919444554	0.401514901711843	-5.62271919436101
HSBP1L1	-0.845315999349237	-2.1398669569664	-1.62103580988355	0.135402222773807	0.401514901711843	-4.78911728755251
ARHGEF17	-0.735802902580139	3.54430160258705	-1.6208783362851	0.135436192202749	0.401514901711843	-5.39942463536282
CPNE4	0.875601270075044	2.06064341196827	1.62086315238747	0.13543946799867	0.401514901711843	-5.20604124332505
AMPD3	-0.590629487293955	2.7120784075416	-1.62085097749622	0.135442094678093	0.401514901711843	-5.28603690551814
ENSG00000255130	-1.59624815007094	-3.01578268905747	-1.62071541142631	0.135471345522213	0.401542892077337	-4.72021489932788
KDM1A	-0.281796426667192	8.78474221474023	-1.62065128009319	0.13548518497921	0.401542892077337	-5.75672522781781
GDNF	1.13122307063654	-2.2869555808513	1.62025987562461	0.135569676783875	0.401712372438514	-4.77796525381742
BCDIN3D	0.521546485203253	2.67638802926854	1.62021171088152	0.135580077258341	0.401712372438514	-5.28231898636689
RBBP9	0.333406332616442	5.0171116147575	1.62015250226945	0.135592863466907	0.401712372438514	-5.58648397674116
ELAC2	-0.426223570006359	6.93234673080928	-1.61996891948002	0.135632515319624	0.401779973083463	-5.70420062539272
TMEM245	0.265719162980283	6.935986657882	1.6196172883047	0.135708492534102	0.401955149083075	-5.7048259527305
ANKS3	-0.939747987747065	3.03124344405986	-1.61915525747508	0.135808381372344	0.402201096688638	-5.33065759861252
METTL4	0.381337259998262	4.07214004680391	1.61887704859455	0.135868560295033	0.402329395603171	-5.4755385530745
ENSG00000270956	-0.782512468580779	-1.69097092129998	-1.61844736278267	0.135961551502688	0.402554813263199	-4.83137771031932
ENSG00000232234	-1.06084696688659	-3.4775728016077	-1.61813302607854	0.136029615035267	0.40270637832383	-4.68969255247214
KCNJ12	-0.581582138608301	2.00882052327715	-1.61776889239672	0.136108498976647	0.402829426967558	-5.20427234693238
NEK11	-0.626667611484948	0.824493406875463	-1.61770758772328	0.136121783683266	0.402829426967558	-5.07646444171436
ITIH5	-0.75309789246109	1.95132838478264	-1.61758086580371	0.136149247940721	0.402829426967558	-5.19789415398798
ZNF56P	0.568706994500684	0.581453582072484	1.61756709146337	0.136152233530024	0.402829426967558	-5.05220141687676
ENSG00000304817	-0.75323766919871	0.491713594567851	-1.61755169897056	0.136155569922793	0.402829426967558	-5.04328500913593
EDC4	-0.502097405700416	5.43870309532873	-1.61736175243514	0.136196747674883	0.40284433679059	-5.62792654676999
DNAJA2-DT	-1.16624927148276	-2.09965307630637	-1.61722793153093	0.136225764815831	0.40284433679059	-4.79747117114158
HS6ST1P1	-0.827528258445967	1.45932209983519	-1.61719446620718	0.136233022148762	0.40284433679059	-5.14366524688728
PPP1R11	0.591402755775786	5.70042329422017	1.61713447019588	0.136246033820146	0.40284433679059	-5.64741218495755
PCHILR	1.358806674508	-3.85554125947225	1.61705516578051	0.136263234707024	0.40284433679059	-4.66478288204281
ZNF778-DT	-0.608332908437441	0.305700675168887	-1.61699826828485	0.13627557678922	0.40284433679059	-5.02568444191029
TBC1D13	-0.406327710236849	5.54855940236284	-1.61698359230276	0.136278760432699	0.40284433679059	-5.6368402346292
CHRFAM7A	-0.80709258768322	0.148778616465159	-1.6168348114205	0.136311039023068	0.402889853667313	-5.01055215707244
ENSG00000303324	-1.17055908045466	0.819472984740879	-1.61662831953194	0.136355849491072	0.402972394725534	-5.07741863964513
BAAT	0.876832343773913	-1.93468108709482	1.61645221467788	0.136394076053144	0.403003331445786	-4.81254974416669
ENSG00000295453	-1.12350825081288	0.750476599719175	-1.61639555686927	0.136406376619981	0.403003331445786	-5.07074956690503
ENSG00000289124	-0.830337727762784	-1.20517233988553	-1.61624629078359	0.136438787415834	0.403003331445786	-4.87905402624053
SOX1-OT	1.44408049388016	-0.522227682154749	1.61620055651268	0.136448719265898	0.403003331445786	-4.94577880822814
ENSG00000230526	1.25983513219619	-4.07324770563921	1.61619123059045	0.136450744601894	0.403003331445786	-4.6513472858662
SF3A3P1	0.929597108317258	0.3310534560656	1.61593554778341	0.13650628233431	0.403117475930832	-5.02960855688949
TMEM53	-0.404986652876975	2.89289841427779	-1.61568143884796	0.136561498085671	0.403214552329894	-5.31688465429833
LINC02761	-0.96459094267217	-2.12439721189933	-1.61562877749748	0.136572943438005	0.403214552329894	-4.79747357819675
PI4K2A	0.371061591450207	5.24655477918308	1.61550281812591	0.136600322745782	0.403245504387579	-5.61446438576522
ENSG00000295161	1.11297195961755	-1.69820228647229	1.61502565959608	0.136704085074403	0.403458019191616	-4.83522843604484
LINC01503	-0.606392398874653	-0.230321194912511	-1.61488066109256	0.13673563013641	0.403458019191616	-4.97621362282202
BOK-AS1	-1.00220556819879	-2.71064419775149	-1.61487808387378	0.136736190880132	0.403458019191616	-4.7511086836085
E2F8	0.50504812032177	4.44693347862381	1.61486089732052	0.136739930332299	0.403458019191616	-5.52986335073854
PSMG4	-0.316144051573975	4.21839566351186	-1.61450090498291	0.136818278373675	0.403617713001521	-5.50118171147116
PPP1CB	0.357280833920937	7.78873849367183	1.61433899115101	0.136853529979282	0.403617713001521	-5.7398129582617
HAUS6P3	0.903120677124538	-1.16799071302477	1.6142973446791	0.136862598482137	0.403617713001521	-4.88516597894151
PEAR1	0.91349059727846	1.02301184918873	1.61409451031017	0.136906773211553	0.403617713001521	-5.10174040350851
CDK19	0.525252415169759	3.82211120463193	1.61407523096676	0.136910972664332	0.403617713001521	-5.44790237570397
KCNA6	-0.471978603814851	2.61775784243167	-1.6140610675502	0.136914057831823	0.403617713001521	-5.28328095992473
RER1	-0.333726621795251	5.98664158050131	-1.61402239412194	0.136922482243717	0.403617713001521	-5.66968909887031
EEF1A1P19	1.62891034700255	1.34669035058752	1.61399090181763	0.136929342698006	0.403617713001521	-5.13591815196975
CARM1	-0.394804033857561	7.96717779115478	-1.61381449226523	0.136967778352738	0.403681151635563	-5.74559851476346
OSBPL5	-0.565413865825707	3.889786147139	-1.6135781127135	0.137019295126462	0.403771033823995	-5.45795379081338
OLFM5P	-1.165416517495	-3.92799422575888	-1.61351932431692	0.137032110192917	0.403771033823995	-4.66435936948524
ENSG00000305363	1.54282842500715	-3.2616060986045	1.61333274428322	0.137072789134059	0.403841039163385	-4.71142571690869
RASA3	-0.350107811070816	4.91066126977911	-1.61306290165946	0.137131640282817	0.403893120229256	-5.58559021013163
TMEM115	-0.572875804365172	4.98909869073783	-1.61303140583005	0.137138510806046	0.403893120229256	-5.59360651862238
NBR2	0.556728876542563	2.89236951152018	1.61301891978377	0.137141234605853	0.403893120229256	-5.32048319818774
NR2F6	-0.495610173114364	6.00283384707341	-1.61289656315584	0.137167928939026	0.403911910238575	-5.67217164418797
FLYWCH1	-0.50823724159283	4.13862508776012	-1.61277007694054	0.137195529063957	0.403911910238575	-5.49296726564612
HDAC5	-0.556311250302463	6.30654693216685	-1.61275698971871	0.137198385063231	0.403911910238575	-5.68824701896542
CASC20	-1.46055014476999	-3.74265886570903	-1.61266706295891	0.13721801103399	0.403919865484491	-4.6780481221013
ENSG00000232633	0.993568431112655	-1.67221299648501	1.61221840412475	0.137315965331317	0.404101152451239	-4.84124335843513
PPP3CC	-0.611188974419523	2.17320106885759	-1.61221049851457	0.137317691894887	0.404101152451239	-5.23116574158048
ENSG00000280145	0.791614080140506	-1.69819382530334	1.61209958401282	0.137341917348642	0.404101152451239	-4.83907057866529
ENSG00000295516	-1.1170610451415	-1.98721693746593	-1.61200574114827	0.137362417052432	0.404101152451239	-4.81384098127148
ENSG00000276248	-0.892943180420899	-0.629652831244379	-1.61196445639111	0.137371436448709	0.404101152451239	-4.94080012624793
CRMA	1.11914539894371	-0.690863054163636	1.61191983510676	0.137381185360094	0.404101152451239	-4.93480944992209
CHKB-CPT1B	-1.25489161844716	-0.500037969307282	-1.61180784006227	0.137405656874718	0.404106821981031	-4.95383213714259
RPL7AP39	-1.19566578465647	-2.78544723300335	-1.61175604334255	0.137416976042152	0.404106821981031	-4.74932440690607
NUP42	0.330269264197295	4.63628882492519	1.61159040916846	0.137453177727611	0.404163483161868	-5.55722304169582
BMPR1B	0.567272804504811	0.167711546767153	1.6114619209687	0.137481266463639	0.404193569695042	-5.01963843387362
XPNPEP3	0.405562887916204	4.70425786146558	1.61131914460569	0.137512484700311	0.404193569695042	-5.56549603231699
ENSG00000240093	1.08245550076116	-0.722404692978914	1.61131122876954	0.137514215692116	0.404193569695042	-4.93251739339451
ENSG00000301924	-1.33450644344382	-3.15932587873891	-1.61089129742993	0.137606071699842	0.404413756096557	-4.72209046286714
PFDN1	0.378781197528647	5.9044223478203	1.61063092782006	0.137663052420359	0.404520405167178	-5.66957622510751
ENSG00000217275	0.757657625427312	-1.40281876646256	1.61050683458582	0.137690217031436	0.404520405167178	-4.868095405608
LINC00910	0.605838444031041	1.90350531614952	1.61049317713284	0.137693207004574	0.404520405167178	-5.20209934216801
C2orf68	0.426054773526007	5.45385110687413	1.61031243848589	0.137732780838875	0.404586865265407	-5.63893696497569
ENSG00000294247	1.07493912533219	-2.88531404158407	1.61015006120909	0.137768342941131	0.404621399881741	-4.74370238157982
LRRFIP2	0.28422469855961	5.18278361545236	1.61010394751819	0.137778443744036	0.404621399881741	-5.61622473241719
ENSG00000296832	-1.50673326700922	-3.92148281509188	-1.60993699177679	0.137815019441121	0.404671373459703	-4.66930998421418
NHLRC4	-1.68118242060288	-1.27034934211785	-1.60987149301387	0.137829370882554	0.404671373459703	-4.88133285032313
SPIN3	0.431367828451319	4.06820615248916	1.60976111234945	0.137853559401539	0.404692607901172	-5.48766120344974
ZNF878	-0.881572649794862	1.09420180389188	-1.60953545884296	0.137903020213275	0.404788019115759	-5.11532596941822
PPIB	-0.368037890322337	8.10580496927849	-1.60936355741475	0.137940709710306	0.404797531852721	-5.75559751815638
ACCS	-0.797558332959712	1.76569089837558	-1.60923789864013	0.137968266255191	0.404797531852721	-5.18822809630851
ODAD2	0.516703775602206	3.54792858939851	1.60919526364882	0.137977617073884	0.404797531852721	-5.41610562534269
ENSG00000305080	-1.07433370185078	-3.464444873639	-1.60917221467271	0.137982672470118	0.404797531852721	-4.70203120798455
NUP98	0.309456442197686	7.39546353011778	1.60900379115259	0.138019618256134	0.404797531852721	-5.73532099004553
REEP2	-0.64043385563284	5.34137432251542	-1.60898460955323	0.13802382653399	0.404797531852721	-5.63164467309306
FLT3LG	-1.17585961098928	-3.57427869154591	-1.6089793298126	0.138024984883624	0.404797531852721	-4.69446739986681
LINC00640	1.23771288943416	-3.36079089540106	1.60881414504761	0.138061229978518	0.404854082307077	-4.70995740825229
RPEL1	-0.725247683263217	1.31866212703706	-1.60861286753992	0.13810540600532	0.4049082157942	-5.14024143597554
ENSG00000233230	0.7442502894243	-0.51298122578034	1.60857544563091	0.138113620680462	0.4049082157942	-4.9568677424693
LMAN2	-0.38859858980374	7.09843015438113	-1.60840742524086	0.138150509037544	0.404966617440318	-5.72627339194925
ZNF512B	-0.835942468641814	5.05282383640193	-1.60820197897245	0.138195626001163	0.405049122653783	-5.60667394574489
ENSG00000259924	0.751958366026502	-1.47917882103171	1.60787773681347	0.138266857677099	0.405208140002371	-4.86450131287434
USP2	-0.509021873609379	3.40864176517354	-1.60753273115363	0.138342686558786	0.4053805893307	-5.39882034167024
RNF123	-0.367790388289448	5.2357030652091	-1.60704896336185	0.138449076092717	0.405494909254796	-5.62527136284365
ASCL2	1.05798669867444	-1.46387072559993	1.60698807993942	0.138462470626264	0.405494909254796	-4.86708128293129
BTN3A1	0.602942190927674	3.02094465425288	1.60696168603548	0.138468277720341	0.405494909254796	-5.34607408208488
EPHA2-AS1	1.26764986178495	-3.28178123291877	1.60690796132043	0.138480098710452	0.405494909254796	-4.71814355639832
TOR2A	-0.577870736126787	4.09308190692619	-1.60690180348302	0.138481453669799	0.405494909254796	-5.49497099496887
ENSG00000300690	1.16969929833185	-2.41580279111465	1.60689187327152	0.138483638720235	0.405494909254796	-4.78484438882679
ENSG00000235400	1.60388992527639	-3.04038321941149	1.60674910349747	0.138515057255917	0.405537153033239	-4.73628558267371
ATP11A	0.427749974944854	6.34340399846002	1.60658145845319	0.138551958016441	0.405595435051933	-5.69860271017167
HID1	-0.515619350663265	3.82658736297964	-1.60638212011262	0.138595846205142	0.405616998096283	-5.45917422472419
ENSG00000295411	0.930621197562606	-1.66620217017396	1.60633606033391	0.138605988907993	0.405616998096283	-4.84949781487784
ENSG00000296100	-1.59932469799782	-3.81665876268815	-1.60631644455527	0.138610308646805	0.405616998096283	-4.68098422089421
SNORA11F	-1.06494303580489	-1.7021759067107	-1.60606561876825	0.138665555406575	0.405621214992148	-4.84662285348669
MEMO1	-0.781120341271495	1.42681922123371	-1.60605878262724	0.138667061404651	0.405621214992148	-5.15531375015901
ENSG00000276529	0.743589003070114	0.621376396333034	1.60593446335348	0.138694451400612	0.405621214992148	-5.07190965424217
SPEF2	0.738898618519904	0.124916851885111	1.60592910167719	0.138695632791836	0.405621214992148	-5.02288362850657
ZNF324	-0.805260838705124	2.17275918378523	-1.60585539359197	0.13871187452805	0.405621214992148	-5.23980782673248
SSBP3P5	0.99874169601586	-1.00909528310463	1.60584701868335	0.138713720063934	0.405621214992148	-4.91163797552057
ENSG00000273102	-0.889224563408855	-1.07983816971815	-1.6055927317974	0.138769766329374	0.405735392990709	-4.9051466509384
GTF2IP4	0.288729643331335	5.77376335443208	1.60544930737658	0.138801386731914	0.405778135366316	-5.66861069077054
TMEM200B	-1.33893282114569	3.27033339150934	-1.60536710749433	0.138819512000503	0.405781419830495	-5.38249598897144
PTGES3P1	-0.347305314132664	6.29901446161799	-1.60525034260346	0.138845262540943	0.405789010456498	-5.69834278859455
MIR25	-1.03965582627157	-1.11030851578986	-1.6052011474458	0.138856112976001	0.405789010456498	-4.90272238787951
SHOC2	0.298564460153791	5.58529629759154	1.60504833993002	0.138889820841343	0.405837824929033	-5.65618698020431
ENSG00000295910	1.63489311764776	-0.349987099648964	1.60489483069143	0.138923690800219	0.40587959702354	-4.97785626586262
ENSG00000291176	-0.588094273850128	2.33010532946771	-1.60480634246861	0.138943217982488	0.40587959702354	-5.26015666974351
DHX40P1	0.985254606676937	-0.768483938392849	1.60475001407084	0.138955649546206	0.40587959702354	-4.93668770494795
PADI4	-1.20794271882986	-2.27785612517269	-1.60467530112654	0.138972140062696	0.40587959702354	-4.79897091413929
RPL11P3	1.51508738835423	-2.35440607291443	1.60455649926047	0.138998365383108	0.405904067649456	-4.79285166906221
MAP2	1.12355306231579	5.1857953828757	1.60434267487894	0.139045577818559	0.405904067649456	-5.62450859496104
ACOX3	-0.410889157376201	3.48407273727944	-1.60427090862137	0.1390614269964	0.405904067649456	-5.41395997572946
PA2G4P5	0.806423039645511	4.78744091096719	1.60419466389726	0.139078266972029	0.405904067649456	-5.5846527894447
ENSG00000234292	-1.29197230898238	-3.41842303776795	-1.60397839019337	0.139126044618287	0.405904067649456	-4.71193519453609
ENSG00000310473	-1.07205882031791	-2.23103131121057	-1.60391109344991	0.139140914301357	0.405904067649456	-4.80383357966082
ST3GAL4	-0.472246596360679	3.78060179191794	-1.60380291962076	0.139164819010905	0.405904067649456	-5.45626892689008
TOMM40P2	-0.852260934067958	1.02092732736635	-1.60372256358169	0.139182578782712	0.405904067649456	-5.11557894539352
ANKZF1	-0.61600865065509	5.66836979425979	-1.6036383039542	0.13920120345672	0.405904067649456	-5.66401343669404
COA8	-0.458086381177604	3.18773935670736	-1.60360954476887	0.139207560867113	0.405904067649456	-5.37348196917461
FOXN2	0.401890733275264	4.79707047487135	1.6036001976191	0.139209627172506	0.405904067649456	-5.58653756025751
ENSG00000261357	1.07533352720081	-3.94383915858586	1.60357293346092	0.139215654413874	0.405904067649456	-4.67580840139939
LINC01664	-0.870722785567001	-1.7721246676975	-1.60356316607472	0.139217813729674	0.405904067649456	-4.84365566188961
SEPTIN7	0.273566227369716	7.75205946962925	1.60355953909353	0.139218615568712	0.405904067649456	-5.7537873308966
HSD17B7	0.748877706177501	5.34618506935659	1.60339621298712	0.139254727315675	0.405938361616779	-5.63981243358178
RXRA	-0.458015255192548	5.62426900813434	-1.60335249637663	0.139264394558101	0.405938361616779	-5.66134949129951
ENSG00000277245	1.06098545994946	-2.73745852926632	1.60321341020774	0.139295155236216	0.405956184224604	-4.76404560327261
NFS1	-0.435839838389363	4.12756118659335	-1.60308139152913	0.139324358415904	0.405956184224604	-5.50489681479381
ENSG00000290937	-0.924674526565072	1.39854598213547	-1.60301233772029	0.139339635617317	0.405956184224604	-5.15640089897877
AMOTL1	-0.372048353011929	6.29499421312329	-1.60299348892439	0.139343805910831	0.405956184224604	-5.70128641716502
WASF2	-0.273713033376736	7.40103150533765	-1.60293426309934	0.139356910335933	0.405956184224604	-5.74395413211727
HIF1AN	-0.319499469723912	6.21786987533153	-1.60285428054054	0.13937460917006	0.405956184224604	-5.69765928170784
TNNI3	-0.626354124731809	2.28531704104272	-1.60270599388673	0.139407427852156	0.405956184224604	-5.25758576426989
TBRG1	-0.351333401557448	5.10165184198232	-1.60266803884524	0.139415829131247	0.405956184224604	-5.61903876259172
TNRC6C	0.557314623548046	5.81365787277484	1.60251781141418	0.139449086098577	0.405956184224604	-5.67524560938114
HMGA1	-0.389776111787519	11.297723627642	-1.60248459336462	0.139456440774553	0.405956184224604	-5.82862627463968
OSBPL6	0.530283885314072	4.67378888686398	1.60241397538746	0.139472077160892	0.405956184224604	-5.57433425397903
CD200	0.555154948855333	6.35933117018872	1.60230131667592	0.139497025512573	0.405956184224604	-5.70529949575842
THAP2	0.556401043231701	2.9531997478131	1.60227801003922	0.139502187277178	0.405956184224604	-5.34338579643434
TCEAL2	0.568214317233311	4.52629691062366	1.60224889210533	0.139508636318356	0.405956184224604	-5.55714956788195
ABLIM1	0.317086163889081	7.05223956019345	1.60193982926258	0.139577103844493	0.406105904846583	-5.73366705039906
ENSG00000276131	-0.843800022726643	-0.897827944201646	-1.60181617134999	0.139604506449329	0.406136123284513	-4.9278450716186
ENSG00000227083	-1.27232416095134	-4.30027169765712	-1.60164606904731	0.139642208919118	0.406196294975331	-4.65605597343494
ZNF214	0.452518058734312	2.46555783103356	1.60150514516272	0.139673450942246	0.406215108964535	-5.28133660693151
ENSG00000296816	-0.827263827522283	-3.09586322997762	-1.60146335536929	0.139682716691329	0.406215108964535	-4.73886956822845
TEX29	-1.21764602237859	-3.84610915974042	-1.60103704447777	0.139777270626669	0.406440560190875	-4.6856166031679
CDH7	0.678721306305422	1.377641910229	1.60071919677095	0.139847804763106	0.406596120877214	-5.15726130087692
ENSG00000273156	0.734048088211083	-0.544389982943293	1.6005713602299	0.139880622162088	0.406612353082844	-4.96441582599825
SNX9	0.386516414044237	5.95265957581768	1.60054055644745	0.139887460978055	0.406612353082844	-5.68649335650505
ENSG00000274373	-1.52037886348913	-2.92839726970383	-1.60041969240917	0.139914297130179	0.406640834097173	-4.75288398073081
TLR2	-0.66341900038227	0.259256037589934	-1.59994392866651	0.140019978032549	0.406887426234811	-5.04406673591198
ZNF296	-0.642511457974854	2.4899920962952	-1.59988425097284	0.140033239162557	0.406887426234811	-5.28660581311693
CBY2	-0.927064960007857	-1.79082376226935	-1.59967204550169	0.140080402878146	0.406974920936423	-4.84707424392122
SNX30-DT	-0.964449409623944	-2.68052460302776	-1.59940284827021	0.140140253525974	0.407050834236417	-4.77339999797949
ENSG00000290085	-0.708721041278999	0.832529555287033	-1.59940110088313	0.140140642096646	0.407050834236417	-5.10204109007096
LDHB	1.31772712154247	6.53199058131739	1.59923997945362	0.140176475154939	0.40705644293767	-5.717281458647
MVD	-0.868058239975205	5.95431891910395	-1.5992390428589	0.140176683475288	0.40705644293767	-5.68839781685918
ANOS1	0.51612773753508	8.08684020931288	1.59908978710702	0.140209884911422	0.407103323987946	-5.76940184265698
ACAT2	0.581716706381253	8.17448754111936	1.59892885618357	0.140245691247621	0.407157756113242	-5.77196258041388
CELF3	0.979728082339918	0.103889420382881	1.59856726178213	0.140326173738499	0.407341861909117	-5.03068923904828
HHIPL1	-0.863892902414863	2.3122310888447	-1.5984841497407	0.140344678319005	0.407346033982694	-5.26661775978032
KDM5B	0.365053611513597	8.7573335234495	1.59820615546901	0.140406588380072	0.407473618773691	-5.78742567969583
ENSG00000261542	0.670696769139348	-0.993025281386201	1.59813346371377	0.140422781012009	0.407473618773691	-4.92338930432576
PPP4R3B	0.28134398757653	6.39545206336333	1.59801766505574	0.140448579441766	0.407483543791524	-5.71292224844908
ENSG00000294005	-2.55534125150035	1.52740661955635	-1.59790398468078	0.140473910025228	0.407483543791524	-5.17728723817885
LIPA	-0.606280906014005	5.13468087522228	-1.59788823094641	0.140477420635885	0.407483543791524	-5.62874086420341
SPSB2	-0.881954221440964	2.64301203483442	-1.59780471293186	0.140496033344056	0.407488009214071	-5.30879879368427
ENSG00000301366	-2.3307486886737	0.326565039856687	-1.5975093909676	0.140561865885776	0.407629411068749	-5.05395004790648
CPNE1	-0.315318935158272	6.44487381417469	-1.5974074858106	0.140584588698876	0.407645775540769	-5.71601555499799
METTL14-DT	1.31758703428515	-3.26516594930298	1.59692381116473	0.140692482802264	0.407909072769877	-4.73206465189464
BEND3	0.41046157567317	6.19790644866378	1.59676352461319	0.14072825434615	0.407943705743255	-5.70510579162255
ENSG00000295415	-1.09855226953838	-3.83517541484475	-1.59671491106404	0.140739105141551	0.407943705743255	-4.69179481499342
NSMCE2	0.356824860475519	4.0134035903267	1.59658935632034	0.140767133033545	0.407943705743255	-5.49848373063395
TENT5A	0.509223147350658	2.42662117396564	1.59656398377885	0.140772797607636	0.407943705743255	-5.28324921819613
ZNF433-AS1	-0.509837141960857	2.72541424602055	-1.59637190189125	0.140815687598421	0.407990616496959	-5.32138483051849
USP30	0.377823132589066	3.83223124239595	1.59633837860165	0.140823174202956	0.407990616496959	-5.4738182080771
POLG-DT	-0.939047472860823	-2.20397348766382	-1.59580936545623	0.140941362939677	0.408137240437833	-4.81657771341001
ENSG00000230552	1.21203312905198	-2.0601944743265	1.59577414416344	0.140949234970144	0.408137240437833	-4.82873795884863
CLDN9	-1.03863010005666	-2.03349597387018	-1.59573303171256	0.140958424178306	0.408137240437833	-4.83106890406556
ENSG00000298401	-1.01228334349193	-3.52766942440035	-1.59573222550429	0.140958604382435	0.408137240437833	-4.71453803163645
MST1	-0.785583127493506	0.916972861222022	-1.59572917718099	0.140959285747227	0.408137240437833	-5.11563702341031
DENND6A	0.311799660166534	4.48490368019862	1.59540864287307	0.141030948210429	0.408268381472485	-5.56151449342444
ENSG00000307123	-1.19091191227933	-0.038750131144977	-1.59537357578634	0.141038790180611	0.408268381472485	-5.02099990365242
ENSG00000262362	-1.15880416191977	-3.0443594811077	-1.5952704911427	0.141061844990339	0.408285599610045	-4.75064645941422
TFCP2	0.275990123382011	6.50375254388637	1.59518245942465	0.141081535862012	0.40829307826102	-5.7217088249742
COMMD5	-0.559276561339686	4.00323221689024	-1.59490681989847	0.141143206436496	0.408422030555269	-5.49941523712242
CTDSP1	-0.579116882856439	4.84292184310737	-1.59472128450208	0.141184730867104	0.408492662335455	-5.60382452671682
CHMP6	-0.537882047013597	4.05085046134283	-1.5945037329731	0.141233434545776	0.408547793427016	-5.50640735506339
ENSG00000278002	1.18667790903896	-3.77434343758892	1.59447301726953	0.141240312126074	0.408547793427016	-4.69879593818863
ENSG00000284738	0.699571056827901	-0.533184039356894	1.5944068061092	0.141255138532691	0.408547793427016	-4.97370935013244
ECEL1P2	-1.87438550534072	-0.456206736835608	-1.59408775025056	0.141326602760949	0.408694300258453	-4.98175359788178
PREP	-0.336174935881571	6.87676273994192	-1.59397621245369	0.141351593270153	0.408694300258453	-5.73836419123435
ENSG00000296852	-1.28730452123229	-3.69137973533124	-1.59395134862592	0.14135716464715	0.408694300258453	-4.70521805416433
YIPF6	0.321721945925678	6.0271767149284	1.593667742178	0.141420727669872	0.408828549817931	-5.70027356516928
ALOX5	-0.601575207749009	0.994579101539274	-1.59356520402289	0.141443715154509	0.408845482571475	-5.12655982035251
PTPMT1	-0.464294123265994	2.47467017748675	-1.59347920015983	0.141462998451341	0.40885170550232	-5.29343334426538
ZNF653	0.491809493200082	2.1850419646582	1.59320630742152	0.141524200296808	0.408979063867772	-5.25851408975535
SDCCAG8	0.386070542285583	3.77155345040845	1.59279053845986	0.14161749009206	0.409178717942229	-5.47016500169252
MFF	0.434449970041077	6.3563796485189	1.59274559655768	0.141627577362917	0.409178717942229	-5.71842254396014
SPATA13	-0.503456297732971	4.62525749897612	-1.59253375305116	0.141675134478506	0.409248160018309	-5.5823229332411
MEX3C	-0.310156002129138	6.52772314701588	-1.59246476521814	0.14169062472323	0.409248160018309	-5.72649736598204
FYCO1	-0.407275169377664	3.91766311092893	-1.59240941377393	0.141703054191616	0.409248160018309	-5.49103653398611
GMIP	-0.480723085682951	4.15958882340888	-1.59229736292081	0.141728218771491	0.409264703597059	-5.52409604529282
RHPN1-AS1	-0.625955947950723	0.663295429266041	-1.5921762739266	0.141755417593863	0.409264703597059	-5.09463060928006
BAG6	-0.477171338527231	8.28330741806953	-1.59215487080296	0.141760225610126	0.409264703597059	-5.78421081401787
ENSG00000259469	-1.34534055319847	-4.32953438681187	-1.59205117131353	0.141783522794414	0.409282455071876	-4.66671628486803
THUMPD3	-0.347788556330379	5.29224676204705	-1.59138203406827	0.14193393291701	0.409637418128879	-5.65189833440746
BRCA2	0.424247980386122	4.98405370216887	1.59130587148165	0.141951061844093	0.409637418128879	-5.62322674308575
RPL7AP62	-0.465884612641246	3.91611796888436	-1.59124963906506	0.141963709658311	0.409637418128879	-5.49241785376391
CYP2J2	-0.728718995504883	-0.202735944875321	-1.59119881286044	0.141975142362345	0.409637418128879	-5.01052969461214
EIF4BP3	0.458560946294983	5.22242166587607	1.59105755575295	0.142006920613213	0.409664456320583	-5.6462534431293
PHRF1	-0.709369593067161	5.77520884231585	-1.59100456956555	0.142018842401496	0.409664456320583	-5.68873998912474
NID2	-0.74754267806226	4.03514763395052	-1.59084908309524	0.142053831658226	0.409700788379083	-5.50932587605311
RNF4	-0.343017310066925	6.85546794704314	-1.59064181013334	0.142100486319707	0.409700788379083	-5.74219425619064
PELI2	-0.407137428416808	4.45901269139736	-1.5905849239295	0.142113293090565	0.409700788379083	-5.56496562070952
FBP1	0.44203466235319	2.22600346023951	1.59054358725959	0.142122599840163	0.409700788379083	-5.26701881990717
GIT1	-0.385697423720536	6.44530618173355	-1.5904937678087	0.142133817162154	0.409700788379083	-5.72561726538074
FXR1	-0.268347529698954	8.14404254633682	-1.59042570921672	0.142149142464085	0.409700788379083	-5.78295767301078
ENSG00000309219	-1.48285757802293	-2.72445902065076	-1.59037555071483	0.142160437992902	0.409700788379083	-4.78152836764459
NDUFC2	1.12649608980557	4.58654495790861	1.59033857356469	0.142168765632696	0.409700788379083	-5.58078517636391
GALNS	-0.448535378146921	4.06948947701474	-1.59005784659201	0.142232002332805	0.409763705924488	-5.51503504572917
ENSG00000267383	-1.73354245588352	2.92124147133525	-1.5900406732308	0.142235871619362	0.409763705924488	-5.35585406719004
ESRRG	0.980702714159024	1.81896446819181	1.59001301105055	0.142242104310738	0.409763705924488	-5.22036666990641
ENSG00000309702	0.923811039901323	-2.34421018639399	1.58969075295332	0.142314731526258	0.409923448870045	-4.81288108024036
ENSG00000297673	-1.10809712291374	-4.0933112884883	-1.5894982930843	0.142358121775458	0.409998949247599	-4.68343732441591
CBX6	-0.863845421772882	5.00275765031543	-1.589309856022	0.142400616401811	0.410071852275823	-5.62785582178011
SPACA6	-0.73822541506297	0.910901201041989	-1.58915695053953	0.142435106501778	0.41012168981517	-5.12385626964475
TSHZ3-AS1	-1.00856063125181	-0.332823419796039	-1.58896529338979	0.142478348036438	0.410156422672967	-5.00073070133858
ATP6V1B2	0.283072563530544	6.65112263163587	1.58884120510927	0.142506350920139	0.410156422672967	-5.73668302916321
ENSG00000223665	0.792617691644729	-0.550908263984414	1.58877889524476	0.142520414161098	0.410156422672967	-4.97940480233868
LINC00471	-0.733887130372983	1.33023918598875	-1.5887422296838	0.142528690094921	0.410156422672967	-5.16837480703905
CTNND2	0.495137991542903	4.74487949310399	1.5887227166494	0.142533094634834	0.410156422672967	-5.60136469474978
FNDC3B	0.292672864132928	5.69409120850327	1.58843147196216	0.142598849538213	0.410271115528623	-5.68685544506727
MYMX	0.597365524703632	2.4208728430994	1.58827043325659	0.142635219074929	0.410271115528623	-5.29383616517606
ENSG00000304900	0.695776098196191	-1.59379598967696	1.58822111089226	0.142646359846533	0.410271115528623	-4.87973340065222
NR1D2	-0.440982327870892	4.53565832845823	-1.58817479103882	0.142656823120729	0.410271115528623	-5.57771545595631
ENSG00000294915	0.932940678973229	-3.12456779707749	1.58809219678961	0.142675482164736	0.410271115528623	-4.75373479519297
ENSG00000289405	0.454554714394728	2.02535386682553	1.58807372568604	0.142679655306266	0.410271115528623	-5.24667709065206
SNHG26	-0.584115482091713	2.34988977385505	-1.58801342055732	0.142693280680567	0.410271115528623	-5.28546706221891
DUSP10	0.703389011915606	1.74815023134037	1.58793275765516	0.142711507497999	0.410274096537551	-5.21519996248065
GATD1	-0.822148275795422	4.71752568751179	-1.58784426700963	0.142731505459515	0.410282167987746	-5.59949937644733
ULBP3	0.41795972835195	2.89306728044655	1.58772343178847	0.142758816954146	0.410306643748139	-5.35525555870485
FNTA	0.311241964886459	5.68485434141586	1.58757697435837	0.142791925834531	0.410306643748139	-5.68740902880247
CHMP5P1	1.76550094452316	-3.00656801787824	1.58754517575769	0.142799115277057	0.410306643748139	-4.7633488611693
SYT12	-0.941820157767189	2.96974609657458	-1.58750240587158	0.142808785755051	0.410306643748139	-5.3658343567406
USP34-DT	0.737450658139617	0.076608928807835	1.58740488346628	0.142830838205013	0.410320608502533	-5.04292155860722
ITGB8	-0.738908850555546	1.86526039439055	-1.58706124792309	0.142908567450648	0.410409327856199	-5.22961088860384
SRSF7	-0.329968061877915	8.22544653352034	-1.58705799675569	0.142909303032501	0.410409327856199	-5.78977460625245
LINC00663	-0.791111075218971	0.546520021226767	-1.58699705762881	0.142923091226601	0.410409327856199	-5.08985742966919
ENSG00000287170	-1.30153663944384	-3.61339418175619	-1.5869642989169	0.142930503755844	0.410409327856199	-4.71949097882042
UBE2E1	0.425361769723433	7.39914708878361	1.58684321776771	0.142957904530095	0.410438627140596	-5.76622179387813
ENSG00000253730	-1.45337377079224	-2.52016522623781	-1.5864409142013	0.143048979502161	0.410650708898014	-4.80278205446067
ATL1	0.366467315095597	3.28282698927523	1.58606052500083	0.143135140531513	0.41084863488462	-5.41072813856296
HSPA13	0.288946177571469	6.39061005076105	1.58591411373414	0.14316831599904	0.410894444197822	-5.72946390133699
CTTNBP2NL	0.272203112515397	5.6236594054875	1.58553731113055	0.143253727273951	0.411075719959826	-5.68597522525004
PTCD3	-0.263496567339011	7.06592604749875	-1.58542595903164	0.143278976485116	0.411075719959826	-5.75704450831419
GUCY1A1	1.51377505228382	-3.5478315848213	1.58538816501166	0.143287547213685	0.411075719959826	-4.72613678175028
C7orf57	-1.81365194361953	-2.33453744108734	-1.5853316136275	0.143300372483586	0.411075719959826	-4.81928467997231
PPIHP1	0.67754267611814	0.531703799406453	1.58519845467794	0.14333057556022	0.411112948791703	-5.09078290414338
WDR74	-0.448613156220041	5.5561982960442	-1.58505380436573	0.143363391471628	0.4111576621309	-5.68173042820212
LINC00877	-0.989370883982905	0.358224632666032	-1.58431885160699	0.143530228068908	0.411544509271072	-5.07471749335786
DNM2	-0.431397214397342	7.25172745168088	-1.58430768298191	0.143532764703247	0.411544509271072	-5.76492874180034
IPO7	0.3524932633522	8.73939426650032	1.5842062931567	0.143555794317373	0.411561098254985	-5.80642084939014
EBAG9	0.418186663368568	4.40831264033136	1.58407121186982	0.143586481652809	0.411597605207321	-5.56764736021786
RIGI	-0.971097412763917	-1.8690759535234	-1.58384535086916	0.143637804965542	0.411597605207321	-4.86074183732428
GPR137B	0.556848440683997	2.7692408952495	1.5837882227612	0.143650788982432	0.411597605207321	-5.3442636173182
CHRM2	1.13245002218842	-1.78257679150989	1.58377564150388	0.143653648576651	0.411597605207321	-4.86848707820549
CBLL1	0.399105088996358	5.87675501948819	1.58375847681143	0.143657550020941	0.411597605207321	-5.7051471216118
HAX1	0.391845418326279	6.59206602793083	1.58369490203903	0.143672001046725	0.411597605207321	-5.74134805222348
ENSG00000250258	1.63776655072458	-2.21902586732395	1.58358564938023	0.143696837997258	0.411619350993824	-4.83110237266394
CD55	0.600162693068245	4.7661778426858	1.58331445755422	0.143758505759055	0.411746580697392	-5.61115635579894
SNX2	0.306987167643142	6.73415577268674	1.5831232588993	0.143801997479224	0.411775485881754	-5.74790913174067
KATNB1	-0.481181643874681	5.69769143324008	-1.58311839660587	0.143803103650414	0.411775485881754	-5.69443376414145
OLMALINC	0.749148792102437	5.56518297564121	1.58295022547627	0.143841367183339	0.411807361529628	-5.68530757060339
ZNF232-AS1	0.760057927735358	2.54548080863227	1.58291780834121	0.143848744001027	0.411807361529628	-5.31669570693062
PMM2	-0.592008239879638	5.46739768158832	-1.58260256777766	0.143920497301428	0.411865877632218	-5.67836165865855
CRPPA	0.892436169332875	0.0818121132635492	1.58256604654834	0.143928812100765	0.411865877632218	-5.04987068658436
ENSG00000308311	-1.36090588860171	-3.78566143494339	-1.58256082671186	0.14393000053713	0.411865877632218	-4.71294291709867
ENSG00000213981	-1.73270713114499	-2.81141395746558	-1.58251425332892	0.143940604605379	0.411865877632218	-4.78477383295765
NCOA5	0.551959312182916	5.47678243166109	1.58244035521731	0.14395743152331	0.411865877632218	-5.67930556491109
DBNL	-0.497501961772147	5.61820397348479	-1.58237319999879	0.143972724560506	0.411865877632218	-5.68995197908749
ENSG00000303463	-1.42476288284779	-2.62695956746322	-1.58208499344175	0.144038373167454	0.411973436854055	-4.79982846641126
HPD	-1.42149157565437	-2.16093130848499	-1.58202547188358	0.144051934466863	0.411973436854055	-4.8379750492219
ZNF860	-0.91051040855745	1.67043356319987	-1.58198082781461	0.14406210684141	0.411973436854055	-5.21457200644208
TERC	-1.228394071817	-3.15251654896593	-1.58164286626813	0.144139133627585	0.412144327577523	-4.75981334581119
TUBB2B	0.347143088303634	9.01258282869822	1.58121967990167	0.144235635720163	0.412229539314725	-5.81676677795775
LHX1	1.2298199044328	-0.0122483508535564	1.58108975555157	0.144265274692594	0.412229539314725	-5.04261035739634
ARHGAP15	-1.99862246621405	-3.59892669627915	-1.58107101383358	0.14426955058742	0.412229539314725	-4.72791851112449
MAN1B1	-0.36084348089378	5.61260972859007	-1.5810187881422	0.144281466390209	0.412229539314725	-5.69141619330844
RPL28	0.41800176943878	9.19402901742992	1.58099862897718	0.144286066133252	0.412229539314725	-5.82102852707163
ENSG00000268288	1.29916644711395	-2.30122623060893	1.58099662046365	0.144286524425493	0.412229539314725	-4.82760054817051
TSKU-AS1	-0.614162971582047	-0.476467695563797	-1.58096135119518	0.144294572194203	0.412229539314725	-4.99712026343458
ENSG00000307696	-1.18621752128806	-3.65766540272821	-1.5808516744795	0.144319600840914	0.412229539314725	-4.72403340028256
ZNRF2	-0.43938266063067	3.52415347415397	-1.5808251662201	0.144325650701754	0.412229539314725	-5.45175000825923
ENSG00000251017	0.720893379392636	0.351872860317682	1.58068593630676	0.144357430191301	0.412229539314725	-5.07893371212277
RGS6	0.943760714821353	1.57731428177229	1.58066986088867	0.14436109983307	0.412229539314725	-5.20604555504858
ARHGEF4-AS1	-0.813531654201912	-1.2881620643681	-1.58060372461821	0.144376198061415	0.412229539314725	-4.9180635967883
UFM1	0.429327298950134	5.77074733140636	1.58045754381457	0.144409574571582	0.412271065026302	-5.70300845440096
ENSG00000289854	1.26064601311293	-3.24111670985795	1.5803887284576	0.144425289088906	0.412271065026302	-4.75478731780852
CALML6	-1.17886134330854	-1.81327678200138	-1.58019609625963	0.144469286155405	0.41230566629245	-4.87039340214347
ENSG00000305602	-0.555583679321708	-0.386003770514023	-1.58015777881654	0.144478039243203	0.41230566629245	-5.00714577217616
ENSG00000300518	-0.971553767366526	-3.21146262859913	-1.58003734638589	0.144505553404423	0.41230566629245	-4.75743802956163
ENSG00000287743	-0.965054435750851	-3.91706048086322	-1.58003315516003	0.144506511020922	0.41230566629245	-4.70706791472282
TMEM19	0.395888963754893	3.36727947900616	1.57987457032769	0.144542748792356	0.412359763976472	-5.43096329169793
ADAMTSL5	-0.985221857155406	-1.53626610110392	-1.57961118717086	0.144602951437327	0.412482208910563	-4.89620569455432
RABGGTB	-0.418222085006756	5.71811478825096	-1.57934155153296	0.144664606139907	0.412608766101956	-5.70102567417754
ZNF16	-0.39680435422114	3.82936274073159	-1.57910566024474	0.144718563888484	0.41267322338165	-5.49707082591871
CXCL14	1.03353755107049	0.396522145835025	1.57909157391743	0.144721786554842	0.41267322338165	-5.08547784525424
ENSG00000260495	-0.8886413026352	-2.49259298526583	-1.57897108386659	0.144749354823012	0.412702526766315	-4.81457169611084
PDE7A	0.261885305936652	6.71228799953735	1.57879115701957	0.144790530920002	0.412754448780544	-5.75301711020583
EIF2B5-DT	-0.628959010172069	0.0462421114336917	-1.57873328530644	0.144803777003995	0.412754448780544	-5.05147499380382
ENSG00000285668	0.813519258386463	0.5727093374614	1.57866482733052	0.144819447525381	0.412754448780544	-5.1036150415619
ZDHHC6	0.412249774560137	4.90489123522476	1.57837950945569	0.144884774932151	0.412891334126047	-5.63295325810949
MRPS18B	-0.408297086935058	6.02763892483835	-1.57827577194263	0.144908533484745	0.412909738381137	-5.7215581679233
LINC01592	0.819903533896706	-1.56257216633796	1.57753643258426	0.145077960645642	0.413333706111815	-4.89648564604124
DLGAP1-AS2	0.659386664071418	4.45353750733108	1.57747538037957	0.145091959182335	0.413333706111815	-5.58231072521658
ARB2A	0.514851377099374	4.13816898033571	1.57734303646236	0.145122308138957	0.413370823290665	-5.54174186863158
ARHGEF35	-0.922690035665939	2.39169277796502	-1.57703008344298	0.145194096426884	0.413431114776896	-5.30549300651487
DHX16	-0.351643589579683	5.75445042328948	-1.57701748375635	0.145196987324018	0.413431114776896	-5.70667051139365
SORD	-0.39389812496133	6.31328301811835	-1.57700651292833	0.145199504533908	0.413431114776896	-5.73813265053275
WNT4	-1.3244536031578	0.219290897937439	-1.57694872717044	0.145212763865367	0.413431114776896	-5.07083632212167
ENSG00000272936	0.844047426213626	-1.11646056620939	1.57622500648469	0.14537891683641	0.413783147043232	-4.94019512788147
ZNF843	0.803652709641956	-0.0492604466324188	1.57612813304455	0.145401169905373	0.413783147043232	-5.04555685487017
ENSG00000272764	-0.580094340263741	-0.298624103225528	-1.57608719539569	0.145410574709313	0.413783147043232	-5.02114092039546
ENSG00000300995	-2.16026205903762	-1.59914151351488	-1.57607306028246	0.145413822161676	0.413783147043232	-4.89504140536534
MEIS1	1.50108522147697	-2.61775064834382	1.5760326948429	0.145423096216476	0.413783147043232	-4.80828970897261
MPP1	-0.965265773873569	2.94057488871802	-1.57554271181143	0.145535712534083	0.413846244093724	-5.37819939225511
SOX4	0.365644071584994	8.14695216245938	1.57553241494743	0.145538079960303	0.413846244093724	-5.80361696239351
PCP4	0.643760894988601	-0.0813237769772223	1.57549987684934	0.145545561251965	0.413846244093724	-5.04324479027591
NCOA1	0.413965511640189	5.3090759870565	1.57545343972168	0.145556238851743	0.413846244093724	-5.67527792481361
ENSG00000289154	0.557859856382347	0.16545873227081	1.57536210650769	0.145577241722765	0.413846244093724	-5.06765521973456
ENSG00000242593	1.17463171569405	-2.62541821473193	1.57529653790346	0.145592321442811	0.413846244093724	-4.80861773677832
FPR2	1.07717052344182	-1.22279390918904	1.57529620408727	0.145592398218663	0.413846244093724	-4.93119426821527
PPP1R14B-AS1	0.791338357603778	-0.72268149192638	1.57528710538157	0.145594490883724	0.413846244093724	-4.9801191026476
VEGFC	0.629930089554209	0.607903254802169	1.57525737609755	0.145601328682072	0.413846244093724	-5.11169319473326
TMEM219	-0.401635585552561	5.14806505429708	-1.57508027223121	0.14564206880949	0.41391274782997	-5.66144399397841
C5orf34	0.345449397131021	4.02623604270117	1.57493326766152	0.145675892664947	0.413959582121002	-5.52995119784827
PSMB2	0.645762935299813	7.94039030142394	1.57456934380223	0.145759656620755	0.414148300543758	-5.79931138234727
ADRB3	-0.929425237106105	-2.1517028929597	-1.57418233272222	0.14584878108028	0.414284997981418	-4.84884268575902
CCNI	0.400052221263183	8.54653252462657	1.57415708406338	0.145854597240369	0.414284997981418	-5.81568884195808
TOR1B	-0.349636021479078	4.15791151133938	-1.57408168073953	0.145871968004793	0.414284997981418	-5.54887135727477
SCAF11	0.321420665733396	6.7553620077632	1.57404256864335	0.145880979028278	0.414284997981418	-5.7612538688684
LINC02585	0.758232971123637	-1.16028531111527	1.57398363492378	0.145894557675192	0.414284997981418	-4.93889079994238
ENSG00000307882	-1.01360560269801	-2.15956785083749	-1.57388477361842	0.145917338353097	0.41430039429852	-4.84856262905799
GADD45B	-0.853368484907532	1.38491400934219	-1.57379028218864	0.145939115005587	0.414312936581224	-5.1943595628334
ENSG00000269981	-0.575197567241624	1.63096493811986	-1.57362261400584	0.145977763139856	0.414373367371424	-5.22145353855817
PIMREG	-0.525912110699688	6.42696538081091	-1.5734934175243	0.14600754955332	0.414398863923935	-5.74824100496095
PTPN21	-0.507533008418595	3.6813696081122	-1.57343304268448	0.146021470884497	0.414398863923935	-5.48401647969323
NDUFB5	0.429878607475295	5.04928989249194	1.57220320036087	0.146305304487925	0.415154999668685	-5.65603373766733
GBGT1	-0.744722150141082	2.85853058804635	-1.57182493782563	0.146392700794746	0.415212492326359	-5.37228708040112
ENSG00000294213	-1.37361761159587	-3.95248014283664	-1.57174807769917	0.146410464689651	0.415212492326359	-4.71496213813687
ENSG00000258365	1.21701512049936	-2.43678684082289	1.57172973656029	0.146414703969915	0.415212492326359	-4.82835975424947
ADAT3	-1.11455277184368	1.26756304356516	-1.57165580286766	0.146431793734225	0.415212492326359	-5.18465040529583
ZNF559	-0.378561868032671	3.76386531670872	-1.57159915648288	0.146444888727448	0.415212492326359	-5.49809806825741
SLC2A3	-0.436976567560302	9.90917589121303	-1.57155606696648	0.14645485045812	0.415212492326359	-5.84841730493424
ENSG00000272263	-0.709140624812457	-1.50306697120184	-1.5714993557083	0.146467962265888	0.415212492326359	-4.9098014513211
ANKFY1	0.3704410144488	6.34554824824317	1.57144002992109	0.146481679666244	0.415212492326359	-5.74731180382986
DPY19L2P2	1.06487322496346	1.38210146380303	1.57143804818699	0.14648213790539	0.415212492326359	-5.19721090620918
KDSR-DT	1.04472155625957	-1.48162834730639	1.57122028960586	0.14653249821426	0.415305917928957	-4.91214970547552
PHF24	-1.18562639652668	0.354681694583381	-1.57068854991375	0.146655535946645	0.415538931582618	-5.09250908804177
CEP128	0.44365741921693	3.65358976332335	1.57065805054121	0.146662595866059	0.415538931582618	-5.48389391580115
ARID3B	-0.313086992353518	7.67004972286458	-1.57063926562098	0.146666944301838	0.415538931582618	-5.79692716814628
LRRC20	-0.554633713816603	5.25630314223422	-1.57049116919528	0.146701230443959	0.415586737923559	-5.67756467588655
MIER1	0.318553648048262	5.90707452764157	1.57010577310137	0.146790487440224	0.415730491523907	-5.72579198885805
ENSG00000289810	-0.378090898522062	2.59140296530726	-1.57010378219163	0.146790948655154	0.415730491523907	-5.33987945728706
EHD3	-0.385659353470684	4.63145535146286	-1.56997790820422	0.146820111261778	0.415730491523907	-5.61404880108324
SLC23A2	0.373853281028489	5.2729285687741	1.56997126854501	0.146821649685969	0.415730491523907	-5.67973123123095
DGKZ	-0.409559685675843	5.68627968775269	-1.56961696747729	0.146903762629219	0.415913653934943	-5.71222869788079
ENSG00000286718	-0.918238546185608	-3.34728400874762	-1.56948686992411	0.146933924227051	0.41594970579137	-4.76066693218936
RTN3P1	0.426286402477706	5.1683037011878	1.56933364978218	0.146969453514625	0.415984653543527	-5.67119641467189
SCTR-AS1	-1.07018004893483	-3.16320556183087	-1.56928331040365	0.146981128056838	0.415984653543527	-4.77461969431936
MCM3AP	-0.551830902948724	6.44337342372422	-1.56916359676681	0.147008894925317	0.415998011758245	-5.75493624649195
ENSG00000260498	-1.49103979105211	-2.97344786755235	-1.56904478104578	0.147036458091019	0.415998011758245	-4.78934163044166
PCYT1A	0.461168744700469	5.45892432215151	1.56896595068168	0.14705474786347	0.415998011758245	-5.69645492155695
ING2	0.381277931282043	4.2082121200303	1.5689624189652	0.147055567319073	0.415998011758245	-5.5625640928698
PCDHGA2	0.684894171217304	-0.996797570501522	1.56869239382956	0.147118232493535	0.416125960526571	-4.96166096006199
SPMIP6	0.695140166578935	-0.0906701488757951	1.56837875233799	0.147191049277936	0.416282589538631	-5.05174350364278
MKS1	-0.405351712450788	4.31239180031641	-1.56807233038993	0.147262220550108	0.416382510941958	-5.57737162736521
NDST2	1.04227193501314	-3.25044493824386	1.56797008977536	0.147285974260573	0.416382510941958	-4.76974321159317
ENSG00000289519	0.735948236630614	0.634730295677385	1.56795478357207	0.147289530663056	0.416382510941958	-5.12411607430466
ENSG00000289981	0.851216812646523	-0.631469678546958	1.56788941557131	0.147304719794468	0.416382510941958	-4.99889172905309
RPL4	-0.226034136649799	10.8884990112107	-1.5678511597493	0.14731360968676	0.416382510941958	-5.87037575795338
RIT1	0.54238092320798	4.71285012333808	1.56727479475318	0.147447602576073	0.41669743961631	-5.62720102107569
RPL17P7	-0.399848105048597	7.89628183751774	-1.56722171529762	0.147459947835897	0.41669743961631	-5.80818555161197
ENSG00000293636	-0.811312208806031	-0.947072771090805	-1.56688179696167	0.147539027852917	0.416871549398078	-4.96891703337577
CNDP1	1.43403936480386	-3.50162204105272	1.5666953994585	0.147582407976047	0.416921258526554	-4.75290192769527
PIM2	-0.593480704359234	7.85859924435518	-1.56650077125303	0.147627715593548	0.416921258526554	-5.80810585932976
IL6ST	0.479043413721327	3.75257383155895	1.56639536892599	0.147652257370389	0.416921258526554	-5.50359661278626
ENSG00000297250	-0.967585257055932	-3.30146585708312	-1.56638241634631	0.147655273484149	0.416921258526554	-4.76794729794246
NKD2	-0.663362726578527	2.9824639555757	-1.5663041114826	0.147673508563815	0.416921258526554	-5.3963683096552
FITM2	0.474318628106156	2.39857819830346	1.56625487591439	0.147684975206728	0.416921258526554	-5.32090173820164
LINC00235	-0.996613850404735	-0.619413106440768	-1.56624736575621	0.147686724342435	0.416921258526554	-5.00224768688694
PTPN12	0.341226283271324	7.64846048392887	1.56620595613284	0.147696369080405	0.416921258526554	-5.80236825054489
ENSG00000260850	1.01322210880863	-2.12389506672476	1.56604029018751	0.147734959966494	0.416980876244125	-4.86164630853853
TEX2	-0.363076704038912	4.69584237888143	-1.56596280982497	0.147753011594023	0.416982514806025	-5.62705417728395
SLC2A8	-0.499310791690912	4.40637849437472	-1.56582176361163	0.147785877979737	0.417003565123358	-5.59240434629644
NFATC2IP	-0.327110121952075	5.86449375111771	-1.5657808428515	0.147795414479343	0.417003565123358	-5.72911495529374
ABCC3	-1.22043046142453	-1.12786659397712	-1.56523517373198	0.14792263327625	0.417289100869271	-4.95342094999467
MIX23P1	-0.94069951979963	0.227648917137208	-1.56519680357201	0.147931582622655	0.417289100869271	-5.08724184729207
CMPK2	0.525151163777807	0.41073935621717	1.56496454359728	0.147985764436996	0.417392606927177	-5.1056635212671
ENSG00000286724	0.751911534818151	-1.62061976899905	1.56482360962018	0.148018650145249	0.417400709602634	-4.90763254913798
NAB1	0.290636553816905	5.0800071971046	1.5648023371404	0.148023614449939	0.417400709602634	-5.66914069625124
GRM3-AS1	1.53550197158401	-3.22628345251887	1.56467297035025	0.148053807601559	0.417436529949959	-4.77569049559676
ENSG00000262877	-1.21018194922747	1.08450591200361	-1.5645340629623	0.148086233478111	0.417450592387386	-5.17484040269029
ENSG00000267042	1.01031472845245	-3.81525569509617	1.56450175330634	0.148093776584573	0.417450592387386	-4.73339336791758
BCL2	0.406986682949468	2.41209688186562	1.56434454689404	0.148130483271656	0.417504752508812	-5.32514576974699
AMZ2	0.482571639584958	6.14506241108652	1.56389458052054	0.148235591736203	0.417751667017117	-5.74770059857094
RPL30P4	2.93012047261468	-1.70588100339899	1.5637274984643	0.148274637424514	0.417812369706124	-4.90129800356391
SNHG18	-0.536442676697264	2.85376674374604	-1.56356978136504	0.148311502893394	0.417866915305943	-5.3828314280576
TGFBR3L	-1.72464964173448	-1.07848698076341	-1.56335967425322	0.148360626741459	0.417879402709539	-4.96066008651966
SDCBP2	-0.866035133331593	1.31317017822502	-1.56334702258494	0.148363585206392	0.417879402709539	-5.20063469778528
DDX54	-0.416894445561316	6.88698050541043	-1.56329799124818	0.148375051179444	0.417879402709539	-5.78103388994449
MMD	0.45301617771054	6.09685743648031	1.56322293879428	0.148392603696393	0.417879402709539	-5.74604764173817
CHKA	-0.439057544543565	4.94462796018231	-1.56317644406986	0.148403478332679	0.417879402709539	-5.65785862740177
TRIR	0.662787463608026	6.67719663780581	1.5629614236322	0.148453778503313	0.417969330395432	-5.77337714234233
FLCN	-0.552684250582487	4.31577384150573	-1.56289021558865	0.148470439648572	0.417969330395432	-5.58488119637704
AMER1	0.43320171183759	5.04489949512857	1.5624192475321	0.148580677387606	0.418230336974878	-5.66899485331087
UPRT	-0.426804524965014	4.54206306355696	-1.5622229081147	0.148626655060575	0.418310421737117	-5.61405843040959
CST3	0.678301975207337	4.41513739567836	1.56194489690842	0.148691779561077	0.418444370096007	-5.59877727342032
XPO1	-0.23891859798897	9.01940594601413	-1.56165789623232	0.148759036156055	0.418584286245765	-5.84384396763273
SPG11	0.365113755460348	6.11769873475179	1.56150416336643	0.148795073365855	0.418626708514514	-5.74951674084609
CACNG5	0.630046467299009	3.0491730638173	1.56144394121317	0.148809192401103	0.418626708514514	-5.41199350602002
MPRIPP1	-0.73519901769931	0.960759025894989	-1.56082388393656	0.148954632785584	0.418944165819777	-5.16688919936295
KLHL41	1.48199613897868	-3.37872011628316	1.56076017042166	0.14896958447392	0.418944165819777	-4.76929057766791
C2orf78	-0.843431245106142	-0.360598538376305	-1.56066521554011	0.148991870038657	0.418944165819777	-5.03533171398693
PRAM1	-1.02210095618007	-2.41482903458379	-1.56054092672721	0.149021044595185	0.418944165819777	-4.84442175480935
ENSG00000272360	-0.896922976007793	-2.74405141556751	-1.56044489492035	0.149043589765448	0.418944165819777	-4.81807987169351
DYRK2	0.31234096606561	5.48469407938951	1.56037937181486	0.149058974196147	0.418944165819777	-5.71018616725415
PRR7	-0.894708085098496	2.00172495942626	-1.56037738195339	0.149059441425463	0.418944165819777	-5.28128873512579
LRP5	-0.351047671169344	5.87511618461478	-1.56036450441173	0.149062465167032	0.418944165819777	-5.73717888166863
NPIPB12	0.656284474466291	0.486138555516645	1.56012010839162	0.14911986136556	0.419008385682083	-5.11959272762177
ENSG00000280219	0.730143876572889	-0.133042786865983	1.56006886181157	0.149131899042948	0.419008385682083	-5.05853592707492
AGMO	-2.33566621860183	-1.09574201030866	-1.56004296337702	0.149137982836942	0.419008385682083	-4.96329394047252
NCF1C	-1.06466218576584	-3.86195409256739	-1.55989424961562	0.149172921364384	0.419015323079365	-4.73586849429652
DDX6	0.276295498666498	7.39081460196895	1.55988300010366	0.149175564595691	0.419015323079365	-5.8030615060602
KDM6A	-0.540154297473959	6.12552811077698	-1.55973006381322	0.149211503212391	0.419066950714303	-5.75236158499369
GALK2	-0.338424915855204	3.46642466077034	-1.55956246766036	0.149250895492937	0.419128264822912	-5.47257744173519
ENSG00000261659	0.704537117800869	-1.17953443880234	1.55932001450043	0.149307898541216	0.419239013468612	-4.9561177834469
TRPV1	0.570726935608691	2.038573881267	1.55910230230146	0.149359101043733	0.419307448884751	-5.28729159819267
ENSG00000267424	-0.82539239068536	1.15276663194859	-1.55899759496767	0.149383732060587	0.419307448884751	-5.18939090702061
EPOR	-0.425537564870288	3.87904799960731	-1.55899230454715	0.149384976656766	0.419307448884751	-5.53137381238458
CCNO	-1.38153553743633	-3.72040712345889	-1.55869752267166	0.149454339861308	0.419452813907552	-4.74724067241898
PRPF38A	0.275185627184476	6.36618806574276	1.5585256180838	0.149494802663368	0.41951704352341	-5.76597512047667
PCMTD2	-0.255685167631247	5.84471773896724	-1.55843090156553	0.149517101091808	0.419530290589957	-5.73793717016526
ENSG00000304717	-1.32886315077382	-3.8632680298337	-1.5581897893226	0.149573877590915	0.419553431127017	-4.73788774370808
NR1H3	-0.342658695656274	3.71894513577735	-1.55811955452131	0.149590419863144	0.419553431127017	-5.51011097954545
ENSG00000309609	1.2440289762945	-2.40466766497518	1.55804121382336	0.149608873197006	0.419553431127017	-4.84843530465949
ENSG00000259363	0.76248467508977	1.11691765639688	1.55802645812883	0.149612349158863	0.419553431127017	-5.18690967192799
COMP	-0.981382091726184	-2.39757087327971	-1.55796451022374	0.149626942844723	0.419553431127017	-4.84911550275434
CMSS1	0.337366318512418	5.79590120805956	1.55793605562819	0.149633646596426	0.419553431127017	-5.73554500578678
TMEM132A	-0.678300002116104	5.88247458027442	-1.55787343824345	0.149648399848506	0.419553431127017	-5.74103400667489
MTHFD2L	0.477805427656978	3.13948877123897	1.55768974502089	0.149691687088676	0.419625498678111	-5.42946553216467
DSE	-0.364715530073608	5.62887323591627	-1.5572072600717	0.149805436842074	0.419830608046043	-5.72522306136672
HNRNPL	-0.427624849348693	7.84073033517719	-1.55718640638881	0.14981035497758	0.419830608046043	-5.82035982096807
KYAT1	-0.577671079837385	4.67310006250828	-1.55708543899897	0.14983416914526	0.419830608046043	-5.63651632764435
RGS22	2.01102791143406	-1.69054428952695	1.55703456789792	0.14984616886143	0.419830608046043	-4.91130465028907
ENSG00000303372	-1.49802109123735	-3.72744664968521	-1.5570064270466	0.149852807221026	0.419830608046043	-4.74884280237078
SAPCD1	-1.23636147567334	-1.93766324999712	-1.55637463235446	0.150001914043857	0.42017484633579	-4.89009818659147
ZNF92	0.369008905839284	5.52497017748966	1.55633662523157	0.150010888072538	0.42017484633579	-5.71877664187768
NLRC5	-0.952877523397966	0.639359824567387	-1.55610217110014	0.150066256485277	0.42028060825324	-5.14031008265102
C1orf74	-0.695383366755987	-0.613242244698712	-1.55597851152228	0.150095467009499	0.420313095285196	-5.01629891357458
RAP1BL	0.415054338131012	5.02773492281014	1.5557339664975	0.150153247450407	0.420424745581415	-5.67640487400708
ID4	-1.03595533426632	3.0208500788884	-1.55566067485631	0.1501705684033	0.420424745581415	-5.41595419634112
ENSG00000250138	0.980471439012014	-0.615130240861417	1.55540143029172	0.150231849525802	0.42054094637193	-5.01686335793397
ENSG00000261848	0.738450132299002	-2.05152037511598	1.55529615464693	0.150256741208785	0.42054094637193	-4.88159734156678
WNT9A	-0.63085986861617	1.40484771386107	-1.5552145495213	0.150276038654212	0.42054094637193	-5.22135379350017
LINC00659	-0.876263321234184	-1.1953443661449	-1.5551869967648	0.150282554640558	0.42054094637193	-4.95995537367051
RALY-AS1	-0.536090640080463	1.40788734241863	-1.55510099344044	0.150302895270381	0.42054855819674	-5.22183434256826
ENSG00000226149	-0.992627950994644	-4.65379952397258	-1.55463358770759	0.150413483551296	0.420726677487803	-4.69973539021039
MSX2	-1.69224877009027	-1.71620733674642	-1.55461427433196	0.150418054634802	0.420726677487803	-4.91209113876424
DENND2C	-0.451331636807823	2.64821770368585	-1.55450951119754	0.150442852063111	0.420726677487803	-5.36818557999632
ASXL3	0.862350959094781	-0.0426285041733522	1.55448973367357	0.150447533804376	0.420726677487803	-5.07475559229203
POMGNT1	-0.407123467904275	5.71238895092706	-1.55444877161661	0.150457230760979	0.420726677487803	-5.73475012008797
RPS5	-0.236799607700446	9.27317856718618	-1.55431148619192	0.150489734367529	0.420726677487803	-5.85939548934236
PPAN	-0.65178701391774	2.30473291890316	-1.55430732486666	0.150490719696327	0.420726677487803	-5.32547553225973
ENSG00000291133	0.564297986185046	1.15771526040471	1.55416285256922	0.150524931710291	0.420726677487803	-5.19634493188132
ITGA11	-0.943901674874249	-1.4953500676291	-1.55416169307966	0.150525206312831	0.420726677487803	-4.93293145809256
PPP1R14C	-0.724316102667385	-0.596411044291047	-1.55398248356895	0.150567653881183	0.420796041590422	-5.02059102766327
CDK11A	-1.35496869686711	-0.652202179419164	-1.55388913342075	0.150589768958043	0.420808572265731	-5.01512922320379
NFIC	0.485766319937724	2.66618454877096	1.55340888819245	0.150703586285462	0.421077323094723	-5.37198209536935
ENSG00000248511	0.924270663031299	-2.1766810537931	1.55306566598118	0.150784975606578	0.421235136615817	-4.87375648951538
STXBP6	0.446158842686363	3.4877363060238	1.55302185972532	0.150795366290089	0.421235136615817	-5.48443799108503
DDIAS	0.344308937722354	5.38921271305801	1.55289677327052	0.150825039795837	0.421268721451989	-5.71285580638822
COQ9	0.318647800916819	5.09503736776795	1.55277253459732	0.150854517256155	0.42130175091887	-5.686991187387
ENSG00000265401	1.6953226242538	-1.02331165256884	1.55256718027675	0.150903251678869	0.421339752423852	-4.98004867930147
SYT9-AS1	-0.768530610369919	0.168345813402259	-1.5525020584991	0.15091870917824	0.421339752423852	-5.09815245033434
NOL8	0.468352472803488	4.9064544983723	1.55247052928671	0.150926193544964	0.421339752423852	-5.66853710317776
SESTD1	0.284322552927964	5.42736060162264	1.55237388135983	0.150949137742237	0.421339752423852	-5.71664639794905
MMS22L	0.285716333585999	5.27577999919261	1.55234332423642	0.150956392633191	0.421339752423852	-5.70405627076139
ENSG00000296566	-0.719950290749402	-1.57675258107886	-1.55202383881067	0.151032263370025	0.421502225193217	-4.92815360097462
MYH6	-1.55482489968039	-3.0570382629412	-1.55182677929859	0.151079077324471	0.421583577517029	-4.80461708412653
TPRN	-0.558402393535307	4.14549232483077	-1.55144978556051	0.151168672359189	0.421784276735651	-5.57801151764639
ISG20L2	0.413427736527319	6.59492457812557	1.55115390340347	0.151239023318165	0.421906739399874	-5.78612115611846
LINC00173	1.01167960984118	1.35556855399229	1.55111650213237	0.151247918142428	0.421906739399874	-5.22148644872814
ST13	0.38882125969445	8.1661117798403	1.5508137390885	0.151319938569807	0.422058311773471	-5.8380265103709
CKS1BP6	1.09434016823958	-4.05288186101171	1.55068009001712	0.151351740200764	0.422097684432302	-4.73418219356318
FANCM	0.40445023207204	3.99695990735142	1.55041722218988	0.151414306368195	0.422149759912124	-5.5593291745584
THEMIS2	-0.506384617045303	3.75500469235608	-1.55037968836574	0.151423241785232	0.422149759912124	-5.52566690110772
ENSG00000289361	-0.825741191263474	-1.55952337057623	-1.55037870580366	0.151423475703176	0.422149759912124	-4.93185735610762
SLC2A6	-0.975748461779293	4.1768548049693	-1.5502781568576	0.151447415002956	0.42216718685769	-5.5838213050083
TUBA3E	-0.956361682437533	-3.94805780860798	-1.55016255905219	0.15147494132506	0.422194607568049	-4.74195761670327
NANP	0.402792545204374	3.81820739538667	1.55000874931662	0.151511573527902	0.422227564210271	-5.53509573209821
PARVB	-0.496464183927972	3.58381066748932	-1.54993585069879	0.15152893818993	0.422227564210271	-5.50212234575104
RHOBTB1	0.356125108036363	4.24567988980551	1.54989009566727	0.151539838061976	0.422227564210271	-5.59340967820338
ENSG00000264727	-1.27616798721328	-3.90645830696559	-1.54948196017163	0.151637095472974	0.422449230495327	-4.74565823188538
PCDH18	-0.659791791916009	5.46631957476096	-1.54929353249126	0.15168201565356	0.422468639270147	-5.72388846841961
ADAP2	-0.718765007774538	-0.11656495254015	-1.54917457292776	0.151710381000348	0.422468639270147	-5.07445923543241
GMPPA	-0.400827423220933	5.45816184151511	-1.5491673978023	0.151712092023798	0.422468639270147	-5.72343339973463
PURG	0.518679515985637	3.0811133618093	1.54915576530339	0.151714866015186	0.422468639270147	-5.43294605916811
LTB4R	0.58505611427711	2.49635271340007	1.54882730749702	0.151793211395908	0.422636389640896	-5.35652311320383
ENSG00000305866	2.69881044459759	-1.97226420193466	1.54875474698457	0.151810523668303	0.422636389640896	-4.89681240624237
RAB1B	-0.320693389425371	7.16502096639849	-1.54857240022423	0.151854037569078	0.422702269761703	-5.81106208766211
ENSG00000287973	1.38427223528902	-3.28819706842963	1.54850715772292	0.151869609218025	0.422702269761703	-4.79130067807717
ENSG00000289112	-0.869227773282335	-3.18488763508304	-1.54822957669695	0.151935876062178	0.422837401349814	-4.79940365792564
ENSG00000270083	-0.875130255499892	-2.7841785812657	-1.54805356291192	0.151977908909763	0.422850659083715	-4.83055292254049
ENSG00000298060	-1.27105181675646	-3.98412472296194	-1.54804972768559	0.151978824891676	0.422850659083715	-4.74208877656509
LINC02520	-0.901900425483367	-1.38144695282646	-1.54798706826187	0.15199379076881	0.422850659083715	-4.95154326044828
TMSB15C	1.48893099290172	-2.7870078797435	1.54787012975991	0.152021724374426	0.422859868825374	-4.83056069636374
ACER3	0.318729903967257	4.57370895773452	1.54767241848836	0.152068962750865	0.422859868825374	-5.63761763211032
ABCB10P3	-1.15971558924829	-2.95202350022423	-1.54744970170372	0.152122190996909	0.422859868825374	-4.81819202367606
RPL21P11	2.58281031172051	-2.84254426671387	1.54743861977179	0.152124839951824	0.422859868825374	-4.82673736843394
POLR1G	-0.396485679143117	5.31191951170545	-1.54743772444165	0.152125053967642	0.422859868825374	-5.7138014436697
SIGLEC11	-1.43230849453168	-4.06381560590738	-1.54743438067854	0.152125853248546	0.422859868825374	-4.73743057986154
ZC3H12C	0.677812110156919	2.67296921766105	1.54740392222408	0.152133134095484	0.422859868825374	-5.38092295947216
TRIM73	-1.09785959235432	-3.0812336568451	-1.54737659923117	0.152139665695453	0.422859868825374	-4.80834272029946
FBXO33	-0.386819493729889	3.72318083530396	-1.5472302397315	0.152174657322428	0.422859868825374	-5.52544347850925
VPS37C	-0.41459110821479	4.52966260777523	-1.54722390993747	0.152176170808512	0.422859868825374	-5.63295172614911
SYMPK	-0.456261239192075	6.68028959875137	-1.54709399483651	0.15220723708532	0.422859868825374	-5.79517007006427
DNMT3B	-0.517157429336237	10.5288081409608	-1.54703661696643	0.152220959481949	0.422859868825374	-5.89303994710252
ENSG00000254851	-0.886324156514788	-0.066932942789944	-1.54694679804184	0.152242442603455	0.422859868825374	-5.08225775105099
ENSG00000286691	-0.984625510240127	-2.74694898867805	-1.54693550437131	0.152245144040577	0.422859868825374	-4.83490283047807
FNDC7	-0.681074264706135	0.586277386242519	-1.5466920358026	0.152303391740796	0.422967082789073	-5.14739036607587
CHST10	0.37830439216129	5.52356067194611	1.54647386716642	0.15235560323657	0.422967082789073	-5.73210023506216
ZNF548	0.369515152771503	3.49003069447965	1.54643908220229	0.15236392932377	0.422967082789073	-5.49364776324417
ZNF2	0.435905062544445	2.10983246825439	1.5464303854549	0.152366011029042	0.422967082789073	-5.31263360222648
ENSG00000301549	1.73134387970708	-0.741711235264822	1.54633074322542	0.152389863764463	0.422967082789073	-5.01604969626029
GAS7	-0.457539348048889	3.95138833094112	-1.5462908162677	0.152399422548997	0.422967082789073	-5.5586001014801
LINC01116	0.825468838839365	-1.90600893373532	1.54625583439028	0.152407797879332	0.422967082789073	-4.90582655185104
ICOSLG	-0.924090695559633	0.540757508765678	-1.54596432379851	0.152477606765665	0.42311161965773	-5.14376782637411
SMAD1	0.443454143624098	4.97712955438032	1.54573453567082	0.152532654528909	0.423192253420793	-5.68491420582282
LCIIAR	-0.623096832928554	-0.0556938681763649	-1.54568041723396	0.152545621607234	0.423192253420793	-5.0850237654592
FAM117B	0.3048697243584	5.28857923251799	1.54562100285145	0.152559858735179	0.423192253420793	-5.7142840416768
COPS8	0.554086398052031	6.21801593288722	1.5453448178862	0.152626054631545	0.423284487770398	-5.77675176627813
PSMA4	0.464724214830881	8.11729431578816	1.54533428651784	0.152628579283196	0.423284487770398	-5.84419459662674
CELSR3	-0.633810210645263	5.60999446779934	-1.54509717158993	0.152685431776123	0.423386751497798	-5.74037253705923
F5	1.1986607647189	-2.55508541171995	1.54503253590844	0.15270093253836	0.423386751497798	-4.8526612736807
GIRGL	-0.91275598278033	0.405925529828783	-1.54495462268235	0.152719619318475	0.42338937789221	-5.13160369768711
RGL1	0.503504646162751	2.60304261627538	1.54476704596422	0.152764616104497	0.423464935257378	-5.37546928981918
PIK3R5-DT	-0.942733773647977	1.69753090700627	-1.54457292112913	0.152811195905233	0.423538963821949	-5.26770606551549
PGS1	-0.378883429874112	4.71533388621551	-1.54450784545984	0.152826813442604	0.423538963821949	-5.65847471618527
TAF12	0.576632641584239	5.13220630721692	1.54423576551725	0.152892125158169	0.42367077106119	-5.70206298261256
ACAP2	0.267559778258401	5.99219987086865	1.54412502721234	0.152918714446298	0.423690076032283	-5.76627617148948
FAM81B	1.30088896956112	-3.09509532695709	1.54405889181421	0.152934596095786	0.423690076032283	-4.81143303381075
LINC01030	-1.76361399288574	-3.22482865456776	-1.54378799680971	0.152999663462227	0.423821142972723	-4.8019355122616
HPS1	-0.320104167821187	4.17148225372242	-1.54345163333299	0.15308048968877	0.423957150992783	-5.59234353028163
DMBX1	-2.06226266856573	0.30806432615387	-1.54343582578843	0.153084289070926	0.423957150992783	-5.12387259035198
CDC37L1	-0.470736656397684	4.33070572594176	-1.54333809641741	0.153107780397818	0.423973012501998	-5.61337219476623
TYSND1	-0.496874887742111	4.55791639926182	-1.54322778919842	0.153134298867484	0.423997251864297	-5.64176410171259
ENSG00000305498	-1.2894118311234	-4.44552517753745	-1.54303022522823	0.153181804393566	0.424017412997658	-4.72204009319802
FUZ	-0.448682143821314	4.67354958421635	-1.54294177193253	0.153203077736581	0.424017412997658	-5.65577391495425
ENSG00000307823	-0.832578377207351	-1.92178399988298	-1.54286291034086	0.153222046419663	0.424017412997658	-4.90876076315934
PSMG3-AS1	-1.08512462310081	2.34552002155743	-1.54285844298905	0.153223121019222	0.424017412997658	-5.34578881482527
SFR1	0.468951462977008	3.48760180964296	1.542828143239	0.153230409649508	0.424017412997658	-5.49817041201474
AFTPH	0.29603236221207	4.8801599115293	1.54239560830495	0.15333448937661	0.424195895838628	-5.67944518938455
IQSEC1	0.354681118449235	5.93148235400504	1.54213655763609	0.153396853664011	0.424195895838628	-5.7654409624632
HRH2	0.36103996609729	3.83045656025538	1.5420559356684	0.153416267258289	0.424195895838628	-5.54755097585385
HSPA12A	-0.330230467214627	3.75094247406022	-1.54205268334998	0.153417050454593	0.424195895838628	-5.53633711697313
ADAM21	-1.37453981723844	-3.438992566602	-1.54203330591452	0.153421716840148	0.424195895838628	-4.7881866546546
NOL11	0.311746309490031	7.07163019957182	1.5419876584217	0.153432709951878	0.424195895838628	-5.81678817120725
NANOG	0.854136786474521	6.64607272591683	1.54191636716671	0.153449880131898	0.424195895838628	-5.80081811790771
SNW1	0.249337384194465	6.78255593687714	1.54180176536504	0.153477484987026	0.424195895838628	-5.80640049933298
ENSG00000289003	-0.988417635222886	-3.68781988463277	-1.54168287769248	0.153506126798506	0.424195895838628	-4.77061222862215
ENSG00000296233	-1.32239904655941	-3.82735951415764	-1.54161090788706	0.153523467669172	0.424195895838628	-4.76084908186149
ENSG00000272173	-0.728792112431086	-0.263224340678709	-1.54159613752152	0.153527026748593	0.424195895838628	-5.0699025270969
ZNF322P1	1.10788190101078	-2.3668072034334	1.54156607725842	0.153534270317256	0.424195895838628	-4.8724491665778
PARD6A	-0.410347187056777	3.07414902181617	-1.54155211464469	0.153537634965397	0.424195895838628	-5.44221131185756
EEF1B2P6	0.653605883845722	2.53272571738814	1.54146907823482	0.153557646040333	0.424195895838628	-5.37095619246364
ENSG00000273447	1.06856080682317	-3.76131938096615	1.54137362143995	0.153580653142682	0.424195895838628	-4.76578229188405
BRD3	-0.269514851317934	6.84460734717242	-1.54134326186653	0.153587971072754	0.424195895838628	-5.80941027619272
ENSG00000290574	-1.03093054008121	-2.34554885837765	-1.54130557403634	0.153597055844363	0.424195895838628	-4.87453924426885
MARK3	0.25912662766805	6.64497316507886	1.54111219640714	0.153643677533434	0.424255730329041	-5.80186522275485
TMEM272	-1.20035176115781	-4.477692579448	-1.54106825577375	0.153654272969549	0.424255730329041	-4.72305656273966
ENSG00000289352	-1.21014163107873	-2.99972566878066	-1.54093049586007	0.153687495258859	0.424298374707136	-4.82266796808503
ENSG00000225568	1.28434324739309	-1.53713823730242	1.5403627034408	0.153824490857222	0.424627472043641	-4.94678149864007
CFAP69	-0.695002349471887	0.756730803702814	-1.5398831854764	0.153940270991136	0.424801039181819	-5.17363277705813
ENSG00000288744	-1.29751926245438	-4.05171178684592	-1.5398389785029	0.153950948649254	0.424801039181819	-4.74756177304172
KLHL6	-1.87385446357057	-2.50190487613575	-1.53982599715666	0.153954084258978	0.424801039181819	-4.86354697251261
GNPTAB	-0.570313000190282	5.35868881278683	-1.53974359622471	0.153973989287951	0.424801039181819	-5.72817778883013
SKA2P1	0.481288879375076	2.35078120981798	1.5396934335658	0.15398610784017	0.424801039181819	-5.3506598928517
RN7SL689P	1.13480871077904	-3.87560484232134	1.53966010940688	0.153994158922407	0.424801039181819	-4.75988271471947
ENSG00000308042	-1.08753160158569	-1.19930391005155	-1.5395718937458	0.154015473511873	0.424810736889851	-4.97973357242461
ZNF778	-0.492833876437537	4.88812851016036	-1.53935492577637	0.15406790809645	0.4249062586709	-5.68440518569527
EYA4	0.991949408834789	-2.4552843440297	1.53924523539789	0.154094422878407	0.424923867200552	-4.86809192877585
KCNV1	-1.20815104366659	-2.18462170278386	-1.53918121297986	0.154109900468763	0.424923867200552	-4.89072944084594
SKP1	0.84068284615617	3.78281578952969	1.53883587120276	0.154193411210849	0.425066685737435	-5.54517087206242
TRAF6	0.343383518870043	4.02883081633757	1.53876980383818	0.154209392166572	0.425066685737435	-5.57940384932408
CCDC85B	-0.928004067130932	3.64850492197536	-1.5387460974914	0.154215126819477	0.425066685737435	-5.52638039274471
LINC01011	0.873307778441544	2.23089707353143	1.53817876019182	0.154352423449972	0.425395991972342	-5.33808642596638
AKR7A2	-0.339825244981834	4.93096776212635	-1.53798742559743	0.154398750853335	0.425474539500815	-5.69070906525022
EPHB3	0.926391055414014	3.68115406412534	1.5378463491925	0.15443291714308	0.425487668686386	-5.53219301630161
GAPDHP1	0.789895544072572	5.44246903946778	1.53773495304839	0.154459900051811	0.425487668686386	-5.73773298479904
HRC	-0.832027169085844	2.53855118325049	-1.53767562836925	0.154474271642233	0.425487668686386	-5.37676061942123
KRT18P48	1.00271053615002	-3.29841901535616	1.53767334409848	0.154474825037396	0.425487668686386	-4.80402045009238
SETSIP	0.885417165222561	2.07149927538123	1.53751130475225	0.154514085659746	0.425546697719958	-5.31999208677022
ENSG00000308739	0.950360332365733	-2.29367067572485	1.53729642897188	0.154566161510118	0.425641003433943	-4.88392981726139
ENSG00000295078	0.872323270494432	-2.02645004236285	1.53719908832877	0.154589757383259	0.425649839373857	-4.90681594154
ENSG00000197320	-0.758755313551409	0.817248976121749	-1.53713605505486	0.154605038653034	0.425649839373857	-5.18343605205719
PPIAP19	1.69165167458134	-3.10118612527707	1.5369050069795	0.154661063343614	0.425715841170972	-4.81989500481685
GLI3	0.406296444479617	5.45426222152466	1.5367496322044	0.154698748700552	0.425715841170972	-5.73998375040488
DEUP1	0.738920515310545	-1.94882201184245	1.53673098926501	0.154703270989381	0.425715841170972	-4.91418040015727
ITPKC	-0.527387976706463	3.92914219154434	-1.53666987295038	0.154718097016942	0.425715841170972	-5.56849407123228
SLC5A10	-1.54993280791869	-3.84714395118261	-1.53666946107042	0.154718196937907	0.425715841170972	-4.7655403904536
LINC00648	0.555364130661654	0.863824178819781	1.536508974561	0.154757134823899	0.425754556217639	-5.1890488602873
ENSG00000308082	1.04772635465272	-3.04517917591046	1.53636287375229	0.154792589840303	0.425754556217639	-4.82486819523253
CDK2AP2	0.545485655139224	5.37292860462798	1.53632705178994	0.154801284019285	0.425754556217639	-5.73399230957748
TIE1	-1.18090361125818	1.76968342213962	-1.53631742036679	0.154803621689222	0.425754556217639	-5.28678801021995
ENSG00000289121	-1.46482827323974	-3.51344671429007	-1.53611841215434	0.154851930440081	0.425769910678599	-4.79005969279299
BCL2L11	-0.400899658745459	4.4932200420059	-1.53604335467405	0.154870153878873	0.425769910678599	-5.64359331614739
SLCO5A1	0.601815481414449	3.12656872398529	1.53599515064056	0.154881858474216	0.425769910678599	-5.45687374546993
NACA3P	0.862407557530513	2.78014827165746	1.53593811258389	0.15489570908915	0.425769910678599	-5.41024485308075
TNFRSF10B-AS1	-0.568363832638348	-0.0976896192558959	-1.53584727875461	0.154917768603698	0.425769910678599	-5.09373318546415
LPAR3	0.400761086551911	4.50214576624121	1.53579330760786	0.15493087710533	0.425769910678599	-5.64503986287217
ENSG00000287097	-1.18472353482858	-2.77352398219414	-1.53575717901128	0.154939652553429	0.425769910678599	-4.84683761776206
ENSG00000278595	-0.90450717008776	-2.17552342126718	-1.53570668208159	0.154951918722684	0.425769910678599	-4.89590130066039
TNRC6A	0.356220821181034	6.84064453425641	1.53562104228903	0.154972723356893	0.42577805782882	-5.81702351355684
ENSG00000275552	-0.969742593278502	-3.872096721982	-1.53553239869192	0.15499426028174	0.425788214795614	-4.76519484441473
DOK2	-1.36305541440698	-2.37623148301234	-1.53496759745697	0.155131546306167	0.426116309781252	-4.88000292011847
UBN1	-0.502319248158671	5.76825406310757	-1.53472992880934	0.155189348088897	0.426226026563601	-5.76528732821992
DBI	0.546434157281858	7.06418008366155	1.53460574666921	0.155219557070063	0.426226116930724	-5.8265444157448
RSPH10B2	-0.937429417373141	-3.63322477117911	-1.53457445026013	0.155227171154333	0.426226116930724	-4.78328787148426
TULP3	0.46917154843779	5.61064618358351	1.53450957296195	0.155242956151958	0.426226116930724	-5.75477218821942
SDHDP2	1.35236414052021	-2.23677771118621	1.53428959003727	0.155296489626933	0.426324053131585	-4.89251292908666
NDUFA13	-1.53958912234993	-0.949025023080475	-1.5341504189759	0.155330365631434	0.426350227803854	-5.01118061934938
COX7A2	0.601334280362612	6.75886819208245	1.5341036493022	0.155341751413346	0.426350227803854	-5.8159174483272
HNRNPA1P4	1.76326241370312	0.369312298011026	1.5339540602764	0.155378172812782	0.426401155630983	-5.14239006230447
ENSG00000231977	-1.05579337081182	-1.44182356715175	-1.53378728803244	0.155418786714237	0.426458523872532	-4.96409929042536
ZC3H8	0.47920102042437	3.80606850594462	1.53359828974251	0.155464824514477	0.426458523872532	-5.55550793138724
RPL37A	0.501084722852726	9.24725776675457	1.5335973545408	0.155465052348423	0.426458523872532	-5.88705560983841
GCNT1	-0.754446846118168	4.1664994040478	-1.53357478852007	0.15547054997339	0.426458523872532	-5.60499775548554
LINC02985	-0.551507584742032	0.475023174874665	-1.53333608501039	0.155528714284127	0.426569044336848	-5.15375560044727
KSR1	-0.337330855638994	5.15638779706858	-1.53318260075733	0.155566123461764	0.426622620781561	-5.71928586861417
CENPN	0.279819051816676	5.62275758773071	1.5330002697044	0.1556105737694	0.426695492205225	-5.75768175745161
ENSG00000258520	-1.26382834855369	-3.78377553732075	-1.53265807850418	0.15569402616908	0.426875281169148	-4.77491757564421
ENSG00000305907	-3.65047269699573	2.36636900274874	-1.53257535673555	0.155714205931528	0.426881570522373	-5.36206017866032
DOCK1	0.302081990605479	6.75809063527869	1.53227226846854	0.155788163050679	0.426949414709417	-5.8183665970205
ENSG00000223612	-0.579059109985709	2.63978432418182	-1.53226942395666	0.15578885729046	0.426949414709417	-5.39687985096415
GDPD1	0.483834501048883	3.3733293396528	1.53225400869872	0.155792619629795	0.426949414709417	-5.49621082112852
HSPA8P5	1.75416835646971	-2.07249594396046	1.53198772985655	0.155857621747577	0.427078514150335	-4.90943745616008
LINC00938	-0.435954905164415	2.68248729175293	-1.53188892152551	0.155881748165767	0.427095589883178	-5.40290351087001
ENSG00000310201	-1.65282089539652	-3.41973697503426	-1.53174202789094	0.155917621788892	0.427144843805726	-4.80235054663271
ENSG00000310451	-0.741906131793001	-1.54927651497041	-1.53145072996363	0.155988782421516	0.427290746017942	-4.95705119156191
EIF5AL1	-0.412880770375307	6.24109706269841	-1.5309122838825	0.156120393069442	0.42758697680586	-5.79747560910687
ENSG00000260279	1.16000945496368	-2.06971142748591	1.53086172232666	0.156132756645706	0.42758697680586	-4.91110350674001
JAKMIP2-AS1	-0.699550282852879	5.00247267580524	-1.53076947774516	0.156155314975698	0.427599690514568	-5.70770946436194
ENSG00000295559	-1.02480490438151	-3.77063692681709	-1.53059810787135	0.156197230877946	0.427665402014906	-4.77837483109324
TNS1	0.689459328270457	3.76449357558506	1.53009155336926	0.156321188080709	0.427955700381083	-5.55433380321912
C2orf15	-0.709323309440807	1.74397317108851	-1.52986530990745	0.156376579069565	0.428015700285314	-5.2924295091387
ENSG00000305233	-1.25216169560528	-3.50726129665991	-1.52969332041753	0.156418698566236	0.428015700285314	-4.79844343293227
CACNG3	1.33260737983231	-3.05829467045983	1.52964108886437	0.156431491811966	0.428015700285314	-4.83222965861521
FBXL18	-0.691426627318228	4.41313400093681	-1.52961432319602	0.156438047968825	0.428015700285314	-5.64231141527523
UPK1B	-0.671977455210964	-1.58338515516045	-1.52960490707545	0.15644035447165	0.428015700285314	-4.95624699648334
ARF4	0.370081030739167	7.29248633719726	1.52956265451847	0.156450704708974	0.428015700285314	-5.84112884227677
ENSG00000289257	-1.40189640843474	-3.51543118948457	-1.5294635881759	0.156474974463025	0.428033033296162	-4.79812951343964
VRTN	-0.608442024944583	6.94071872747792	-1.52918011137886	0.156544440139682	0.428128030479575	-5.82945757457874
ENSG00000300756	-1.68462460279182	-3.30620879031663	-1.52917546686262	0.156545578497308	0.428128030479575	-4.81397263492665
FDFT1	0.687279722371381	9.60518160572306	1.52884301586009	0.156627080051891	0.42830184688342	-5.90085461325033
MMP23B	-1.65715139296829	-2.48270262139985	-1.5286299648537	0.156679329734459	0.428395642430099	-4.87920468781617
ENSG00000299063	-1.28310892026723	-3.56805356634829	-1.5284111622689	0.156733005792051	0.428453913434395	-4.79559127922469
LINC01786	-1.2773099332149	-1.39000736384501	-1.52839673772924	0.156736544944723	0.428453913434395	-4.97586655358956
ENSG00000289394	0.769589590704964	-2.85170833682933	1.52832157474329	0.156754987790347	0.428455237355198	-4.84995956263651
PIN1-DT	-1.14120039778855	-4.43609307780562	-1.52824844795412	0.156772932828715	0.428455237355198	-4.74039020044679
ENSG00000214708	0.751045011488465	-0.758875442569763	1.52804480248006	0.156822916106346	0.428542768343274	-5.03799585096529
NPAT	0.289893389445796	5.19334955837694	1.52770333866414	0.156906757079055	0.428654570937644	-5.73007359758804
RNF217-AS1	1.16076170624662	-1.73714990426584	1.52767609214297	0.156913448710356	0.428654570937644	-4.94461009537998
ENSG00000273245	-1.09233736069558	-4.11182794064491	-1.52765874155492	0.156917710071739	0.428654570937644	-4.75835882374685
CEMIP	-1.04145080858852	-1.86885305446618	-1.52737815554258	0.156986636936142	0.428793781615347	-4.93314160862591
PRSS44P	-0.869221805467893	-1.04137968737033	-1.52720565610397	0.157029025091352	0.428860480816489	-5.01100318195011
EDNRA	0.487887203143922	2.63461476205681	1.52712466209274	0.15704893113192	0.428865771089878	-5.40306531554038
IFITM3	-0.691374723762913	7.17881766216388	-1.52664240119107	0.15716750281853	0.42912077734565	-5.84128653984064
DYNC2I1	0.354275388164942	4.70331474961498	1.52659861291966	0.157178272742937	0.42912077734565	-5.68128217323955
TMEM87A	-0.456940445293242	5.27970210555973	-1.52612326851724	0.157295227284758	0.429345701195849	-5.73990096914672
OSMR	0.615934148601051	2.70388333168142	1.52611754490836	0.157296635993485	0.429345701195849	-5.41336491692653
SPRY4	0.598462369716887	7.68666532830539	1.52603690065876	0.157316485524623	0.429350778732553	-5.85821756292541
FGF12	0.673488828104016	4.58952850318894	1.52576691663467	0.157382954472629	0.429388143080973	-5.66906131521185
DNAJC27-AS1	0.833305685212554	-2.12983575232421	1.52573236354501	0.157391463067619	0.429388143080973	-4.91240059451884
ENSG00000124593	-0.848448455053141	-0.818869785023819	-1.5257190073878	0.157394752088879	0.429388143080973	-5.03496341305323
ENSG00000297022	1.23410652256047	-3.17103320112254	1.52568900918928	0.157402139515458	0.429388143080973	-4.82850263562076
RRP9	-0.415617624151111	5.39969530550531	-1.52543804012577	0.157463955591238	0.42950768321098	-5.75090768073853
SLC66A1	-0.451184419658539	3.99220758772305	-1.52525777213021	0.157508370381582	0.429579736704058	-5.59257758924421
BDP1	0.454048142593988	5.13116990993323	1.52479528144792	0.157622369728262	0.429826246095317	-5.72823625157668
SNRNP27	0.616085309338345	4.74498663589089	1.52468427231577	0.157649743076723	0.429826246095317	-5.68857710197004
CFAP61	-0.754843715369427	-2.52395239589504	-1.5246719476313	0.157652782432581	0.429826246095317	-4.88079814626391
ENSG00000307038	-0.65470844850576	-0.199684644981025	-1.52439703064451	0.157720592219455	0.429860030983566	-5.09855043038181
PHF5A	-0.468225196729367	6.01417263924014	-1.52437297960699	0.157726525749495	0.429860030983566	-5.79424919743758
ST6GAL2	-0.805884821628172	3.44661822591641	-1.52435856002572	0.157730083236888	0.429860030983566	-5.51713368277257
CCDC163	-0.502547354459053	1.345264369532	-1.52420152935795	0.157768829155691	0.429860030983566	-5.25597774453236
ENSG00000308814	1.2091888674642	-0.755822847938501	1.52413450934643	0.157785368272754	0.429860030983566	-5.04333964533684
CIMAP3	-0.841153972010457	2.07908347127366	-1.52411157904456	0.157791027331818	0.429860030983566	-5.33866474856985
KIF5B	0.262749586091765	7.44289000860473	1.5241106822999	0.157791248646542	0.429860030983566	-5.85334276731912
ENSG00000308547	-1.16401248126725	-1.95403259896323	-1.52398189176931	0.157823036692878	0.429897559546784	-4.92988364036051
RSPRY1	0.42281430419776	5.88671163223379	1.52373110442912	0.157884951979599	0.430017134417106	-5.78761574713569
ARAP2	-0.755553066243714	0.433613284441388	-1.52364187775945	0.15790698568883	0.43002807250517	-5.16228325037831
TAOK1	0.352089167275974	6.98921971135727	1.52354258204412	0.157931509007612	0.430044880016785	-5.83883939115882
CCBE1	-0.832720774511251	3.88208650889459	-1.52345940806701	0.157952053253949	0.430044880016785	-5.57970613957058
DRC3	-0.889432430744824	-2.01625779832748	-1.52339804106332	0.157967212599286	0.430044880016785	-4.92517813049958
LINC00323	0.960214438694192	-2.79374596372113	1.52312998287624	0.1580334452454	0.430151356444078	-4.86101483415259
LINC02422	-1.07414976836194	-2.07992753907173	-1.52302434528775	0.158059553155173	0.430151356444078	-4.92012289095034
ENSG00000213080	-0.260353353431857	6.30687141338907	-1.52302094799767	0.158060392844286	0.430151356444078	-5.81137321443196
ENSG00000300381	-0.887198135591968	-2.34230043066271	-1.52219842859387	0.15826380479054	0.430634851098189	-4.89889090408613
SMPD4	-0.42248184496706	7.21817447581358	-1.52211492626628	0.158284467959179	0.430634851098189	-5.84872133372909
IFI27L2	0.670991424160428	2.88153699778125	1.52207263698969	0.15829493359954	0.430634851098189	-5.44217116894571
ATXN7L3B	-0.316722059422473	7.12146763565328	-1.52201084493502	0.158310226820946	0.430634851098189	-5.84556405144922
NCAPD3	0.315979352289014	6.46212707825391	1.52183430086227	0.158353927680864	0.430704637260307	-5.8201521912856
SCEL	-1.52133972066361	-3.97600656049642	-1.52155261844652	0.158423675738173	0.430845244854487	-4.77507377755319
EXD2	-0.360943815095303	5.42517954307687	-1.52073617776191	0.15862598780486	0.43134629724719	-5.75928835276572
ETF1P2	1.15254269914838	0.369367705461892	1.52055293126062	0.158671426767206	0.431420704335032	-5.15989079898623
COP1	0.278347259976168	6.03976128180834	1.52035949302067	0.158719405238396	0.431501998499236	-5.80109458062669
PPP1R36	-1.12743982385316	-2.22505881037971	-1.52024626841728	0.158747494190219	0.43152920772642	-4.91120524334876
BRCA1	0.335579618372134	5.9491065859044	1.52007304276804	0.158790476682659	0.431596891810162	-5.79630649203268
INPP5J	-0.48609276782615	3.0292996161248	-1.51999327998561	0.158810271635414	0.431601543284268	-5.4648839145055
LINC00926	-0.596946309902659	0.116617838190074	-1.51981080995172	0.158855563816263	0.431643076058126	-5.13576943646498
ENSG00000298630	3.01641777428638	-0.334105574790068	1.5197359702845	0.158874143553731	0.431643076058126	-5.09125150242337
ENSG00000286388	-0.471519236428243	2.10133656200454	-1.51956963378996	0.158915445122213	0.431643076058126	-5.34730438603189
CYB5R1	0.526975614164102	4.32523513376093	1.51951056792371	0.158930113503373	0.431643076058126	-5.64472916738758
ENSG00000280347	1.24587679282755	-1.60911663929255	1.51948558684389	0.158936317644271	0.431643076058126	-4.96674201186159
ATP2B4	0.585683871910328	6.50898031214643	1.51945812934616	0.158943137055763	0.431643076058126	-5.82541666186626
DPP10-AS1	0.619929938877256	0.629647037895408	1.51936461712354	0.158966363892448	0.431643076058126	-5.18761260971776
MTIF3	0.456033331743118	4.7458228563139	1.51934902632416	0.158970236667823	0.431643076058126	-5.6958353094977
SUCLA2	-0.388067393827119	6.20362752179963	-1.51921402699435	0.159003774117521	0.431685027512556	-5.81137046744551
OXTR	-0.53726363926936	0.991893872160662	-1.51889490713736	0.159083076535015	0.431825959648995	-5.22545606268472
CASTOR3P	0.481168075478531	2.79922899326641	1.51885952967718	0.159091870079759	0.431825959648995	-5.43550351064215
CCDC168	0.941515741456835	-3.76694109858023	1.51858942715369	0.159159021656402	0.431873784936725	-4.79333907117414
HMX2	1.5836193996915	2.50768806265035	1.51854154050139	0.159170929578382	0.431873784936725	-5.39830689325964
CNOT6L	0.328847725073978	4.68978008039087	1.51845753770779	0.159191820336013	0.431873784936725	-5.69066122438121
ENSG00000270096	0.87131035011632	-1.72937817688579	1.51844216429268	0.159195643827861	0.431873784936725	-4.95703004669104
ADAMTS16-DT	0.724781301829189	2.01499419874395	1.51836263731374	0.159215424103085	0.431873784936725	-5.33874228931024
TAF11	-0.379617865379703	5.52123746926307	-1.51835204102349	0.159218059817247	0.431873784936725	-5.76992674743049
LEMD1-DT	0.720941664087181	1.60745541827073	1.51814816372866	0.15926877951694	0.431962268264864	-5.29262595721803
ENSG00000226679	-1.35449702485547	-4.19239906939707	-1.51804756557712	0.159293811066456	0.431981069051597	-4.76465814004927
GPLD1	0.426185082200984	3.45050620917409	1.51779764240512	0.159356013557075	0.432068284838897	-5.52643946435541
PCF11	0.427733646176336	5.89641444525735	1.51777095476847	0.159362656997546	0.432068284838897	-5.79623193251095
DSCC1	-0.345705162605188	5.43893153357136	-1.51767946945278	0.159385432565605	0.432068284838897	-5.76449613127116
AK3P3	-0.734101520166592	-0.595673461408248	-1.51762744809743	0.159398384715569	0.432068284838897	-5.06777447803911
MIR641	-1.61320977399996	-3.16986312695674	-1.51712134502772	0.159524440845245	0.432360870957694	-4.83919051382499
ENSG00000289171	0.933778934901964	-2.56045079061389	1.51672599935338	0.15962297075957	0.432578794495136	-4.88776030678498
C1orf115	0.412432473788277	4.59553529116693	1.51654969745102	0.159666926625589	0.432648789483757	-5.68213825523575
SCRN3	0.478134913853319	4.38714077599579	1.51623739827932	0.159744815401637	0.432716016201581	-5.65702642563375
TMEM241	-0.397851280619901	3.42501650522741	-1.51623368294966	0.159745742220059	0.432716016201581	-5.52490435255455
DMWD	-0.598163967367119	4.33789647767968	-1.51623213954307	0.159746127236441	0.432716016201581	-5.65076567271925
LINC00869	0.530018232563017	2.39091972723373	1.51592602382996	0.159822506464996	0.432873781411719	-5.38716733325828
ENSG00000250240	1.13028503451916	-3.51367412975505	1.51583862085933	0.159844320296358	0.432883739080129	-4.81501068284475
ENSG00000286833	1.31387948896184	-2.97762652581988	1.51556568999594	0.159912454427674	0.433014615317638	-4.85594998405389
WDR1	0.280109072080753	8.86835925010018	1.51549969718876	0.159928932585787	0.433014615317638	-5.90315678143675
ENSG00000299953	-1.92437785877277	0.590594441973858	-1.51540849356789	0.159951708222035	0.433027157456365	-5.18881649159353
DNAJC30	-0.58396260921251	3.16069500881128	-1.51506150344311	0.160038385410941	0.43321267376692	-5.48949315126099
C11orf68	-0.501308136917151	4.86899860265598	-1.51493120444878	0.160070944297633	0.433251670169156	-5.71525831309166
ARHGAP9	-0.542199543327139	1.19824732895833	-1.51464898426132	0.160141484747682	0.433393447836822	-5.25275951601212
SETBP1	0.501553277055723	3.2254141873297	1.51444061787921	0.160193582918771	0.433485288381215	-5.49928097485086
WBP11	0.324126898209715	7.83859722157871	1.51433206529757	0.160220730330888	0.433490501023167	-5.87842255014502
DEK	0.232931751431806	8.76473566084018	1.51427515677539	0.160234963918407	0.433490501023167	-5.9024165744483
TMED4	0.279755578165401	6.03449687709805	1.5142037234173	0.160252831919801	0.433490501023167	-5.80907763635242
TNFAIP2	-0.926511091690286	3.93781055005232	-1.51412795356975	0.160271786524302	0.433490501023167	-5.59990635764692
THCAT155	0.961451364882515	-0.141313398627486	1.51396228468111	0.160313237089635	0.433490501023167	-5.11782369414155
ENSG00000225705	0.834214291313046	-1.38739969957655	1.51390099159946	0.160328575059117	0.433490501023167	-4.99458380202517
BMS1P20	0.906449948094199	-2.39863102504139	1.5138508762569	0.160341116861695	0.433490501023167	-4.90466429302209
DPY19L3	0.244126403036204	6.30176828999255	1.51380249414338	0.160353225718143	0.433490501023167	-5.82352538487615
RNF19B	0.410005270962397	4.74531430664698	1.5137795272565	0.160358974045064	0.433490501023167	-5.70324117674493
SERINC1	0.271752034532555	6.47763430266377	1.51354575443809	0.160417494679622	0.433591313967173	-5.83199077705631
EID2	0.379790857124103	4.23268098457271	1.51344768213644	0.160442050768663	0.433591313967173	-5.64074532251163
ENSG00000269680	-1.23859223135312	-4.477692579448	-1.51335705118022	0.160464746543549	0.433591313967173	-4.75657464295185
PRSS23-AS1	0.924300353417508	0.0101859989146977	1.51334032587663	0.160468935193868	0.433591313967173	-5.13362394285815
ATP8B1-AS1	0.373049227961841	2.88316408122228	1.51289412369519	0.160580716254991	0.43384423306066	-5.45457207295519
ADAM12	0.946163021178173	1.01340939884306	1.51278024370816	0.160609255928377	0.433865518535676	-5.23569873296168
ARL6IP1P2	1.57309777239875	-2.31817540581988	1.51259560939557	0.160655536846678	0.433865518535676	-4.91294452576027
ZNF706	0.365340285765335	5.61475933199599	1.51258019880526	0.160659400229747	0.433865518535676	-5.784601265053
ENSG00000305893	1.2223950112707	-0.308400274822082	1.51252769622624	0.160672563055894	0.433865518535676	-5.10310307121489
FGF18	1.05446030786095	1.03281490081591	1.5123773231809	0.160710267998033	0.433865518535676	-5.23825807044116
CYP27C1	-0.574225850781472	2.08573919506374	-1.51234223476227	0.160719067269593	0.433865518535676	-5.35498818207106
SMPD4BP	-0.437885938890473	3.89240872916899	-1.51232388904445	0.160723668069829	0.433865518535676	-5.59601003522788
LEFTY1	-2.02774457907126	2.89808215011342	-1.51228260238312	0.160734022495179	0.433865518535676	-5.45738170995121
ENSG00000304967	-0.814697421211453	-2.0347944402183	-1.51207349849763	0.160786473294034	0.433937584787688	-4.93783180979949
IGFLR1	-0.528727475247735	0.39429821052946	-1.51198653566385	0.160808291091462	0.433937584787688	-5.17351595425985
ZNF320	0.25901063969076	5.73437175658711	1.51188649986766	0.160833391901678	0.433937584787688	-5.79379966611876
DRAM1	0.453156361861866	3.11331269363821	1.5118862810501	0.160833446810738	0.433937584787688	-5.48718085496881
ENSG00000295447	-0.859236803100017	-3.64978023368886	-1.51153266899118	0.160922201872377	0.434006345826802	-4.81035829405304
TG	-1.22921400154232	-3.86195409256739	-1.51136667971505	0.160963879129322	0.434006345826802	-4.79541845527395
RPRD1B	0.276172158648736	5.12619407560218	1.511339772453	0.160970635996981	0.434006345826802	-5.74583168307783
C19orf67	-1.3482150517602	-2.28812132446607	-1.51133904533425	0.160970818592194	0.434006345826802	-4.91704515416521
FZD8	-0.493503959761181	3.75618912140857	-1.51131847826008	0.160975983503024	0.434006345826802	-5.57824874896452
ENSG00000289088	-0.984208732787387	-2.83983414321079	-1.51110172715105	0.161030423930934	0.434006345826802	-4.87231135640352
DPH5	-0.261192291809446	5.56999566172974	-1.51106756600733	0.161039005495805	0.434006345826802	-5.78337353917251
ENSG00000287407	-0.897434032720243	-3.05829467045983	-1.51099461602599	0.161057332471872	0.434006345826802	-4.85533441469541
CCDC122	0.542738659295957	2.80137569835067	1.51089699828256	0.161081859482303	0.434006345826802	-5.44633818620828
ENSG00000299392	-0.932838648711527	-2.38277670535202	-1.51078205265501	0.161110744384051	0.434006345826802	-4.90981761607622
UBALD2	0.479234199982331	4.10654333672539	1.51077834298609	0.161111676668684	0.434006345826802	-5.6274349686633
ENSG00000287870	1.025433382894	-3.91589040669742	1.51076799858042	0.161114276367615	0.434006345826802	-4.79236324296104
ENSG00000302141	-0.917678602205678	-2.07720943927373	-1.51074086600136	0.161121095350864	0.434006345826802	-4.93581665358303
TUBA1B-AS1	0.576953645689068	1.08882953387953	1.51073539656826	0.161122469963903	0.434006345826802	-5.246291661234
C9orf72	0.30000869397711	4.83396320750621	1.51069868125036	0.161131697757208	0.434006345826802	-5.71711080077509
IMPDH1	-0.681287725061381	5.45818346479946	-1.5105678688569	0.161164579042094	0.434045927329908	-5.77553455080181
PDCD6-DT	1.16273779887515	-2.23367814010233	1.51041125960739	0.161203952350912	0.434102982145911	-4.9228132374151
ENSG00000289136	1.28829878831199	-3.62080883431932	1.51025029495651	0.161244429368396	0.434142663967171	-4.81402360147501
CRACD	0.331934242877155	5.21003084541889	1.51020799286697	0.161255068339924	0.434142663967171	-5.7551041999143
NDUFA4P1	0.460080649649092	5.37170111267361	1.51008912571101	0.161284966684248	0.434174182252757	-5.76920207201537
DDIT4-AS1	-1.09111336815924	-2.26428071621042	-1.50992872358182	0.161325319848615	0.434233834310015	-4.92082420197591
ENSG00000262801	-1.44157641270734	-1.00735668103221	-1.50981761703865	0.161353276619937	0.43426010973027	-5.03659895965765
PSMD2	-0.37137760106147	8.70271235335521	-1.50965339374044	0.161394606408157	0.434322366799356	-5.90716911174702
GAB2	-0.529983427615763	4.18427166612413	-1.50947859892951	0.16143860681722	0.434391795818106	-5.63965565423452
ENSG00000280383	-0.896700838712844	-2.33321204589001	-1.5092095242693	0.161506360295218	0.434446426939939	-4.91591886410064
TMEM176A	-1.06833831642349	-1.4135464182794	-1.50920480878711	0.161507547882288	0.434446426939939	-4.99806989612954
GRM1	-0.836525866855653	-1.3045710849185	-1.50912367831096	0.161527981658606	0.434446426939939	-5.00854988205528
RPP25	0.437919288524233	5.50620494121396	1.50906170270612	0.161543592542328	0.434446426939939	-5.78124793681305
ENSG00000268573	-0.614195624187493	1.6365121233935	-1.50903656764537	0.161549924125024	0.434446426939939	-5.30782068761306
THPO	-0.667367513182061	0.158951821473558	-1.50888199595577	0.161588865848608	0.434501293349149	-5.15412533779603
RBM34	0.714911430992478	-0.138448446011316	1.50878238918806	0.16161396441063	0.434501293349149	-5.12479027225141
ACAD9	-0.405312408465027	4.93540951039284	-1.50873882887285	0.161624941649715	0.434501293349149	-5.73048413252235
VPS37D	-0.853650469189707	2.03784754269156	-1.50832048939872	0.161730396566415	0.434735823274088	-5.35464127079445
GORAB-AS1	1.31778609370645	-3.04262118788615	1.50782495214645	0.161855388816296	0.435022811360195	-4.8604609408784
ABCA3	0.506154593942912	5.22179794819912	1.50755804849071	0.161922746245656	0.435065426138924	-5.75971602286246
ENSG00000304191	-0.97201085490033	-3.21958079106465	-1.50755010199011	0.16192475204607	0.435065426138924	-4.84719165015136
EAPP	0.368597317161379	5.01887434641149	1.5074333130621	0.161954233584566	0.435065426138924	-5.74068475382616
TPT1	0.315813473150191	10.6017198145275	1.50743069990459	0.161954893288638	0.435065426138924	-5.94785097063508
ENSG00000289164	0.782721309439837	-1.74060926789597	1.50740101373347	0.161962387867949	0.435065426138924	-4.96995520802234
ENSG00000289912	-1.27381432515313	-4.06521867349935	-1.50722890108718	0.162005845412655	0.435077682924985	-4.78631194022152
CENPS-CORT	-1.49456575728498	-3.87008293756788	-1.50721669547995	0.162008927649313	0.435077682924985	-4.79988705075546
SCAMP3	0.539991289193168	5.76588655425067	1.50710804718661	0.16203636644391	0.435077682924985	-5.80229805106347
ENSG00000310129	0.646576806935977	-1.10702029291891	1.50705247169415	0.162050403425061	0.435077682924985	-5.03032227623583
ADGRB1	0.589162987228239	4.11693755551491	1.50702201289714	0.162058097004363	0.435077682924985	-5.63384317441824
POLR2J3	-1.19938510810991	-0.798182886137195	-1.50691095997272	0.162086150519482	0.435103446941138	-5.06115611245982
CKMT1B	0.439237924962973	3.14930633790894	1.50683969890097	0.162104154279993	0.435103446941138	-5.49883124684583
ENSG00000288234	1.22924698804474	-2.06724373256402	1.50674572636777	0.162127898635171	0.435118245443114	-4.94169437456291
DMAC2L	-0.476618290449259	3.43874668068065	-1.50662285615706	0.162158949220011	0.43513492915776	-5.53962319000222
ZNF69	-0.618069011502095	2.31414690839658	-1.5065768435793	0.162170578407771	0.43513492915776	-5.39005533731246
FXYD5	0.641696041180231	6.44275513446711	1.50648862029374	0.162192877926914	0.435145842792452	-5.83989448767739
INPP5E	-0.392497416622863	4.21650451014128	-1.50638013757554	0.162220301916793	0.435170500825908	-5.64805395630502
ENSG00000256209	-1.3806686727551	-3.84343744041079	-1.50625458413157	0.162252046343638	0.435206741973882	-4.80293435281191
NPL	0.50254492461366	2.01747745188522	1.5058425243869	0.162356267775067	0.435400852160097	-5.35551087717053
SIDT2	-0.340569318313403	4.71041622784964	-1.50578212206202	0.162371550096041	0.435400852160097	-5.7099782691283
CCDC51	-0.429993287093938	4.13415732779809	-1.50575211692716	0.162379142124147	0.435400852160097	-5.63786196781456
MYADM-AS1	-1.05294476026907	-2.16177571177744	-1.50565647160161	0.162403344772471	0.435416831013768	-4.93489071085023
MFSD4A-AS1	-1.40822217587479	-4.21047215337968	-1.50552976628999	0.162435411842965	0.435453889077395	-4.77875931153246
OBI1-AS1	-1.62500644538476	-4.01536014870664	-1.50543012333115	0.162460633729977	0.435472590435013	-4.79191777216376
ENSG00000249849	1.40934333537444	-2.9285671422377	1.5052494593382	0.162506372544984	0.435525117500315	-4.87254839637847
TKT	-0.42899315435006	9.95621624191866	-1.50520857079168	0.162516725874966	0.435525117500315	-5.93946194007524
MOCS2-DT	-0.454594286179782	1.78446411843114	-1.50492236148134	0.162589212556826	0.435670454259993	-5.3298517079813
GNG11	0.441635420216907	1.62178999283193	1.50478629628599	0.162623682894252	0.43568024753568	-5.31174605871243
TMEM177	-0.452026369319011	5.15359692755234	-1.50476382485421	0.162629376347902	0.43568024753568	-5.75718604291863
ENSG00000261829	1.57586544969415	-3.24111670985795	1.50458818469773	0.162673883216689	0.435723066972481	-4.84918985299964
DCTN1	-0.560915837723134	7.19814902342677	-1.50455666071322	0.162681872451158	0.435723066972481	-5.87163976433091
IL18R1	0.796024322436105	-1.96751356356615	1.50438502993216	0.162725375420117	0.435790679438053	-4.95337782119325
CCDC172	0.72128338402041	1.13914750555938	1.50394736127902	0.162836356276041	0.436038967265821	-5.26045948940907
SNORD62B	0.78936669128813	-1.16445738587227	1.50381497552339	0.162869938638368	0.436079966960055	-5.02881488485168
MICOS10	1.27188235761179	3.67958619697385	1.50366789901068	0.162907254660989	0.436130953112038	-5.57762820823942
USP9X	-0.539290575784982	8.61653994346104	-1.50358931549912	0.16292719578786	0.436135417437063	-5.91324783563103
HECW1	-0.491165148647309	1.90936305475069	-1.50339822474769	0.162975695268882	0.43621631927581	-5.3461310310164
ENSG00000269125	-1.18687911191025	-3.72744664968521	-1.50322479917754	0.16301972211171	0.436285232971539	-4.81487956504895
LZTR1	-0.661254597235272	2.97950231260191	-1.502997600359	0.163077415767528	0.436371831935966	-5.4806385251287
ST13P4	0.313794844159432	5.37371683424425	1.50295337916086	0.163088647122337	0.436371831935966	-5.77890800705035
CHRNA4	-0.844571838087584	1.78590393954893	-1.50266403191076	0.163162152461818	0.436519570990496	-5.33297214024492
SELENOH	0.895294823633172	-0.20001767851225	1.50252192141371	0.163198264523626	0.436530035464248	-5.12674594122783
POLA1	0.302666775016913	7.17952701448442	1.50247213293089	0.163210918042652	0.436530035464248	-5.87379613161248
SEC61A1	-0.403862417955849	7.94034340129525	-1.50241835571327	0.16322458623696	0.436530035464248	-5.89727900540022
PHIP	0.499819702672916	6.63197649051947	1.50236076687589	0.163239224306298	0.436530035464248	-5.85354477533415
LINC02019	0.971293722699767	-2.52521213867079	1.50228516225375	0.163258443400373	0.436532519452913	-4.90862202153463
CDADC1	0.466358011547539	1.34175131523587	1.50202883551839	0.16332361762157	0.436610758074078	-5.28463638397238
BORCS5	-0.340898198965048	3.80024348014194	-1.50183845493599	0.16337203883092	0.436610758074078	-5.59708239823435
BZW1P1	2.02677447484285	-2.36118796092326	1.50181495255168	0.163378017267685	0.436610758074078	-4.92280136905477
ENSG00000283959	-0.815745729090436	0.569338804634092	-1.50181078666688	0.163379076987583	0.436610758074078	-5.20431809813708
MOG	-1.21220965667486	-1.97094619874149	-1.50181041608888	0.163379171255692	0.436610758074078	-4.95630274003775
C6orf47	-0.563577866745944	4.0176648461558	-1.50132001176025	0.163503962296081	0.436861920817842	-5.62799371654362
TBCEL-TECTA	0.934861609807299	-2.2515268513899	1.50129721989014	0.163509764053537	0.436861920817842	-4.93268675086288
ENSG00000299162	-1.06272587188446	-2.28029837924108	-1.50118002486186	0.163539599314901	0.436892726309462	-4.93039396642878
KTN1	0.352185240958718	7.29274001982077	1.50021225476417	0.163786152715862	0.437502418228257	-5.88059334523282
ALMS1P1	0.947928524917991	-2.92115935304502	1.50009582407523	0.163815836828201	0.437532741447927	-4.87948798109536
CREM	0.292724081184424	4.51652227051062	1.500006378446	0.163838644243189	0.437544693090769	-5.69475373664213
DGKA	-0.3613862156925	4.09975528773789	-1.49978415130184	0.163895321052507	0.437647082967127	-5.64114113991792
ABCG4	-0.518821595449805	1.95869347956488	-1.49960128178277	0.163941972844237	0.437722683283746	-5.35683109088728
GSTM4	0.406842213941129	4.37488531970398	1.49923694068914	0.164034954122973	0.437921951907495	-5.67814222697652
RBPJ	0.464515375948637	7.8566128909482	1.49908507638305	0.164073723989992	0.437976464653745	-5.89937406993061
BAG3	0.406561860498909	5.00276575678797	1.49899270221639	0.164097310337332	0.437990439031659	-5.75032006277329
SNAP91	0.728485774825829	1.53313170337039	1.49873373274558	0.164163449951155	0.438084483575654	-5.30982316118788
LRCH4	-0.464991047033497	3.32789287925995	-1.4987110054407	0.164169255503442	0.438084483575654	-5.53445500408169
YBX1	0.25863709005276	10.0768393448776	1.49851864447505	0.164218400075289	0.438088376027486	-5.95064679530512
TMEM139	0.571825759174253	1.39682711615673	1.49850767052734	0.164221204094927	0.438088376027486	-5.29519657000286
KCNC4-DT	1.07573541378633	-2.28206056084264	1.49848976090616	0.164225780379516	0.438088376027486	-4.93359600766824
FAM161B	0.702444373728154	0.183118368800536	1.49808996278417	0.164327965983974	0.438282783147382	-5.17045351153979
ENSG00000266869	0.468484738643597	2.21101421358772	1.49806094571202	0.164335384689568	0.438282783147382	-5.38870907684865
OLFM1	0.388202330841303	6.27367110012642	1.49781628352551	0.164397948262754	0.438400651529291	-5.84354257839843
LINC02772	-1.91089315722918	-2.83078784841126	-1.49749304733451	0.164480635971884	0.438479079293591	-4.88985242048393
AJUBA-DT	-0.750866161824875	-0.230693877646555	-1.49748084847652	0.164483757292366	0.438479079293591	-5.13016991821158
ATXN1L	-0.422571601204346	5.49862015083626	-1.49730031694132	0.164529955878807	0.438479079293591	-5.79636535977429
ENSG00000294538	-0.643101232885055	0.0905339693020697	-1.49729051516922	0.164532464504886	0.438479079293591	-5.16228250728047
AGK-DT	-1.19690690526077	-3.05684755262797	-1.49718749931535	0.164558831972773	0.438479079293591	-4.87244520324772
CNN3	-0.291010345156376	7.92822834135929	-1.49717393889212	0.164562303109571	0.438479079293591	-5.9039490728794
BEGAIN	-0.95098148832066	1.63053062305188	-1.49710525786401	0.164579884748122	0.438479079293591	-5.32275183432412
TPM3P6	0.995527284668314	-0.403200776653972	1.49708213618358	0.164585804027346	0.438479079293591	-5.11346670612876
CYB561	-0.521322099453061	4.94231667677965	-1.4970551838405	0.16459270421047	0.438479079293591	-5.74676309432556
FANCG	-0.360612844509107	5.78260409951764	-1.49679578394254	0.16465912709185	0.438581457847836	-5.81716362302645
KLK6	-0.924579206771823	1.01714039464495	-1.49676158331927	0.164667886360852	0.438581457847836	-5.25693696366401
SNX32	0.762200980187972	1.63214095744144	1.49660819659614	0.164707175862104	0.438637153124395	-5.32357950485554
ENSG00000296718	-1.37744200568786	-2.46924476493652	-1.49638679555105	0.164763901331543	0.438739265098733	-4.9205536961576
ENSG00000267723	-1.88116647465339	-1.85084534151918	-1.49624890265426	0.164799239616553	0.438784410076781	-4.97398514886729
LINC02918	1.00329022763366	-1.71073121920439	1.49599392698428	0.164864600403884	0.438907369589352	-4.98703457531148
ENSG00000300394	-0.610193682360758	-1.29726163918363	-1.49592528369241	0.164882200349358	0.438907369589352	-5.02596481431623
RPS15AP24	1.38191114245512	-1.22413290021131	1.4956198966461	0.164960520454704	0.439066883204241	-5.03340283631398
ENSG00000270076	-0.870965448269111	-1.35631548313462	-1.49519314190772	0.165070020722598	0.439309342616666	-5.02122571417147
EFNA3	0.743488173320618	3.46495150859579	1.49507918922742	0.165099270295196	0.439338196469557	-5.55862393753847
SNRPD3	0.294543365288218	5.42217356767313	1.4948951515672	0.165146518883368	0.4394149349152	-5.7936084323424
ZNF282	-0.383485798687752	5.39789378222697	-1.49480031629576	0.165170870824212	0.439430740604333	-5.79177537600318
SH3BP4	-0.530285787268375	6.38203080904398	-1.49470149975323	0.16519624839065	0.439449271103394	-5.85285985740209
TRIM38	-0.911157337515134	1.69025372093478	-1.49460622507617	0.165220719550904	0.439465386550921	-5.33268887740034
UBE2D3	0.421672238323765	8.54906256887574	1.49436493241652	0.165282709260472	0.439581281693747	-5.92394208861037
MT-ND4	1.19301653560379	11.1500003848948	1.49392894116062	0.165394769434802	0.439791166966065	-5.97458572053953
RMND5A	-0.229688510847499	6.81803977672184	-1.49386175243013	0.165412044394541	0.439791166966065	-5.87227232854113
DYNLRB1	0.650045545130249	-1.19581217664897	1.4938428432508	0.165416906433752	0.439791166966065	-5.03839624053958
SGIP1	1.05435410116703	0.651071918106099	1.49370804954482	0.165451568968648	0.439834327976689	-5.22308978688616
SLC38A2	0.300434329386352	8.76272778666401	1.49349027618157	0.165507583217778	0.439934234175153	-5.93020561173995
CCDC167	0.572009458033209	3.30992790740994	1.4934012212055	0.165530494090296	0.439946136130634	-5.5389464462043
SRD5A1	0.336491348820124	5.36053529650408	1.49316885021327	0.165590288321903	0.440056052931617	-5.79083713245655
TMEM14DP	-0.671767385871877	2.17092071222461	-1.49299496305415	0.165635045594134	0.440064062560908	-5.39052661221219
NAIF1	-0.412383124497328	3.31789967398735	-1.4929826683215	0.165638210564087	0.440064062560908	-5.54061405053546
LINC02562	0.506975349238064	1.838062747863	1.49294224525071	0.165648616836938	0.440064062560908	-5.35161677108652
RPS3A	-0.440930231229538	8.07519417900839	-1.49240081035649	0.165788055164585	0.440385477196788	-5.91437475320359
PTENP1-AS	0.65681013217081	0.0314292463442924	1.49226195730607	0.165823831024914	0.440431490660095	-5.16287459147055
AKR7L	0.800607564170514	-1.04226455424795	1.49209296506613	0.16586738134489	0.440498140709747	-5.05567244113975
HMGN1P36	-0.835813361564286	3.94834305053136	-1.49199167940983	0.165893488014996	0.44051845554672	-5.63076452821372
PTGER1	-0.969892893967982	-4.15015231537413	-1.49185252333886	0.165929361694308	0.440560712948029	-4.79901782217572
FOXE3	1.0022340209002	-1.99107481915575	1.49178675178931	0.165946319579452	0.440560712948029	-4.96706237375801
ENSG00000278948	-0.688517934302528	1.67476539765288	-1.49147316625217	0.166027191998315	0.440726392105859	-5.33503306970792
PSD2	-0.649740164668348	-0.241876814857298	-1.49136285446969	0.166055649062713	0.440752911052022	-5.1368839871049
BCAN-AS1	-0.770297617829254	-2.44153207467198	-1.49119130717793	0.166099911402134	0.440821370558738	-4.92929142786759
FMN1	-0.840816206721451	1.90423635203296	-1.49046297192158	0.166287948948526	0.441271345069431	-5.36244199849513
LINP1	-1.29797348107578	-0.250561424441211	-1.49030719742705	0.166328189846221	0.441321028024712	-5.13736657050902
DHX9-AS1	0.590849188343759	1.06135467482315	1.49020474871932	0.16635465979873	0.441321028024712	-5.27008198457498
ALS2CL	-0.937354167969606	2.11553409838893	-1.49017578487061	0.166362143928367	0.441321028024712	-5.38759017857583
ENSG00000293728	1.38903580302828	-3.05256908149982	1.49007183720862	0.166389005940903	0.441340029408528	-4.88150211682206
AP3M1	0.295979367701261	6.47798677009818	1.48994808617774	0.166420990406508	0.441340029408528	-5.86353392733263
ENSG00000274227	0.884393939743165	-2.22151302318498	1.48989833098968	0.166433851540983	0.441340029408528	-4.94942755987437
EXTL1	-0.725042146863172	0.624884622268827	-1.48977935692534	0.166464608432677	0.441340029408528	-5.2254929658444
CALCOCO1	0.386756968310461	4.24319349916722	1.48977856842777	0.166464812289594	0.441340029408528	-5.67357663107087
DDB1	-0.313569221375872	8.97090196825671	-1.48971883377427	0.166480256620647	0.441340029408528	-5.93998795539978
INKA2	0.523055685105045	4.00812826782246	1.48952341229443	0.166530791298832	0.44141321319106	-5.64230889343057
CSTF2T	-0.288266129486384	6.03406114695522	-1.48946904726714	0.16654485208805	0.44141321319106	-5.84208409831857
PGGT1BP1	-0.868069279490742	-2.09728563940254	-1.48909791501583	0.166640867937268	0.441618653681855	-4.96111827244921
ACER2	0.410917702500893	2.73960150753875	1.48882079117539	0.166712594039131	0.441702383491659	-5.46727306031484
ENSG00000279249	-0.734436586866486	0.283625565421858	-1.48874705327699	0.1667316836219	0.441702383491659	-5.19246164671009
ENSG00000285128	-1.08467660286106	-2.09088186091282	-1.48871120255074	0.166740965494491	0.441702383491659	-4.9621570117539
SHPRH	0.280029705354012	5.48715407583881	1.48862697312903	0.166762774531399	0.441702383491659	-5.80701072705945
NXPH1	0.881899486245089	-1.66507779746167	1.48861839112391	0.166764996758844	0.441702383491659	-5.0004810039435
NBPF1	0.51279852096044	4.1777770035747	1.48853918485863	0.166785507666428	0.441707691020267	-5.66657648276239
ENSG00000260879	-0.923659085608547	-2.45560874491719	-1.48804514395035	0.166913491594988	0.441948677590762	-4.9320130571881
BCL7C	-0.512205731494405	3.98296962955923	-1.48804496999424	0.1669135366742	0.441948677590762	-5.64080090808533
TUG1	0.298404758896862	7.93819323463128	1.48744848700901	0.167068171983075	0.442242846128425	-5.91718297000677
C10orf90	2.21324878269775	-1.6149714743861	1.48740613512811	0.167079156211071	0.442242846128425	-5.00664458504477
ENSG00000261549	0.719073264959993	-1.01797029018802	1.48740201215267	0.167080225564168	0.442242846128425	-5.06400485153468
ENSG00000305731	0.933814218849184	-1.43634389445031	1.48672102169726	0.167256931491526	0.442661475261506	-5.02427976347313
LETMD1	-0.545131472757762	4.39527316777508	-1.48657741063072	0.167294216848709	0.442677611690057	-5.69748319183021
SMG9	0.331855629227214	4.82479975046542	1.48655466107818	0.167300123913534	0.442677611690057	-5.74822798473234
CASP6	-0.424841084730526	4.48868835677794	-1.48630356456672	0.167365334687417	0.442760393242323	-5.70946457529319
AKAP17A	-0.455232619319145	5.12477388301384	-1.4862913336696	0.167368511661802	0.442760393242323	-5.77904973144094
ATP5PO	0.488286085268141	5.27125375187548	1.48614459589539	0.167406630850149	0.442801611983917	-5.79259261981018
MRPL14	-0.31582514637407	5.23486627468613	-1.48608852582301	0.167421198581425	0.442801611983917	-5.78945166266363
TVP23B	-0.364782284112172	3.90070996162916	-1.48586259405395	0.167479909687886	0.442907812135267	-5.63223255275557
TPD52L2	-0.269439334240926	6.51276893385727	-1.4856070007576	0.167546350157558	0.443006779180316	-5.87082123335852
PSMB3	-0.300047021354294	7.11222748089412	-1.48549264529792	0.167576083785095	0.443006779180316	-5.89410040522977
NOPCHAP1	0.377632602645244	4.81987054557368	1.48543267708012	0.167591677978244	0.443006779180316	-5.74917448059145
NANS	-0.399341072042338	5.14887328233317	-1.48541499973553	0.167596275051342	0.443006779180316	-5.78246668329442
TBC1D22A-DT	-0.489333543780015	2.5108770462145	-1.4853616859809	0.1676101401935	0.443006779180316	-5.44235313457978
RPL36AL	0.53712214039262	6.93117661364366	1.48525823268677	0.167637047798242	0.443021433956649	-5.88794694953451
ENSG00000290034	0.89671481855882	-3.3357175470488	1.48519764145367	0.167652808962017	0.443021433956649	-4.8656930487544
ENSG00000299022	0.407820331362278	2.74254836944696	1.48508258920918	0.167682740203996	0.443051473535788	-5.47255300404246
ENSG00000293461	0.668563435721136	-0.573717693682109	1.48462344577063	0.167802233966196	0.443168893029015	-5.11217275149916
CSGALNACT2-DT	-0.813375604660043	-1.18005528864714	-1.48455482553099	0.167820098954846	0.443168893029015	-5.05164546642497
ENSG00000267199	1.21771530347603	-1.46365218130754	1.48453273981664	0.167825849226653	0.443168893029015	-5.02443409039564
ENSG00000260773	-0.816259228668038	-3.32862349349051	-1.48452978892704	0.167826617537868	0.443168893029015	-4.86704173937708
TRAV18	-0.831723432686787	-3.58350710707119	-1.48449708445083	0.167835132873897	0.443168893029015	-4.84804581789972
ADA2	0.427234087516182	7.12753127382289	1.48448380778173	0.167838589855837	0.443168893029015	-5.89597087644685
EEF1A1P38	3.15250552834387	-0.0167435288445244	1.48424888094638	0.167899770334161	0.443281395859006	-5.16834314511993
RUFY1	0.419655888775443	5.02743316303236	1.48403609870241	0.167955200471508	0.443378693690243	-5.77264992801711
ENSG00000260306	1.1456688269316	-1.80450610736203	1.48368011522559	0.168047970131538	0.443504300376318	-4.9938753202492
ENSG00000279144	-1.3331187020848	-3.47139296193873	-1.48365922469708	0.16805341559986	0.443504300376318	-4.85736434906609
RPL29	-0.274751899841728	8.53756698117665	-1.48363961167924	0.168058528202263	0.443504300376318	-5.9379311878159
MT-ND4L	1.17642949176468	8.3588503271881	1.48296110158798	0.168235480854534	0.443856954650154	-5.93437367437349
ENSG00000290015	-0.694494466056932	-0.835474959378517	-1.48287409740611	0.168258182828301	0.443856954650154	-5.08795488169805
CRH	-1.11767343810899	-3.56926892604274	-1.48272036046974	0.168298303828494	0.443856954650154	-4.85124268273222
SNAI1	-0.453800830245381	3.60036089088651	-1.48259363855124	0.168331380885135	0.443856954650154	-5.59420910843134
HRH1	-1.06149679124877	-0.703473725176847	-1.48248425427758	0.168359936971528	0.443856954650154	-5.10176641198951
MLKL	0.805574528272438	0.655344857802143	1.48248298646728	0.168360267973257	0.443856954650154	-5.23798467480759
HOOK1	-0.372826259675819	5.36910285526441	-1.48245362072823	0.168367934979778	0.443856954650154	-5.80576152520073
ENSG00000260643	-0.801336632291965	-0.884069694965329	-1.48244434660091	0.168370356394568	0.443856954650154	-5.08363446140731
SPNS1	-1.06198829245528	-1.7109903118028	-1.4824245917111	0.168375514369086	0.443856954650154	-5.00399415733329
ENSG00000250385	1.11084875120428	-4.14570067192585	1.48241131489806	0.168378981003377	0.443856954650154	-4.81062158092962
PRND	1.31394673039242	-1.74027325679643	1.48234334687126	0.16839672871987	0.443856954650154	-5.00140711419105
SERPINB1	-0.356087598751066	4.32713150258405	-1.48217608493271	0.16844041080553	0.443877989192923	-5.69459486168838
TFDP1P3	-1.10229838610591	-1.48325640972933	-1.482170363976	0.168441905062232	0.443877989192923	-5.02554117209352
MED29	0.315930480844294	5.93345142678027	1.48182269309522	0.168532734713975	0.444068313029194	-5.84643078131407
MPHOSPH10	0.460259084875795	5.81807855402831	1.48152853074647	0.168609618198743	0.444215440699695	-5.83970316531366
DUSP12	0.408434174909301	4.90536675342388	1.48142528661473	0.168636609691406	0.444215440699695	-5.76367355035995
ABRAXAS1P2	0.896018835111454	-1.71933644378761	1.48139545666185	0.168644408940375	0.444215440699695	-5.00451107881187
RPS11P5	0.746252884966522	4.45251740419919	1.48110859877392	0.168719425835907	0.444363996515736	-5.71182629317443
STX6	0.319070160068767	6.19968004232058	1.48095056290374	0.168760766485592	0.444423834680748	-5.86223743942843
SLC41A3	-0.419394019529017	4.99634559333457	-1.48080501043654	0.168798849335924	0.444440145855431	-5.7737905771568
EFCAB10-AS1	0.60948396689369	-0.0932846712009788	1.48078454956244	0.168804203384568	0.444440145855431	-5.16515419811729
CWF19L1	-0.348691485379935	4.9507584194237	-1.48065851802698	0.16883718560859	0.444477951568523	-5.7693524102969
ATP8B4	-1.18885771659683	-1.81280952292319	-1.48056296959298	0.168862194168586	0.444494759922979	-4.99700655964747
WARS1	-0.53147401952334	7.67091388600215	-1.48047250242098	0.168885875722153	0.44450807188582	-5.91871706456761
KLHL25	-0.800383857514126	4.21835673199039	-1.48036992533573	0.168912730751621	0.444528445022478	-5.68273988522351
HOMEZ	0.493352495056659	3.9113282362937	1.48025006052465	0.168944116437852	0.444528445022478	-5.64109649828513
CD99	0.458175167325859	6.74884045850467	1.48022953281123	0.168949491967943	0.444528445022478	-5.88768365173805
WNK3	0.313119339076242	4.94657184893949	1.48012887288537	0.168975853615175	0.444548798306148	-5.76962463571903
IPO8	0.265888063373389	6.57201533503586	1.47996228999149	0.169019487511579	0.444569302832295	-5.88082922357657
LINC01574	-0.996144141914039	-1.49308819064912	-1.47995689272362	0.169020901407812	0.444569302832295	-5.02738309916952
OR7D2	0.779640175975115	-0.142364944422304	1.47976555028148	0.169071033062784	0.444652159350906	-5.16157597379624
ENSG00000305946	-3.92339944270111	2.63577795078043	-1.47957753073563	0.169120306623479	0.444732741095481	-5.46584849484416
ENSG00000307216	-1.09364873424962	-3.47387697337083	-1.47938685081245	0.169170290039414	0.444815171573282	-4.86235019679049
B3GALT1-AS1	-1.6449591591299	-3.60818073204647	-1.4793120427162	0.169189903159573	0.444817737244936	-4.85249303700765
C1orf226	0.443993229197451	5.45850247167306	1.4791320970063	0.169237089205234	0.444871434193347	-5.81737523942616
SYNE2	0.492152728373479	6.1904099007458	1.47903620679916	0.169262238537678	0.444871434193347	-5.86429424661165
GRIP1	0.296495157019575	4.33257617086903	1.47902092804985	0.169266246026303	0.444871434193347	-5.6994643103814
SBK2	-0.840819321097304	2.40849123676911	-1.4788913180566	0.169300244941717	0.444901310333993	-5.43792616380166
SERF1B	0.864450336234966	-0.557972608414004	1.47883547587283	0.169314895117261	0.444901310333993	-5.12110193621224
ENSG00000294588	-0.678053526115723	-1.8887674605321	-1.47865383570109	0.16936255591507	0.444977556365586	-4.99252728795147
LINC02554	1.06939731050191	-2.01534352512238	1.47844930010896	0.169416238131648	0.44506960434651	-4.98151597762944
PREPL	0.422660008641119	6.75775926048018	1.47832050756865	0.169450048433278	0.445109432748959	-5.89055945695321
SH3BGRL3	0.57727274361697	6.64781934466158	1.47824933217288	0.169468735721674	0.445109531800285	-5.88625963761753
CCDC88A	0.553104030101824	7.09580565211872	1.47799555211251	0.169535380824408	0.445188130578845	-5.90346655975665
ENSG00000304171	-1.51781262900271	-2.89452453842289	-1.47796436460659	0.16954357252595	0.445188130578845	-4.90874986395842
ENSG00000279070	-1.03345639594492	-3.464444873639	-1.47792230801028	0.169554619640579	0.445188130578845	-4.8648255467147
ENSG00000304694	0.970575035180662	-2.25703766336848	1.47770297772521	0.169612241759235	0.44529043824306	-4.96149745084057
ENSG00000309998	0.825078803279023	-3.78138296381524	1.47757241641515	0.16964655065048	0.445331524898263	-4.84199217845592
WASH7P	-0.693296950472397	2.41087863692793	-1.47727975170732	0.169723478817108	0.445470407097455	-5.44032021678932
SRGAP2D	0.662589301132611	2.45915174830529	1.47722913591064	0.169736786447574	0.445470407097455	-5.44642818852139
HDAC1	-0.272648995932745	7.17987890557061	-1.47705102551279	0.169783621424288	0.445543490005233	-5.90761859913892
COL6A4P1	0.754190123725281	-1.81462812211809	1.47698126385989	0.169801968621427	0.445543490005233	-5.00129801661
OSBPL3	0.371084223411597	4.68174039232155	1.47686199541498	0.169833339983502	0.44557681932354	-5.74500566352815
ADRB1	-1.11708557294385	-2.89472439028152	-1.47675727085506	0.169860889967942	0.445600116604185	-4.91020820300969
FBXO32	-1.45878219172428	-1.42018626984091	-1.47640819977738	0.169952748256578	0.445792091728734	-5.03873467141936
TMSB15B-AS1	0.700331609545234	-0.689092143935918	1.47633136519673	0.16997297308141	0.445796148190551	-5.11099437655999
FBXW4P1	-0.73302714758393	-1.00054986773346	-1.47607375567361	0.170040797640413	0.445906494574228	-5.08001265492657
ZEB1-AS1	0.773470633690386	2.98526323185298	1.47602965176681	0.170052411849609	0.445906494574228	-5.51682095325528
ST13P5	-0.410901805417923	4.19160932022694	-1.47590794961254	0.170084464130655	0.445941547336739	-5.68507336792667
NGF	0.616272540262886	-0.729340611104506	1.47577018561227	0.170120752853034	0.445949484256884	-5.10765051124246
DLGAP5	0.239385038139825	8.07680722270675	1.47575008549233	0.170126048028641	0.445949484256884	-5.93652234275156
USP12-AS1	0.759001087162195	-3.27969939263193	1.4756836696319	0.170143545633854	0.445949484256884	-4.88149947858045
NFKBIA	0.393173240119194	4.35019452844858	1.47537817667613	0.170224049339103	0.446089831897157	-5.70652895069398
PCMTD1-DT	0.685665754248295	2.97022343709407	1.47533862693426	0.170234473914581	0.446089831897157	-5.5156868061415
CHMP4C	-1.79338129162204	1.47097378876289	-1.47516509272182	0.170280220809565	0.446134979676033	-5.33356181929686
ERAP1	0.380975055758936	5.21271626796614	1.4751110055768	0.170294481369236	0.446134979676033	-5.80196881585231
ANKRD18A	0.806986598047934	2.69237964909351	1.47506056801981	0.170307780610397	0.446134979676033	-5.47907643879497
PSMD6-AS2	0.930297123962635	-1.23529136295327	1.47490519764791	0.170348753886953	0.446152992615599	-5.05839384340036
ENSG00000277782	-0.590926534480002	0.361943613901375	-1.47489272493713	0.170352043478692	0.446152992615599	-5.21803876971118
TM6SF1	-1.18685392421543	-0.805942113573604	-1.47479176015978	0.170378674261324	0.446173778647686	-5.10113076950287
CREB1	0.24507869513228	6.22468669133937	1.47467156150199	0.170410382912757	0.446174316279255	-5.871804202196
NTF3	1.0722585130636	0.894423559929116	1.47464925508216	0.170416267951636	0.446174316279255	-5.27264895768952
GALNT11	0.269294550249362	5.48714687524519	1.47390465029694	0.170612815484835	0.446619454771443	-5.82648123610669
CARD9	-1.24913333308412	-4.00219780694455	-1.47386338273795	0.170623714275192	0.446619454771443	-4.83076148286524
SRP14	0.411817376079311	8.05365544844446	1.47354408957214	0.170708060106877	0.446791234847114	-5.93880868419551
SERTAD1	-0.697758124554702	2.13453836544034	-1.47340519733628	0.170744761684116	0.446793522387015	-5.41166994524434
ACSM1	-0.979483580062403	-1.80717606670456	-1.4733990948358	0.170746374395272	0.446793522387015	-5.00642445516089
TICRR	0.338896715210977	6.23181145917849	1.47332497560397	0.170765962973709	0.446795794594773	-5.87393861327173
ENSG00000302646	1.17510430423882	-1.63504033073974	1.47324306853205	0.170787612012286	0.446803456746379	-5.02245742923767
ENSG00000295478	0.90032132666819	-3.60396208202435	1.47292260630717	0.170872336826387	0.446964862987323	-4.86049989839775
C12orf76	-0.452664064964656	3.76823339838992	-1.47286805419539	0.170886763093783	0.446964862987323	-5.63072546492898
NDUFB8	0.897819306015337	4.12472298756771	1.47244301296366	0.170999200906274	0.447181625974992	-5.68059401578987
SLC39A9	0.378585371182562	6.03162343297405	1.47241312287335	0.171007110247361	0.447181625974992	-5.86452003326955
ASTN2	-0.581452298306783	4.27725502430977	-1.47222543249009	0.171056782986527	0.447262515286967	-5.70117295524697
GPALPP1	-0.306254502261724	5.17046002969701	-1.47193077135018	0.171134790894203	0.447417466784088	-5.80226633488705
KCNQ1OT1	1.42605634915427	0.943830026405585	1.47161816996986	0.17121758177087	0.447584887636951	-5.28169158101272
COPA	0.279451947626435	8.00644148803112	1.47122500771302	0.171321757782267	0.447808169202646	-5.94057320930286
BAP1	-0.484910525510228	6.64456535033022	-1.4709454678516	0.171395860538922	0.447918380644505	-5.89577209305135
CPA6	-0.792279098305776	-2.61667262923731	-1.47092436099664	0.171401456841089	0.447918380644505	-4.93978591523818
TPH1	0.721953270244043	-1.91233445354153	1.47082399174333	0.171428071044968	0.44791960345748	-5.00012124604188
UBE2SP2	-0.590234019219467	3.25663851301771	-1.47071833874241	0.171456090149099	0.44791960345748	-5.56121159358476
TRPT1	-0.353291579443208	4.35657170504781	-1.47071028287114	0.171458226722568	0.44791960345748	-5.71347498630773
KLHL7	0.287323336390112	6.53773166741974	1.47063647949424	0.171477801878747	0.4479217136303	-5.89168978950758
BUD23	-0.365432322432442	5.78568304415704	-1.4704884042511	0.171517082257052	0.447975290241744	-5.85221230513911
GHRHR	0.56296913676374	1.16243886579448	1.47027640765052	0.171573332744714	0.448065869062241	-5.30648173399353
LINC01838	-0.791467592935187	-0.703982501642614	-1.47021620648376	0.171589309223148	0.448065869062241	-5.11720838348843
CIR1P2	1.55399814061607	-2.11100243267673	1.46984384240113	0.171688157494757	0.448237321323223	-4.98377429457505
RELL1	0.527214952520039	3.1362252161394	1.4698273787895	0.171692529079352	0.448237321323223	-5.54564612566393
GMFB	-0.282144116806678	7.00045975851705	-1.46965872238362	0.171737317955441	0.448278993706176	-5.91110929719766
NDUFAF1	0.315941436855941	4.21360668963087	1.46962582295025	0.171746055995696	0.448278993706176	-5.69623063494988
GNAQP1	-0.54603029330187	-0.0837429675782946	-1.46952574322485	0.171772639375194	0.448299353085593	-5.18041790177162
INSR	-0.410312137960003	5.26138283076806	-1.46918345770062	0.171863584738593	0.448487664219988	-5.81411437231219
PRR16	-0.781440970142198	0.244756232181613	-1.46899867729998	0.171912698178737	0.448566783364153	-5.21382669423294
SORCS2	-0.619871571800887	2.59225603394215	-1.46889180304593	0.171941110183774	0.448591875465253	-5.47414988995126
LINC01128	0.339680207351513	3.26550754251147	1.46879878742153	0.171965841230052	0.448607359562537	-5.56495785738662
ORMDL3	-0.388177992507245	5.67435270537704	-1.46870766961394	0.17199007065381	0.448621531835464	-5.84704460666331
ENSG00000286264	-1.15209764350207	-2.79945000126285	-1.4684272895431	0.172064645844676	0.448767009329569	-4.92799179256425
PLEKHH3	-0.603437647700817	3.95164345085855	-1.46834841300312	0.172085630359945	0.448772698841871	-5.66231567338098
AGPAT1	-0.353557594824592	6.93867380432088	-1.46791347997748	0.172201380628051	0.448967209812596	-5.91115571058236
TWF2-DT	-0.582841933772345	0.142477154514153	-1.46787150145202	0.172212556068258	0.448967209812596	-5.20505770300463
ZIC1	-2.68297499857833	1.47148805950998	-1.46777185143466	0.172239087199719	0.448967209812596	-5.34314195227819
RUNX2	-1.14088340107208	-1.61472820303869	-1.46772065835345	0.172252718373572	0.448967209812596	-5.03122165738429
MRPL46	-0.526810751428034	1.81560121862234	-1.46771481900506	0.17225427327498	0.448967209812596	-5.3817630027641
UNC119B	-0.325961217880222	6.96208549638883	-1.46752307535552	0.172305337478141	0.449045900444662	-5.91253006162824
CHDH	-0.441890739784657	3.74279166592146	-1.46746016848546	0.172322093357886	0.449045900444662	-5.63419755930423
HARBI1	-0.468918817549701	2.16073954777419	-1.46735593203858	0.17234986087543	0.44906922811287	-5.42263737529195
DNAJA3	-0.316824120171012	6.34242701447537	-1.46726141970828	0.172375041317817	0.449085810624641	-5.88733944129421
ENSG00000236773	0.745645840892249	0.669359516307596	1.46715819596606	0.172402546315827	0.449087095341791	-5.25904617790473
SYF2	0.470012989570233	5.33095152018364	1.46710030402088	0.172417973856887	0.449087095341791	-5.82281205626909
WDR81	-0.78819812157776	3.74063827267755	-1.46703401927454	0.172435639442721	0.449087095341791	-5.6344497191979
MT-CO1	0.920336788941382	12.2714484636263	1.46697714087312	0.172450799380212	0.449087095341791	-6.02546917818951
LIN52	0.301001222005546	4.08012873983399	1.46684796128026	0.172485234190333	0.449127763955998	-5.68188059343128
ERVH48-1	-1.22596049498498	4.07419878308974	-1.46671835413572	0.172519788918709	0.44916055473725	-5.68124638969456
TECTA	0.630182767975767	0.627484126556608	1.46665956042602	0.172535465950103	0.44916055473725	-5.25540649511944
NOTCH2NLA	0.824567947669506	-1.11354158451017	1.46645014593242	0.172591315178183	0.449256943980553	-5.0808963562498
ZMPSTE24	0.566771241934523	6.40134656061478	1.46635174645742	0.172617562931029	0.449275657623246	-5.89127572145875
ENSG00000269399	-0.789136283716838	-1.17511039947814	-1.46628206364336	0.172636152682063	0.449275657623246	-5.07504685556203
CPAMD8	-0.654190027454511	3.22121133284017	-1.4659242444412	0.172731637649097	0.44947514127464	-5.56250309029468
ENSG00000289639	-0.827417955016139	-2.84894448475833	-1.46551303251475	0.172841426725609	0.449711238659903	-4.92756504870548
C16orf95	-1.35842450018906	-0.349156751847042	-1.46544328772122	0.172860053775755	0.449711238659903	-5.1590966729107
ZC3HC1	-0.322576654326273	5.3549827701418	-1.4653582619558	0.172882764319065	0.449721300926771	-5.82711191449498
ZNF768	-0.413331150674671	5.33236144940067	-1.46465719238858	0.173070119205746	0.450159604956793	-5.8261409262305
DNASE1L2	-1.02127630618709	-2.77975624703703	-1.46452667006946	0.17310501946858	0.450201318476255	-4.93432997246511
ADGRF3	-1.30726349135569	-1.84204242589297	-1.4643406347593	0.173154773772297	0.450281650209568	-5.0144832178021
ZNF638	0.309129813005625	7.18021476194667	1.46421239965596	0.17318907683392	0.450291914856245	-5.92456432204715
FRAT2	-0.678179513347621	5.34499926596399	-1.46418482277213	0.173196454450929	0.450291914856245	-5.82781745436998
DOCK3	-0.694763560330196	3.28981642677229	-1.46383398607231	0.173290337053655	0.4504645842241	-5.5748376235181
ENSG00000295225	-1.4327228967311	-3.50342718328373	-1.46372332849522	0.173319957691226	0.4504645842241	-4.87901666412291
ACVR1B	0.298048201986791	5.95039819735656	1.46369239113281	0.173328239732267	0.4504645842241	-5.87134496174908
ALK	1.47623986147205	-1.91434461011232	1.46365457266421	0.173338364332096	0.4504645842241	-5.00880305059666
ENSG00000271843	-1.05671564426638	-1.97835016876966	-1.46337768938083	0.173412505845578	0.450608195646861	-5.00341839690391
RNF38	0.295951773536926	6.30535033071338	1.46294365516127	0.173528782823881	0.450861251867796	-5.89124858297638
KIF1A	-0.450669188513237	8.63706651368136	-1.46271624243124	0.17358973304562	0.450970519059521	-5.96798961756833
CSDC2	-1.62955290202738	0.865770825871818	-1.46249041200012	0.173650277403326	0.451078708182976	-5.28523271259839
PRPF40B	-0.419206303911007	4.8027446949637	-1.46234430009027	0.173689459175115	0.451131387760635	-5.77768723451037
ZNF451	-0.303993028026396	5.96881076101791	-1.46221616245901	0.173723827171387	0.451171554200163	-5.87437058631252
SLC12A6	0.351885873151676	4.54981641616263	1.46194723559565	0.173795975483704	0.451236387148786	-5.74898444880596
FAM20A	1.90160557645191	2.8105484477368	1.46192339124775	0.173802373742958	0.451236387148786	-5.51167855887375
CCDC91	0.347488032078279	4.27630945844359	1.4618159182993	0.173831214947836	0.451236387148786	-5.71467995312272
EEF1A1P22	2.64285622367627	-1.24636834743902	1.46177721582285	0.173841602067252	0.451236387148786	-5.07372412761501
PAXBP1	0.30666741343745	5.76037572000893	1.46177080540146	0.1738433225723	0.451236387148786	-5.86200455033953
RIPOR3	-0.73207994038899	1.29184408363765	-1.46142054894178	0.173937350816726	0.451304475395785	-5.33171919438643
ELF2P1	0.985782121014126	-2.91606045721619	1.46135480133589	0.173955005990863	0.451304475395785	-4.92725162472762
TTC19	0.291430237357837	6.69431327846541	1.46134354939596	0.173958027623459	0.451304475395785	-5.91042418476853
PLCH1	0.378364609102041	5.47545697611087	1.4612750966925	0.17397641110764	0.451304475395785	-5.84218346236567
LRP2	-1.39254354829893	1.09596910566077	-1.46125409123049	0.173982052616026	0.451304475395785	-5.3109784115577
BNC2	0.499010510921326	4.91921094310123	1.46121521609361	0.173992493858628	0.451304475395785	-5.79169720090495
PHF21B	0.554998223315685	4.41389611560239	1.46118012869244	0.174001918238237	0.451304475395785	-5.7331743199855
RAD23BP1	1.40775375222833	-2.01906113653859	1.46088410943997	0.174081445665946	0.451422892559736	-5.0028883233003
AGBL5	-0.396265991169038	6.31622844058928	-1.46086938397811	0.17408540256923	0.451422892559736	-5.89450170771668
STX4	-0.437498109886446	4.40358172329472	-1.4604926604003	0.1741866588784	0.451636391901225	-5.73278912059525
KIZ	0.367701353188681	5.10838532030595	1.46030512032852	0.174237085040556	0.451718065246898	-5.81173656961271
INTS6L-AS1	0.980704482902502	-2.81272179233206	1.45977622224278	0.174379363841189	0.452037827391948	-4.9374462134567
PCYOX1L	0.287439635381472	5.37065654944099	1.45956527674975	0.174436138104825	0.452135893586865	-5.8360200580592
ENSG00000260179	0.730861814349506	-3.62821500567593	1.45921293459184	0.174531003553559	0.45233265955183	-4.87515290924655
UBAC1	-0.266265447847009	5.77979653525541	-1.45901997434517	0.174582975417848	0.452412294507481	-5.86689180964463
ENSG00000298455	0.995922476013502	-3.50974020351825	1.45888553992985	0.17461919180819	0.452412294507481	-4.88434707376686
MINK1	-0.417032924696194	6.16146515226298	-1.45884737118381	0.174629475576357	0.452412294507481	-5.88939238470067
EPCAM	-0.831972203811639	7.05365056359797	-1.45881739402343	0.174637552658374	0.452412294507481	-5.92725735666706
RNASEH2A	-0.88467987091237	-0.0786005018561649	-1.45843216492926	0.174741377815408	0.452590337101956	-5.19496888554009
FBXO3	0.273791746624591	5.00566800725671	1.45842167536289	0.174744205656116	0.452590337101956	-5.80414835861967
TFIP11-DT	-0.553468428041068	2.08075218720512	-1.45826424513243	0.174786651372237	0.452651151074346	-5.42480749666531
TMEM121B	-0.464727544851329	3.60857779004167	-1.4580507489526	0.174844227517716	0.452720148221271	-5.62745564726506
MRO	0.457874959149416	1.16225642558093	1.45781482376747	0.17490787131806	0.452720148221271	-5.32242168827563
TAGLN2P1	-0.75953932878865	-0.918641927393872	-1.45780021288755	0.174911813441839	0.452720148221271	-5.11113066374369
HLCS	0.304395776153447	4.78531056609322	1.45774868749249	0.17492571598475	0.452720148221271	-5.78176719443682
SFRP2	0.756896235265138	9.52184776759749	1.45735056466757	0.175033169185985	0.452720148221271	-5.99451649837149
PPP1R3G	0.977344206183778	-0.594336194383244	1.45729611937494	0.175047868355752	0.452720148221271	-5.14456320375885
PHLDA3	-0.582755400446641	3.8986928975229	-1.45726741235749	0.17505561911883	0.452720148221271	-5.66940559108428
DEDD2	-0.409457636835572	4.9764023114561	-1.4572116679827	0.175070670686304	0.452720148221271	-5.80277655136638
ENSG00000288597	-2.16273683786358	3.04561082211779	-1.45717722273328	0.175079971821501	0.452720148221271	-5.54956798467896
SLC29A2	-0.518264203402665	5.31194282564278	-1.45714746157187	0.175088008469869	0.452720148221271	-5.83423739666239
ENSG00000289483	0.619592777874894	-0.0115520727470744	1.45714710329357	0.175088105220604	0.452720148221271	-5.20328379108192
TMEM86B	-0.652650126239417	-0.655772575015891	-1.45709427230551	0.175102372388993	0.452720148221271	-5.13857004379525
EXOC8	0.421083295062207	3.66133424379589	1.45708963141317	0.175103625723735	0.452720148221271	-5.63622009198852
TWF1	0.338582544499846	5.28399434893627	1.45700906342167	0.175125385410033	0.452720148221271	-5.83203405398102
TMEM184B	-0.455914884747499	6.4231619637882	-1.45695420276833	0.17514020342468	0.452720148221271	-5.90461104684412
SLC25A35	0.410403995467775	2.48812636602238	1.4568336335535	0.17517277328772	0.452720148221271	-5.47650690424725
GPKOW	-0.30573754165352	4.39529592513058	-1.45683011122075	0.175173724868295	0.452720148221271	-5.7365395488492
ENSG00000237087	-1.89383331116567	0.432360676092273	-1.45666863800823	0.175217352649328	0.452720148221271	-5.24831607091556
ROCR	1.07206203842528	-2.3422533979648	1.45663602361744	0.175226165729568	0.452720148221271	-4.98013002362148
MRPL18	0.448278748676843	6.02320240623613	1.45663223163893	0.175227190424976	0.452720148221271	-5.88477949566618
ENSG00000302993	1.11709935011265	-1.67172437999075	1.45662467061283	0.175229233634598	0.452720148221271	-5.03965598029689
MPV17L	-0.500882772295584	2.40876224069502	-1.45661961447819	0.175230599960955	0.452720148221271	-5.46680878157936
PRDM6	-0.827689289537296	-3.41182249677528	-1.45651609477939	0.175258576245615	0.452743418038111	-4.89455799491615
TMPOP2	-0.651348531237642	-0.711464430115441	-1.45605154142634	0.175384169405208	0.452967664462741	-5.1342389127291
SLC17A6	1.11979058769278	-2.58860251306996	1.4560002941081	0.175398028977317	0.452967664462741	-4.96030710115861
PRMT1	-0.368832636421358	8.9255853096723	-1.45592960610725	0.175417147724598	0.452967664462741	-5.98362380018472
GOLGA8T	-0.932544651854382	-1.57494535703353	-1.45590601310754	0.175423529242605	0.452967664462741	-5.04958874027771
PTS	0.347247163779392	3.68046907471751	1.45584409890223	0.17544027696374	0.452967664462741	-5.64053946703665
ANK1	-0.638395492803194	2.58865541234246	-1.45559598137617	0.17550740624277	0.453082885940863	-5.49089026597795
CNPPD1	-0.41798719338742	5.00075841414776	-1.4555262350092	0.175526280396867	0.453082885940863	-5.80743819554652
ENSG00000280355	-0.553118317011648	0.725673884051706	-1.45546868752678	0.175541854707134	0.453082885940863	-5.27970925640078
DPY19L3-DT	-0.51586996591258	0.376339449697995	-1.45475908321897	0.1757339953429	0.453458721737218	-5.24509155297972
POMP	0.412385696239081	6.85376724317233	1.45466881981704	0.175758449038698	0.453458721737218	-5.92539996211454
EIF5B	0.413141381126239	8.11738184979325	1.45463477094106	0.175767674143398	0.453458721737218	-5.96541224376221
TNFAIP8L3	-0.746590338105941	-0.938896010397735	-1.45463388276702	0.175767914788284	0.453458721737218	-5.11304482918347
LNCARSR	-0.984191489760941	-3.83400534067895	-1.45447069422362	0.17581213444517	0.453458721737218	-4.86580321334584
IGSF5	0.473269527344243	1.3520312826509	1.45446788996369	0.175812894406785	0.453458721737218	-5.34713076478206
ENSG00000233912	1.0789402251731	-2.47695173664541	1.45437609491675	0.175837772656099	0.453458721737218	-4.97155092539737
MIR1244-3	1.36236354522636	-1.33833088548238	1.45436985737175	0.175839463262159	0.453458721737218	-5.07401344564128
ENSG00000273428	0.939567262205843	-2.9568964305303	1.45399495453548	0.175941101457715	0.453631306565785	-4.93290853289935
H4C3	1.11268668448843	-2.91334345235791	1.4539369767439	0.17595682405262	0.453631306565785	-4.9364491806742
BAIAP2	-0.453020377266008	4.03645854080226	-1.45376870236043	0.176002464043365	0.453631306565785	-5.69302639349494
RNF112	-1.10627937225331	1.25828445153875	-1.4536147841848	0.176044219186741	0.453631306565785	-5.33807655998475
DBN1	-0.494599207897247	8.61563602439954	-1.45356288828052	0.176058299498189	0.453631306565785	-5.97949388780437
CNNM1	0.650199869124367	2.0774086408376	1.45355779398837	0.17605968172525	0.453631306565785	-5.43046084622833
ENSG00000273325	1.21564193802701	-3.20838355291891	1.45351210504084	0.176072078858824	0.453631306565785	-4.91374964896491
LRRC37A2	0.393051473656438	2.92470918064844	1.45349913247611	0.176075598941132	0.453631306565785	-5.53787476740305
ENSG00000304068	-1.30769725295075	-1.7877274917464	-1.45349232245508	0.176077446852367	0.453631306565785	-5.03281475451166
CRB2	-1.23000096788595	3.86561922734032	-1.45339161613601	0.176104775632678	0.453652744740973	-5.66985245311318
HJV	-0.573890038614189	-1.32307211991066	-1.45316419615375	0.176166504224329	0.453762783976048	-5.07698346055581
FAAH	-0.554024768688897	2.92580513198169	-1.452835734271	0.176255691382951	0.453907783208567	-5.53887955477926
TMEM50B	0.315671237093721	3.47554854993132	1.45275521717078	0.176277560078811	0.453907783208567	-5.61548603096012
STRCP1	-1.60675389981105	-3.55711982145262	-1.45272450197806	0.176285903034455	0.453907783208567	-4.88817791244494
SELENOM	-0.630706664098842	3.01530004702082	-1.45267337761598	0.176299790343006	0.453907783208567	-5.55124719975958
TRIM71	-0.26529072456615	8.53732800960562	-1.45260675468458	0.176317889057134	0.453907783208567	-5.97884441458242
UNC5CL	-0.798461928521331	0.357601616680536	-1.45253421453165	0.176337597049965	0.453909558756635	-5.24602362420201
ZNF665	-0.415832832763789	1.82972409198841	-1.45238318806315	0.176378634575646	0.453952376038457	-5.40308556196064
LGR5	1.44289041879868	-1.22192388948929	1.45220852198419	0.17642610576909	0.453952376038457	-5.08799414371291
ENSG00000250994	-0.572880126611732	2.238318659803	-1.45206378492801	0.176465451079972	0.453952376038457	-5.45169392835295
SLC43A2	-0.616190495101355	4.6652962525087	-1.4520066160426	0.176480993939185	0.453952376038457	-5.7756330104471
MPZ	-0.544792972766126	1.4459627276977	-1.45198320731178	0.176487358554783	0.453952376038457	-5.36057145412424
NCALD	0.66702011160899	2.38505274606015	1.45197231413649	0.176490320374686	0.453952376038457	-5.46984779678082
ENSG00000305239	0.737891723972198	-2.39785896750944	1.45180779126129	0.176535058809166	0.453952376038457	-4.9813228423084
CAMKK2	-0.395197800837796	5.85122180592522	-1.45169801813328	0.176564914645341	0.453952376038457	-5.88101222468701
SPCS2	0.346304119068855	4.71569943823878	1.45164113458102	0.176580387403129	0.453952376038457	-5.78196135346672
GOLPH3-DT	-0.414769163075032	2.59381286130924	-1.45163943555563	0.176580849568812	0.453952376038457	-5.49665289503652
TBRG4	-0.44717638222592	6.66569276805103	-1.45153677437999	0.176608777193692	0.453952376038457	-5.92212260996875
DAZAP1	-0.295210869156419	8.15366534215354	-1.45153268440246	0.176609889896845	0.453952376038457	-5.970445892512
PDK1	0.805312662176096	6.82262001182477	1.45146611956968	0.176628000107975	0.453952376038457	-5.92840199125795
ENSG00000293664	-0.610536550403582	1.27609236002313	-1.45145061497669	0.176632218651979	0.453952376038457	-5.34275732121105
ENSG00000233967	1.04469765132848	-0.0193838727479694	1.45142373574452	0.176639532252447	0.453952376038457	-5.20971748759509
TMEM97	0.632274232981168	7.63156692610716	1.45131035367185	0.176670385366508	0.453982782896473	-5.95592608995443
TESMIN	-0.514078430940565	4.64189547610615	-1.45120725113395	0.17669844526354	0.453984087126235	-5.77392518998533
ENSG00000298074	-2.03296319558448	-2.34635518082689	-1.45116851832352	0.17670898758889	0.453984087126235	-4.98645609637205
CPEB2-DT	-0.895064182553666	-4.51797814382408	-1.45097837115004	0.176760749813689	0.453984087126235	-4.82891321814117
PDCD4	0.487785153884304	4.87971605277587	1.45095860791532	0.176766130544911	0.453984087126235	-5.80093473536368
TTC1	0.337974160178062	6.31927598472127	1.45094603023924	0.176769555011652	0.453984087126235	-5.9076433394986
UBA52	0.349893632608431	8.56255374698469	1.45088922656076	0.176785021399892	0.453984087126235	-5.98171024710609
UBQLN2	0.29477389269751	5.97599108513176	1.45063005360247	0.176855603205042	0.454116480010192	-5.88995563207668
STX16-NPEPL1	-1.01776051052204	-1.26995009156483	-1.45034329752266	0.176933725011254	0.454268202973709	-5.08563940882132
H3C2	0.771338483643615	-2.56623914167256	1.4500469950453	0.177014478652899	0.454387563389061	-4.96939163059406
ZNF605	0.394379428294424	4.23390726264874	1.45002783941666	0.177019700374209	0.454387563389061	-5.72446934124921
IKZF2	0.513921238466749	1.8456173727393	1.44980661004492	0.177080015881735	0.454387563389061	-5.40820745218671
BAHCC1	-1.09141612856132	2.94408987219801	-1.44966810273394	0.177117787190073	0.454387563389061	-5.54544492833067
GPR19	-0.436385171134817	3.82700244019184	-1.44965655172169	0.177120937493542	0.454387563389061	-5.66930283158879
ENSG00000274818	0.816061761367684	-1.18778293769034	1.44963825213756	0.177125928430958	0.454387563389061	-5.09452339803886
RGL2	-0.530386551913067	5.56283343455706	-1.44954268028669	0.177151996180688	0.454387563389061	-5.86418472308468
ENSG00000214776	-0.985910488389013	-2.44290373088628	-1.44952581822875	0.177156595741364	0.454387563389061	-4.9803092339707
ACBD7	0.609913860746393	4.98690089808337	1.44933027466797	0.177209942763105	0.454387563389061	-5.81412436319477
ANKRD42-DT	0.66535062819109	0.226722618932058	1.44928101329573	0.177223384126757	0.454387563389061	-5.2370070477704
ENSG00000235859	-0.827599069530033	1.66527899976101	-1.44920375467983	0.177244466524914	0.454387563389061	-5.38847716318151
RAB3IL1	-0.525261078420855	3.3025224240073	-1.44915716392025	0.177257181290978	0.454387563389061	-5.59565237257628
ENSG00000228528	1.05947730788459	-2.19734336758436	1.44906079035312	0.177283484424542	0.454387563389061	-5.00179327987048
TBC1D10B	-0.40868233728741	5.36831980835157	-1.44899703567122	0.177300886759736	0.454387563389061	-5.84963275800577
SGK3	-1.08791284000551	1.03929527432671	-1.44894679221744	0.177314602132037	0.454387563389061	-5.320667308187
IFITM10	1.29578890528036	-2.86634279310828	1.4488555888172	0.177339501004438	0.454387563389061	-4.94635278930971
RNU6-705P	1.2083657547877	-3.81223642845948	1.44876341826301	0.177364666958264	0.454387563389061	-4.87414950299438
PM20D1-AS1	0.413724772961218	3.75023006181092	1.44875170680299	0.177367864837093	0.454387563389061	-5.65958944288181
PLSCR1	0.456128116746489	5.43778470495375	1.44873198884866	0.177373249045056	0.454387563389061	-5.85565248272497
RAB13	0.987653769554621	4.44021543249232	1.4487111636182	0.177378935759264	0.454387563389061	-5.75270556573046
NANOGP8	0.759543319970864	6.17072447327791	1.44870719451986	0.177380019612682	0.454387563389061	-5.90313110284978
ZFAND6	0.262691436254165	7.0207889887016	1.44855535990017	0.177421485803383	0.454445009837878	-5.93953097949413
CUBN	1.34836659502029	-1.16231415987905	1.4484433256458	0.177452087800227	0.45447461954373	-5.09850606783864
DLEU1	0.345658716282183	3.68166330376601	1.44831950940515	0.177485913292322	0.454512477741186	-5.65046738813855
ARK2N	0.341049395831929	5.09905653143615	1.44812438059421	0.177539231959073	0.454600241301062	-5.82676850433126
INAVAP1	1.11278688043431	-2.14067238282574	1.44798303461649	0.177577863116897	0.454650381786203	-5.0080215174485
ENSG00000278177	-0.772220172439941	-0.562380837915938	-1.44780588103194	0.177626290995673	0.45472559124678	-5.15969382132927
ZWILCH	-0.331594080080394	6.5358300594769	-1.44770387338429	0.177654181617206	0.45474821457077	-5.92168742584931
RPL21P98	1.85403517524353	-2.28159800558469	1.44754198399925	0.177698452625655	0.454812758050028	-4.99639500907558
ENSG00000253266	-1.15750445929684	-3.75630961546297	-1.44743623434351	0.177727376512374	0.454838011496979	-4.8797858470051
ENSG00000196656	1.12126425650537	7.03005243858691	1.44729254051792	0.17776668508105	0.454889833047006	-5.94150917208229
ENSG00000308658	-1.96571814828505	-0.772100936634035	-1.44688332144296	0.177878670974406	0.454987960749444	-5.13954110720815
MRPL11	-0.347890157784513	6.38290409989264	-1.44680917206922	0.177898968978092	0.454987960749444	-5.91602969469853
GJA1	-0.453277299513092	9.33829400170174	-1.44680596318408	0.177899847438431	0.454987960749444	-6.00454642513217
MAP2K5	-0.319017368152456	4.31235680045008	-1.44679470391837	0.177902929790174	0.454987960749444	-5.73895056028545
MMP24	-1.34051463134475	4.35719373192946	-1.44678447464127	0.177905730210517	0.454987960749444	-5.74478130750317
UBC	-0.278137205368076	9.16238171147482	-1.44670298979882	0.177928039275435	0.454987960749444	-6.00093662752793
TMEM14A	0.500391758834741	3.33872623836096	1.44650136823408	0.177983249887794	0.454987960749444	-5.60416609202603
TRUB1	0.343750351822033	5.64203172403984	1.4464448567294	0.177998727228581	0.454987960749444	-5.87393626578926
PAQR7	-0.412714087951911	3.04762703099093	-1.44643435247899	0.178001604254158	0.454987960749444	-5.56372254073767
MED28	0.430216058984446	7.24675786201335	1.4463703077098	0.178019146438106	0.454987960749444	-5.95017211295776
ENSG00000288913	-0.560120535885504	-0.371456964985723	-1.44634614245162	0.178025765808512	0.454987960749444	-5.18085343012354
FBXO8	0.362669885237888	3.21569250777042	1.44631683444156	0.178033794169316	0.454987960749444	-5.587140998599
ENSG00000225913	-0.932553173696823	-2.98312469931491	-1.44618867836926	0.178068903682593	0.4550289640463	-4.94023495890276
MTCO2P12	4.61793940295834	-0.177266510404456	1.44605981873194	0.17810421192381	0.455070466329684	-5.200699722755
ENSG00000307196	-0.758538702382159	-2.14772368119425	-1.44595615342117	0.178132621135376	0.455094334043891	-5.00988219380336
PER1	-0.564061959087105	5.06051033373726	-1.44583057851752	0.178167039813288	0.455096230062266	-5.82603921827012
RFC3	0.378249314679411	6.32609504914199	1.44581430982763	0.178171499296175	0.455096230062266	-5.91466737069202
RAB10	0.356986398377472	7.65497897095681	1.44553400203511	0.178248350727347	0.455243808112317	-5.96417917424243
EIF1P3	1.27295697248401	-2.60518807044102	1.4453773398815	0.178291314846133	0.45530481611734	-4.97183142217978
ENSG00000290685	-1.4956926836981	-0.0983764365110192	-1.4447638887299	0.17845963732931	0.455685906080951	-5.21020055529141
LRRC3B	0.81671717486494	2.60422574523254	1.44423291953734	0.178605437756999	0.455947398320956	-5.50751551032855
MESP1	0.956011345728798	-2.14030558903907	1.44420343941865	0.178613535779286	0.455947398320956	-5.0126663398491
MIDEAS	0.308889862857893	4.1152269954298	1.44418225142861	0.178619356194785	0.455947398320956	-5.71614653234393
ENSG00000286728	-1.03520667899117	-2.87994181250309	-1.44394002318883	0.17868590868709	0.456068504185089	-4.95118674044985
ENSG00000309897	-0.893003668024583	-3.9430480431048	-1.44385361525921	0.178709654503867	0.456080338328036	-4.87056471400215
ENSG00000300321	-0.963490318234751	-3.6631118458641	-1.44359609029035	0.17878044112576	0.456212208740352	-4.89117866614238
KIF22	-0.408769609513967	7.04799177897982	-1.44330341167682	0.17886091967134	0.456368549341581	-5.94734181673953
ENSG00000289891	-0.98455159089143	-2.56323706382441	-1.44323421812592	0.178879950521242	0.456368549341581	-4.97789944677935
RPS27A	0.480587235662638	8.00555231076729	1.44310422529349	0.178915708165873	0.456410988327801	-5.97743764602762
ENSG00000240036	1.96129945550678	-1.07783048839982	1.44279933452357	0.178999599686243	0.456576193834728	-5.11387403573054
CMTM8	-0.441042783835753	2.45569493389675	-1.44269330431229	0.179028782075282	0.456601831779307	-5.49058952113099
RAB3GAP1	0.247251031072988	6.25204199998021	1.44261350658099	0.179050747260059	0.456609059178954	-5.91520141172948
CHRNA5	0.394036510095582	4.77143500024224	1.4421138015571	0.179188348902265	0.456878923754068	-5.80058795328159
ENSG00000270175	-0.708875210125697	-0.705586051183337	-1.44205744251567	0.179203873928972	0.456878923754068	-5.15229731219825
CASKIN2	-0.518931355480958	4.59904837323313	-1.44191148318787	0.17924408618216	0.456878923754068	-5.78093337626821
ASB2	-0.877049137640224	-0.780547499055877	-1.44183474541946	0.179265230775275	0.456878923754068	-5.14496087343457
GGTA2P	-1.09883624343556	-4.04227968711408	-1.44182969555486	0.179266622307484	0.456878923754068	-4.86592086190339
CCNK	0.32885664472446	6.68419544520065	1.44181226374714	0.179271425858166	0.456878923754068	-5.93555539888158
PIWIL4	0.692322723378201	-0.407940716857862	1.4416443543646	0.179317701010248	0.456935793310427	-5.18304774776917
ZNF180	0.341216714998136	3.94475187087063	1.44159236672453	0.179332030667397	0.456935793310427	-5.69615210507097
ENSG00000279766	-1.46962385903746	-3.78030712454887	-1.44103819385576	0.179484841476645	0.457242495546438	-4.88561589313269
GNPAT	0.340896250514532	6.28963117759021	1.44101198044206	0.179492072472646	0.457242495546438	-5.91914727081805
NPHP3	0.501100273427417	2.24808923881672	1.44094744804725	0.179509874859434	0.457242495546438	-5.46712970177737
ORM2	0.806611745325752	-0.339896778667346	1.44082915329588	0.179542512452814	0.457276826882009	-5.19093526923415
ENPP1	-0.631111269228891	5.60771541173742	-1.44060575446078	0.17960416217319	0.457355232156426	-5.87910273872468
C18orf32	-0.912703424256329	1.7647771578132	-1.44057872556301	0.179611622365701	0.457355232156426	-5.41073632451346
ENSG00000308209	0.960635172015153	-3.88349001136069	1.44048967908084	0.17963620178411	0.457357267162884	-4.87879730557317
ANXA8	-1.63335789893219	-3.28138495766828	-1.44043698933171	0.179650747042026	0.457357267162884	-4.92376629337636
ENSG00000230159	-2.2596267007299	3.74134201502269	-1.4401446807269	0.179731458534177	0.457438502332344	-5.66945978184651
ATOH1	-1.76294876155806	-2.92455757836645	-1.44011582424144	0.179739427993879	0.457438502332344	-4.95220775511388
DRAXIN	0.54582631437294	6.17302381745381	1.44010937670348	0.179741208688419	0.457438502332344	-5.91444741173602
TRAM1L1	0.48701569260688	1.59808965438378	1.4400437988997	0.179759320960952	0.457438502332344	-5.39262309484012
LINC01257	-1.07611755264287	-4.17810106726258	-1.4399354867577	0.179789239669956	0.457465861748703	-4.85867009933486
LRIG3	0.574021577516587	4.27944596099994	1.43980471272882	0.179825368628384	0.457509015355894	-5.74370795485894
DGKD	-0.452665304390974	4.833010259926	-1.43946618649852	0.179918922160045	0.457631659549579	-5.81080238663518
PCSK7	-0.511175595519385	5.20639409763666	-1.43934804579454	0.179951580771589	0.457631659549579	-5.8481574458217
ENSG00000257635	0.897527280356286	-2.66965267820574	1.43933290451222	0.179955766767956	0.457631659549579	-4.97382443729242
ENSG00000280332	1.1205750383525	-1.45876134659176	1.439213056205	0.179988903265907	0.457631659549579	-5.08117779815207
KCTD5	-0.313196759053637	5.38186233983572	-1.43919533275107	0.179993804013246	0.457631659549579	-5.86351538660753
CHCHD7	0.336320681421993	4.89498796976495	1.43908152983759	0.180025274601151	0.457631659549579	-5.81799078862523
IRX4	1.16330533438224	1.60396637397831	1.43903051865934	0.180039382549084	0.457631659549579	-5.39456841983535
CPXM1	0.479330332255352	6.95275037708608	1.43899414165807	0.180049443761494	0.457631659549579	-5.94952046491742
SEPTIN7P13	0.700775131121484	2.48638160342392	1.43899103411758	0.18005030327258	0.457631659549579	-5.49920828230699
MTHFD2	-0.515488705158522	8.28496513710502	-1.43893675532384	0.180065316748234	0.457631659549579	-5.99033374408459
ZNF343	0.377467937575332	2.84417895636484	1.43871963935491	0.180125381576614	0.457639195916821	-5.54607544159684
OFD1P17	-1.24734827386774	-3.89412149447795	-1.43865212852539	0.180144061844596	0.457639195916821	-4.88020033284933
LINC01909	-1.59881622409137	-3.4619262592132	-1.43864319481718	0.180146533928605	0.457639195916821	-4.91210287819871
NEMP1	0.282450093902695	6.53840229900046	1.43858272443993	0.180163267703978	0.457639195916821	-5.93367506211612
THAP12P3	1.21072299184828	-2.81721006106032	1.43857951856329	0.180164154893135	0.457639195916821	-4.9626977107469
DLX2	-1.04693828767624	-4.51797814382408	-1.4384617704709	0.180196742899716	0.457673264104238	-4.84354458433279
KIAA0232	0.292002499396865	6.09823896895722	1.43818535443813	0.180273263709625	0.45777522117143	-5.91299491227773
GHRLOS	-0.759216902575672	-0.29326966611826	-1.43817819400991	0.180275246314588	0.45777522117143	-5.19893020694653
RBX1	0.444242589687119	5.987985578741	1.43802159397603	0.180318610954348	0.457830795600008	-5.90705152562222
ENSG00000279970	-0.821496308102039	-2.00493440694102	-1.43796062277313	0.180335497106284	0.457830795600008	-5.03221514821779
ENSG00000273058	1.42044471454934	-3.19525490090336	1.43783144773947	0.180371276973859	0.457872927838235	-4.93355831744885
ENSG00000274929	-0.964705083004839	-4.20604981915102	-1.43757483906434	0.180442372368797	0.458004690133583	-4.85972215270373
RTN4IP1	-0.362320033201875	4.08010748209134	-1.43732815397671	0.180510740941259	0.458129503832947	-5.72024353276949
ATF5	-0.858055330621732	4.11357266408293	-1.43708191158027	0.180579008905367	0.458254035677235	-5.72510427486361
RPL14	0.322201908248921	9.1260184474181	1.43700588541794	0.180600090771086	0.458258809954657	-6.01278936880716
ITGA9	-0.590662721740135	3.20905573373994	-1.43679911856443	0.180657437346718	0.458327784086324	-5.59846790023369
JDP2-AS1	-1.09754751306048	-0.59151569443988	-1.43676940251972	0.180665680340392	0.458327784086324	-5.17048160178833
ENSG00000306458	-1.49227782162269	-3.50124553013626	-1.43663492278087	0.180702987966158	0.458337449780715	-4.91151748428654
KATNAL2	0.432957638080111	4.01265381446946	1.43649427582026	0.180742013558611	0.458337449780715	-5.71216162632261
RPS7P3	2.2877002204808	0.619650576372312	1.43641092549486	0.180765144338623	0.458337449780715	-5.29294740359544
MAP3K10	-0.651487932197604	3.5538368296107	-1.43640648629117	0.180766376345311	0.458337449780715	-5.64766950305048
NOL12	-0.938498341178732	0.619689350809858	-1.43637005350868	0.180776487761315	0.458337449780715	-5.29300282293827
GPRIN1	-0.686205505781174	4.027817617074	-1.43630251470564	0.18079523350268	0.458337449780715	-5.7144748877469
ENSG00000230922	-0.689331304986307	-1.30298794459921	-1.43627123066774	0.180803917110882	0.458337449780715	-5.09979859235527
ZNF787	-0.387990915669738	5.29142655866102	-1.43600995830647	0.180876453216953	0.458469211430745	-5.86000416153144
TOMM40P4	-1.27815627291223	2.28899220263837	-1.43594564242146	0.180894312818675	0.458469211430745	-5.47852009460515
GPATCH8	0.260224767985088	6.64609772810264	1.43554297756772	0.181006161345408	0.458662649553587	-5.9421511116716
COL9A1	1.01678669498565	4.44240415024846	1.43553250559757	0.181009070940849	0.458662649553587	-5.77005637325853
MYOZ3-AS1	-0.601939677854296	2.50355808288628	-1.43531867131407	0.181068492689999	0.458764513273059	-5.50608000816689
SLC36A1	0.292767597056509	4.26570450778046	1.43516677968628	0.181110711509395	0.458822773760188	-5.74789345447472
ABCC10	-0.432372334560561	4.3786549535173	-1.43481083155294	0.181209681511592	0.459024779095433	-5.76301623494414
ATF7IP2	0.38599980388362	3.86378650666462	1.43426498403325	0.181361542056411	0.459360705110938	-5.69433770046909
RPS15AP36	0.952249574177698	-4.01142622246984	1.43383754950413	0.181480534738607	0.459583646728081	-4.87749207194963
NDUFB2	0.400438625118656	5.31789417803647	1.43381047448816	0.18148807434584	0.459583646728081	-5.86511281600522
BTG3	0.37938360627232	4.52985260025781	1.43350284008712	0.181573760401342	0.459726618819268	-5.78353496407276
METTL16	-0.32301959482357	6.04479245302103	-1.43346946829171	0.181583057594555	0.459726618819268	-5.91616091407656
TLK2P2	1.37443994772214	-2.80027216009288	1.43325088448093	0.181643963859517	0.459818259626617	-4.97047384151893
ENSG00000296433	-1.46016235647807	-2.48030605437773	-1.43320128879356	0.181657785646264	0.459818259626617	-4.99694427712042
ENSG00000289904	-0.893656814746457	-2.85881970695337	-1.43290671470799	0.181739898799248	0.459977323928065	-4.96614554523482
LINC00265	-0.402463089909784	3.22541905100907	-1.43259183251827	0.181827707925345	0.4601507692773	-5.6061498931953
ANKRD18B	0.559598868466109	2.69186884925039	1.43248729508285	0.181856867601255	0.460175769618231	-5.53392435567863
ENSG00000248794	-1.06268610985808	-4.0933112884883	-1.43221611828363	0.181932528280671	0.46031841964113	-4.87361921384884
ENSG00000228201	-1.11349768654416	-2.68840977206711	-1.43187766175082	0.182026998292516	0.460508624999734	-4.98126049546676
NAIP	0.950822607679586	-1.92669399736097	1.43154108926956	0.182120983953968	0.460596513657798	-5.04704465960799
NDUFAF2P1	0.371000094255116	3.27960629010889	1.43151168360737	0.182129197259984	0.460596513657798	-5.61514100642114
ENSG00000298592	1.12387624121556	-3.54632993965747	1.43144558533932	0.182147660345033	0.460596513657798	-4.91427433398304
ENSG00000272540	0.919543067626771	-0.437714242545062	1.43133225129263	0.182179321415423	0.460596513657798	-5.19286956945981
PIK3R2	-1.48128026452602	-3.42776880414695	-1.43128593641329	0.182192261321245	0.460596513657798	-4.92343093893752
PRLR	0.829345398576177	1.81360931140618	1.43125678650537	0.182200405911054	0.460596513657798	-5.42817179631628
BIRC6	0.504671162586133	6.19911776304917	1.43123381506083	0.182206824434778	0.460596513657798	-5.92730364930068
MARF1	0.289302818481855	5.02756978455273	1.43113255237245	0.18223512086241	0.460596513657798	-5.84182956606274
SCAT8	1.0325432125067	-3.96827979013496	1.4311314655468	0.182235424580826	0.460596513657798	-4.88373483322765
ENSG00000295485	1.26098098048325	-4.19371300666338	1.43093909633142	0.182289189847811	0.460683618604162	-4.86819235323061
ENSG00000261335	-0.716919291245161	-0.621433943130942	-1.43084236863081	0.182316229385356	0.460703170644818	-5.17478109006719
NUP58	0.253837700447738	6.81916316093303	1.43054014589179	0.182400735650839	0.460845856972051	-5.95549842092668
ENSG00000295728	0.5866777734146	-0.401634825014977	1.43050232564412	0.182411313144298	0.460845856972051	-5.19756245354565
SLC16A1-AS1	-0.556265586705032	2.96251660375066	-1.43029508227139	0.182469283862591	0.460943522221471	-5.57282721612256
NAT14	-0.443341323982157	5.01149421860014	-1.43013381675706	0.182514404397154	0.461008708831291	-5.84149714302098
ENSG00000256894	1.14717839341358	-2.42661165654886	1.43001077202422	0.182548837529326	0.46104688945105	-5.00531964535761
BNC2-AS1	0.54907805388057	0.136325297984672	1.42990133338961	0.182579467756081	0.461075458357252	-5.25228700743518
YEATS2	-0.223677354379401	6.9783875016856	-1.42983116868424	0.182599108108263	0.461076270971214	-5.96234796282789
ENSG00000244151	-1.61146702599802	-2.07640450889129	-1.42976126549223	0.182618677050883	0.461076903117892	-5.03584885895459
ESPNP	-1.56304570448743	-2.57705438859756	-1.42951071015413	0.182688833085992	0.461188229469247	-4.99331166812133
IGDCC3	0.641854819465797	7.05994591993305	1.42946577811635	0.182701416584897	0.461188229469247	-5.96573356213109
FGFR1	-0.356879788757105	9.1136639316417	-1.42927127717494	0.182755896322649	0.461276964629089	-6.02256090393908
PAQR4	-0.396315732943267	5.49868677021558	-1.42912949471691	0.182795618340356	0.461328436388842	-5.88581455435417
ENSG00000294798	-0.801079383163404	-2.45372802647482	-1.42860126929743	0.182943671728454	0.461653268465109	-5.00472924288114
BCL10-AS1	-0.898976818941247	-2.49484469808655	-1.42848249873812	0.182976975355677	0.461655656720321	-5.00141287698609
ENSG00000214132	1.66329954443286	-2.98432408270033	1.42845993160725	0.182983303832666	0.461655656720321	-4.96138835402055
ENSG00000243081	-3.45114052703403	5.76565935405177	-1.428309718108	0.183025432805337	0.461663675113699	-5.90592275125005
LINC01806	-0.954430844541848	0.747919713452374	-1.42824610279553	0.183043276889664	0.461663675113699	-5.3163911027241
ALCAM	0.513138811909241	6.2425974668814	1.42820797921396	0.183053971258903	0.461663675113699	-5.933413946131
BSN-DT	-0.70879702696338	-0.79884717788519	-1.4281727479685	0.183063854748232	0.461663675113699	-5.16001795450571
BTF3L4P2	0.60562995197493	2.58006277433926	1.42793903148778	0.183129431209388	0.461780257229209	-5.52524370528708
ENSG00000307215	-0.85497870330859	-1.77940405072045	-1.42780293914857	0.183167625396498	0.46182777470296	-5.06503468858005
PKMYT1AR	1.05294322008731	-2.96097927617898	1.42772049811487	0.18319076569933	0.461837330193928	-4.96413707319755
ENSG00000297134	0.562283558334045	2.75630908419579	1.4276459011061	0.183211706418206	0.461841338939937	-5.54856149393717
ENSG00000285667	1.44157026960595	-2.54229325246687	1.42730165286604	0.18330836952618	0.462036208203753	-4.99886432566115
ZNF205	-0.592162222391479	3.96243217360389	-1.42723077961503	0.183328275762747	0.462037587922861	-5.71712375518304
ZNF438	0.60154502286487	2.44939604391858	1.42711198336478	0.183361646311638	0.462072897531399	-5.5096914902876
ENSG00000301334	-1.3732400024766	-1.75774864046661	-1.42691562737856	0.183416815192059	0.46213956168641	-5.06811381619627
GRID2IP	-0.649604091790095	1.05405951627371	-1.42688000076128	0.183426826490776	0.46213956168641	-5.35013637334087
EHMT2	-0.375501069950246	7.5028761757932	-1.42662502183274	0.183498490740288	0.462257750774272	-5.9840917052607
TSPYL2	0.344397855781853	4.91098232685567	1.4265752840056	0.183512472811255	0.462257750774272	-5.83583494182884
NMT2	-0.31457836296499	4.17007433433319	-1.42632664098057	0.183582383825304	0.462328522314184	-5.74662514456135
LARRPM	-0.588582874919866	0.257046998732699	-1.42629069317736	0.183592493155563	0.462328522314184	-5.26890144660229
BMPR1AP1	-0.46988829597193	2.01986794565542	-1.42626868838739	0.183598681631283	0.462328522314184	-5.45848311290676
CALHM1	-1.80563065479122	-1.86098801413996	-1.42610048103119	0.183645992986585	0.462398872730333	-5.05962632515764
EEF1A1P12	2.81840637925887	0.499959067253324	1.42587124323821	0.183710486987995	0.462512467609966	-5.29396314259718
ENSG00000277270	-0.837109113197679	-0.59033069224485	-1.42562518809505	0.183779733884119	0.462611768282697	-5.18441994835836
UBE2M	-0.481976156397184	5.87381854621345	-1.4254953993919	0.18381626906897	0.462611768282697	-5.91643686928135
CFAP45	-0.67476739634331	-1.91382423609535	-1.42537872780763	0.183849117102707	0.462611768282697	-5.05569855469417
ENSG00000300261	-1.35282992680035	-4.31392244741107	-1.42536636285037	0.183852598659466	0.462611768282697	-4.86791821238624
GRB2	-0.289082740587348	7.14492721871179	-1.42532093746447	0.18386538940525	0.462611768282697	-5.97406136019712
RAB5B	0.326779579957581	6.97472224909766	1.42531796377757	0.183866226753662	0.462611768282697	-5.96805198819045
HLA-DPA1	0.496933080336405	2.04484098408265	1.42509199235519	0.183929866637153	0.462723108151041	-5.46291979227259
RPS19P1	1.8425682078534	-2.78530025355559	1.42492139754279	0.183977923351569	0.462743526251482	-4.9816724466523
RPS6KA2-IT1	1.04141467566697	-2.45650919511158	1.42488713074403	0.183987577630624	0.462743526251482	-5.0089657409797
CACNB3	-0.877253661226956	4.28343120313374	-1.42478857661966	0.184015346535885	0.462743526251482	-5.76358690418247
ENSG00000289576	1.94469939813552	-1.66365817181271	1.42476578593177	0.184021768616847	0.462743526251482	-5.07948454685134
FAM151B-DT	-0.409264069611255	1.62231163660671	-1.42471909922598	0.184034924840955	0.462743526251482	-5.41475655893071
ENSG00000278532	1.12952869718539	-3.49886398837027	1.42443159169382	0.184115961580762	0.462797004772971	-4.92614131350153
MRPS36P1	0.651606229199279	1.62895100286048	1.42434406333538	0.184140638320505	0.462797004772971	-5.41597505755023
LINC00649	0.365970975596527	3.66618453789277	1.42427873845644	0.184159057102961	0.462797004772971	-5.67924133426967
GPRC5A	0.71320136575781	-0.00266659781230997	1.42421879183179	0.184175960832349	0.462797004772971	-5.24545179384024
ACSL4	-0.279908769520325	7.22508517824659	-1.42418515183977	0.184185447205307	0.462797004772971	-5.97824998694003
ABCD1	-0.42185888694817	3.22414744532916	-1.42408468120371	0.184213782090473	0.462797004772971	-5.61685758848755
FBXO22	-0.263659086455406	5.86164874336468	-1.42404197190462	0.184225828158502	0.462797004772971	-5.9175637114692
NUTM2A	-1.34015251481628	-0.951474495628397	-1.42387343523934	0.184273370121192	0.462797004772971	-5.14987393147126
DMTF1-AS1	-0.504824954145714	0.635073054436808	-1.42386162111565	0.184276703121173	0.462797004772971	-5.31028131590075
SUMO2	0.407312710742213	8.26177220533685	1.42386099363508	0.184276880147397	0.462797004772971	-6.00928352763983
KLHL42	0.304240505352957	4.73584741583384	1.42383653121539	0.184283781652952	0.462797004772971	-5.82024459578485
MAP3K20-AS1	-1.68212812669297	-3.03815033221911	-1.42381845549212	0.184288881441418	0.462797004772971	-4.96263310947829
TUBA5P	-1.04185445119603	-2.06886390548446	-1.4237064355263	0.184320488840851	0.462827680922103	-5.04385043562916
ENSG00000258509	1.20661348098	-3.92353084370605	1.42345574863532	0.184391239043267	0.462956627629462	-4.89593335955705
RBM23	0.287792595335382	5.78733547394195	1.42332478766303	0.184428208752956	0.462983665105678	-5.91378405950922
ZSCAN21	-0.295969780626614	4.53164394054885	-1.42323826986189	0.184452635813632	0.462983665105678	-5.79697488092596
CPM	-0.85939995726292	-0.808525756936328	-1.42316589142119	0.184473072945954	0.462983665105678	-5.16520532259969
MRPL47	0.383026114944117	5.94366952527978	1.42314277096599	0.184479601757866	0.462983665105678	-5.9237187616205
ZFR2	-0.464377081148192	4.05656736440502	-1.4230402302612	0.184508559830833	0.463007654030333	-5.735434195567
ENSG00000282787	-0.81820707140596	-2.44406851127801	-1.42252291073632	0.184654712833634	0.46332569714049	-5.0128590412084
LHX2	-1.07587950436525	-0.323748932116837	-1.42232776689759	0.184709870439547	0.463408283792861	-5.21557170387483
PNMA6A	-0.652199840700602	1.36033554529275	-1.42226908518246	0.184726459630673	0.463408283792861	-5.3888685685122
RAB40B	0.47098740692787	1.4330905327701	1.42180611441811	0.184857384946643	0.463677376552944	-5.3974268317038
MTNR1A	0.453440610124391	1.30062007551819	1.42175239343868	0.184872582028651	0.463677376552944	-5.38302282352053
C1orf122	-0.578945228776304	3.85411801077162	-1.42168291097161	0.184892239442443	0.463677953007542	-5.70914629298412
TALDO1	-0.381692501178195	7.33643528704957	-1.42155419366251	0.184928659798444	0.463720563501729	-5.9853342284582
CATSPER2P1	-0.761154839474856	-0.801038294471226	-1.4214685465838	0.184952896886735	0.463732617921598	-5.16806009071172
LYPD6B	-0.844186994954214	0.143034050100953	-1.42139582546103	0.184973478209121	0.46373550466566	-5.26356542315302
ENSG00000290600	-1.65147135425029	-0.140298656897258	-1.42081255382021	0.185138624627729	0.464100782899906	-5.2358881142456
NUMBL	-0.4309523563362	4.48014411542579	-1.42043478632338	0.185245651966522	0.464320308284497	-5.79420034178127
HS3ST5	-0.645194376047824	2.41708354200544	-1.42013590872715	0.185330365902591	0.464483864643193	-5.51449243398855
ENSG00000287126	-0.458989605532652	1.04738185544146	-1.42002969383722	0.18536047941752	0.464510558825909	-5.3580343272218
ENSG00000285756	0.277667225659762	4.84584590154434	1.41959485315526	0.185483806710189	0.464761568951555	-5.83784489880062
PGA5	-0.947296966796033	-2.37055920213089	-1.4194789596214	0.185516687627688	0.464761568951555	-5.02275536357937
ENSG00000267274	1.06820617369062	-3.61105613558265	1.41932095501299	0.185561524148051	0.464761568951555	-4.92371607281487
SNX18	0.393178839266499	5.07511555427639	1.41927299876198	0.185575134381938	0.464761568951555	-5.86179208290388
SATB2	0.884226085149706	2.58638446566855	1.41920910053133	0.185593270352922	0.464761568951555	-5.53715445548975
TAF4	0.299706944035743	4.98918928996786	1.41920667297373	0.185593959386315	0.464761568951555	-5.85332078967189
ENSG00000300022	-0.751658416664714	-0.576843078837982	-1.41919612078091	0.185596954526219	0.464761568951555	-5.19374003760244
ENSG00000273424	-1.01191675349929	-3.82166852819132	-1.41906201151567	0.185635023753791	0.464808131759518	-4.90845419369725
TMEM11-DT	-0.883023998125205	-2.40639778715743	-1.41892590210402	0.185673667552284	0.464856123305398	-5.02037148196421
LINC01424	0.555604249433606	0.0230333439328867	1.41871563008017	0.185733380847208	0.464956849242742	-5.2548661060409
ENSG00000255031	0.740341523680448	-0.840168431365593	1.41847782755451	0.185800931977381	0.46507717288979	-5.16775890736404
SAMD11	-2.053170315594	-0.837978688328118	-1.41818259438682	0.185884826172016	0.46519046290426	-5.16834368264235
LINC02648	1.06850354103968	-4.05171178684592	1.41818137103971	0.185885173868434	0.46519046290426	-4.89293814761403
CDK14	-0.293851091321016	5.63389057440839	-1.41803058815188	0.185928033211898	0.465227647979744	-5.9101413623447
ENSG00000300883	-1.21317532978305	-1.79588549705428	-1.41799194873254	0.185939017642719	0.465227647979744	-5.07542816868249
VEGFB	-0.461967225238063	4.40085370499263	-1.41787866758894	0.185971224437488	0.465259456357393	-5.78758707723637
PYCR2	-0.343783178808392	5.6446144610328	-1.41771978643616	0.186016403700233	0.465323708952255	-5.91128966216437
THY1	0.532734704920008	8.9849066530583	1.41759105468348	0.186053016561867	0.46533580444029	-6.03480686654573
ERCC5	-0.751892155825961	0.717480641500446	-1.41756568393377	0.186060233031956	0.46533580444029	-5.32662966593049
ENSG00000276390	0.903695888558111	-2.2404043034753	1.41743397933546	0.186097698987604	0.46537518154789	-5.03639906778306
OSBPL11	0.275339908847739	5.65347916301253	1.41737325639229	0.186114974981129	0.46537518154789	-5.9123542589648
ENSG00000241886	1.24452069319608	-3.47033661907824	1.41720272197913	0.186163500206011	0.465447753972017	-4.93682835461669
BMPR2	0.329812611215078	5.11185387121734	1.41711530599317	0.186188378421487	0.46546119490789	-5.86806035219914
ENSG00000289285	-0.80063594097084	-1.03900476383099	-1.41697522598101	0.18622825049045	0.465501880832738	-5.14953768489185
ENSG00000294474	-0.655659388330323	0.119458014387311	-1.41692109161104	0.18624366112506	0.465501880832738	-5.26676345410238
ENSG00000205325	-1.05827676570705	-3.5586667521451	-1.41674302219454	0.186294360468082	0.465510758344282	-4.9306806398424
ZNF133	-0.469533269983569	4.05213305418049	-1.41668630920477	0.186310510069996	0.465510758344282	-5.74296892725235
LINC01002	-0.966005435719441	-1.16560419245853	-1.41664134581844	0.186323314698836	0.465510758344282	-5.13733354411358
FJX1	-0.532869524560356	3.99359795561403	-1.41663461899551	0.186325230421206	0.465510758344282	-5.73504554591964
PTRHD1	0.400178734896664	4.49012834225155	1.41654738780044	0.186350074386917	0.465518586635823	-5.80042941858042
TNFRSF11A	-0.635201782731418	2.20075133275557	-1.4164866548283	0.186367373164004	0.465518586635823	-5.49248398858525
ENSG00000263080	0.676855959529262	-0.875677912186586	1.41615275034775	0.186462504700323	0.465707471712286	-5.16701983188628
ENSG00000225963	-0.896186235867048	-4.05171178684592	-1.41581433420771	0.186558963773175	0.465899632559838	-4.89569278564527
KRBA1	-0.702221536923754	3.49469088248077	-1.41545395159565	0.186661730621455	0.466107504158011	-5.66613336004927
KIFC1	-0.288122850734951	7.06083624621715	-1.41514881917024	0.186748779932726	0.466244258916575	-5.98423756959553
CHD2	0.346461909775837	6.43934150742017	1.41512503400923	0.186755566901682	0.466244258916575	-5.95963681079523
SNX33	-0.438291110891587	5.43739836782682	-1.41475469652304	0.186861267785872	0.466438288993941	-5.89956766964538
ZDHHC24	-0.436769081597626	3.72919428390228	-1.41471579925989	0.186872372705412	0.466438288993941	-5.70036186239716
H2BC9	-0.447740423352801	1.15087528441712	-1.41458312129079	0.186910255636815	0.466476845561159	-5.37588461228645
COMMD10	0.292302499508366	5.08680694591367	1.41447612588938	0.186940810297739	0.466476845561159	-5.86907788281696
ENSG00000308486	-2.82327993631041	-1.06542885244591	-1.41445636307489	0.186946454426299	0.466476845561159	-5.14998415724611
TMEM130	-0.666293643610465	2.70503876823998	-1.41433773959514	0.186980335548677	0.466512614315311	-5.558737913416
ACVR2A	0.398669369468451	4.48448089644301	1.41397484277179	0.187084018196227	0.466714174989619	-5.80301769260798
ENSG00000304027	-1.07636677334338	-3.1337346694299	-1.41391811032451	0.187100231545677	0.466714174989619	-4.96680610739339
MAN1A2	0.307877826138968	5.25045592836937	1.41368142164015	0.187167886786685	0.466834147135313	-5.88522453183386
GRAMD4	-0.378918569691331	4.51690020730562	-1.41346683736502	0.187229241659285	0.466938381471489	-5.80770440901061
LINC02887	1.02463272860631	-3.93572099612034	1.41304560938644	0.187349730712673	0.467190055680636	-4.9072074624276
CHODL	-0.782440940650368	1.07495542970342	-1.41284525427909	0.187407063885352	0.467272610569014	-5.36996012066408
ATAD1	0.305562190723477	6.2907295289638	1.41279309277795	0.187421992750541	0.467272610569014	-5.95566390015683
SMC1B	-1.01385063796895	-2.03562725419709	-1.41257672398633	0.187483929299235	0.467378205617802	-5.06023651541037
KMT2C	0.501133252324652	5.15539462526584	1.41249129085741	0.187508389709039	0.467390364196933	-5.87807627951163
SNHG12	-0.651113738797096	2.85714382900357	-1.41232418785464	0.187556240907625	0.467460818895394	-5.58146054078552
RAB11FIP3	-0.546740717845219	5.00455787234206	-1.41216494918099	0.187601849750635	0.467525670669146	-5.86390100624256
TMEM240	-0.795147819588752	0.777792957609235	-1.41198287999421	0.187654009212525	0.467606832102249	-5.33982844462832
ST6GALNAC3	0.560058895761631	5.20494788593364	1.411866169116	0.187687451205092	0.467620322928375	-5.88345019063683
SMAD6	-0.562424169723936	2.40685696109837	-1.41182723397601	0.187698608692078	0.467620322928375	-5.52372505399198
PECR	-0.3133901486445	3.70148789250277	-1.41163404873592	0.187753977346257	0.467709443411244	-5.70036984520434
RADIL	-0.469603764993692	3.7431453109522	-1.41141446801516	0.18781692803384	0.467817430743442	-5.70654571520979
TRIM37	-0.229583383071037	6.8288495436664	-1.41122383117092	0.187871595460224	0.467904765610891	-5.98077241046012
TEX22	1.24312263714302	-0.309157285008435	1.41083413811689	0.187983386721744	0.468134337530035	-5.23124447223385
IQANK1	-0.712903629871866	1.59462292531422	-1.4105818787256	0.188055782503071	0.46826576536263	-5.42944757562705
LINC-ROR	-3.15894355246212	-0.58145409863244	-1.41047154864627	0.188087453512924	0.468276946770211	-5.20400733400626
MIR23AHG	-1.22412561586857	-1.25977932150211	-1.41034785773891	0.188122965226286	0.468276946770211	-5.13575220171534
E2F5	0.519715954160055	6.22276847589493	1.41033617711571	0.188126319032513	0.468276946770211	-5.9554275993142
NTM	0.628848169097594	4.40191834629157	1.41029287007722	0.188138754036098	0.468276946770211	-5.79742128800983
RBM33	0.251045872085886	5.97403221887873	1.40997588326527	0.188229793569943	0.46845469062918	-5.94243553159209
DENRP2	0.905530422406106	-0.846304562578271	1.40985792450477	0.188263681218054	0.468466707032506	-5.1777064277234
RBM6	0.319201906075934	6.66727793169183	1.40982050747229	0.188274431609807	0.468466707032506	-5.97620464251697
PRELID1P5	0.681057446583978	3.28955289768277	1.40972113116116	0.188302986225043	0.468466707032506	-5.64433698786657
DEPDC4	-0.514408724743352	1.61798511230876	-1.40968581512702	0.188313134758028	0.468466707032506	-5.43319158974872
ENSG00000271369	0.492673290045508	2.55821048903039	1.40960044490272	0.188337668947729	0.468478910346581	-5.54570821310918
LNCOC1	0.779416319718142	-2.18932318283664	1.40938499197672	0.188399599126025	0.4685841217529	-5.05050896004028
PRXL2C	0.359824614418476	3.0905137805992	1.40913075494938	0.188472699714179	0.468674776130048	-5.61731498407992
NUDT15	-0.455090089565745	5.93795223894623	-1.40912163773286	0.18847532162803	0.468674776130048	-5.94139652674324
RPL29P4	-0.456829980765016	7.63300197668484	-1.40901909223117	0.188504813624489	0.468699279797446	-6.01075615964103
RANBP2	0.436742834178486	7.63438031458381	1.40887166264362	0.1885472211099	0.468744798951641	-6.01098691080998
UGT2A1	1.07110976033998	-3.40828214248269	1.4088188980565	0.188562400583848	0.468744798951641	-4.95143062028902
ZRANB1	0.235683780826478	5.52485709267836	1.40867166778732	0.18860476171332	0.468801275547991	-5.91411629884071
YTHDF3	0.251379223466039	6.99152754668803	1.40843273585557	0.188673524460487	0.468923358148332	-5.99039083057332
PITPNB	0.260029315513515	6.60921917485804	1.40833640402551	0.188701254028978	0.468943443347524	-5.97570519506267
ENSG00000275223	1.0307007679288	-3.10529532970946	1.40759185538428	0.188915692553478	0.469427468419976	-4.97653071419938
RAB23	0.340614424701722	5.05969675444688	1.40693824740499	0.189104109552043	0.469846739816635	-5.87609433026004
NOTCH3	-0.385295715060675	7.10088914001279	-1.40686029455467	0.1891265918297	0.46985368660346	-5.99628001813091
TPPP3	0.614612289390376	-0.442641431138973	1.40661384495854	0.189197684948962	0.469913856338194	-5.22290129416968
YDJC	-0.619073856535952	3.91866087307658	-1.40658034445728	0.189207350562296	0.469913856338194	-5.73740577076507
LEO1	0.324569349180875	5.60948656609315	1.40657158456029	0.18920987804961	0.469913856338194	-5.92309840615339
SBK1	-0.384530852839286	7.19699465370785	-1.40637691260775	0.18926605401219	0.469963198414009	-6.00021340815967
CTXND1	1.04741212422174	-3.04755931599665	1.40632749383578	0.189280316906289	0.469963198414009	-4.98261733908009
TBC1D3L	0.442350648976321	1.74441661913036	1.40629803929622	0.189288818299487	0.469963198414009	-5.45172789911667
TRNP1	0.491909601327676	4.92523037818922	1.40596120700932	0.189386060431168	0.470126743284676	-5.86374989971758
SETX	0.395156533084552	6.36721212628485	1.40593109135355	0.189394756763841	0.470126743284676	-5.96810544779383
PLIN1	-1.03120942504814	-2.92393388765099	-1.40586520636649	0.189413783191245	0.470126743284676	-4.9930901554469
ATP8A1	0.424593755624302	4.99291398260055	1.40565610834746	0.189474177766365	0.47018182310568	-5.87104685933401
SLC38A1	0.31794231725555	8.74962969448654	1.40558389019563	0.189495040604206	0.47018182310568	-6.04485040589623
UBAP1L	-0.970517646559127	-0.570483524251002	-1.40558377093061	0.189495075059854	0.47018182310568	-5.21112505907359
CENATAC-DT	-0.570246961615212	1.22648384341017	-1.40549745567137	0.189520012919525	0.470194817915833	-5.39536365574661
ENSG00000250934	-1.47583348702891	-2.87884947812979	-1.40528762594217	0.189580647695176	0.470280002029327	-4.99742472147446
ENSG00000293107	-0.519915256861201	3.2928062896776	-1.40519598064105	0.189607135721777	0.470280002029327	-5.65053168651089
RNU4-23P	-1.08287317466094	-4.46404182969406	-1.40512791211351	0.189626811440199	0.470280002029327	-4.88453457084336
SPIN2A	0.618433405113501	1.04568303963258	1.40510593451076	0.189633164600924	0.470280002029327	-5.37650769179841
SNAPC2	-0.433660799243259	4.38018385478043	-1.40501605897646	0.189659147189173	0.470292783452746	-5.80141580614227
DTX1	-0.537193801737819	3.7027073953917	-1.40490904753109	0.18969008762515	0.470292783452746	-5.70909084452938
TIMM23	0.410367284366804	6.712804464237	1.40488364581977	0.18969743270204	0.470292783452746	-5.98435244294644
LCN15	-0.980775719268147	-2.37831332329918	-1.40477912103898	0.189727659288781	0.470295190034071	-5.03969618621271
ENSG00000228793	0.791450178532903	0.0631138725364088	1.40474401197156	0.189737813082418	0.470295190034071	-5.2761830529728
FBXO41	-0.557621616720481	4.47236562373526	-1.40463514385191	0.189769301452057	0.470324394367212	-5.81342771618019
ENSG00000234446	-1.22234992245472	-4.03937497435828	-1.4045232554277	0.189801668014253	0.470355768922871	-4.90967070986258
TRIOBP	0.409079077293116	6.22057792124256	1.40428622303477	0.189870251104144	0.470464826341342	-5.96306262294772
PRKD3-DT	-1.44049812753712	-3.97504017053717	-1.40421290511712	0.189891469207722	0.470464826341342	-4.91463692358985
ENSG00000248161	0.914131083890183	0.407271487668323	1.40416680503225	0.189904811537792	0.470464826341342	-5.31156804099636
C8G	-1.19450719638944	-3.04216501384754	-1.40380562342167	0.190009372573301	0.470470559947139	-4.98602387315108
ZNF383	0.382923485740539	2.46400105366791	1.40380307200538	0.190010111374555	0.470470559947139	-5.54103011246761
LHFPL3	1.05829679302322	0.291599223329391	1.40374643694267	0.190026511542389	0.470470559947139	-5.30039109062212
ENSG00000286086	-0.703552721091002	-2.11497997625494	-1.403625898897	0.190061420490346	0.470470559947139	-5.06393708119448
BOLL	1.13427338447329	-3.35118352119104	1.40360026982765	0.190068843609954	0.470470559947139	-4.96195701236628
SPECC1	0.233540300101923	6.59458051620924	1.40356042493669	0.190080384641634	0.470470559947139	-5.98120074252226
CCDC93	0.28861733242741	4.85521040285472	1.40350293536545	0.190097037483812	0.470470559947139	-5.85945918865166
IZUMO1R	-1.12681793414441	-4.04108030372866	-1.4034248620402	0.190119654744467	0.470470559947139	-4.91082020698214
PPP1R37	-0.634181043090925	4.19038689330667	-1.40337498893251	0.190134103806267	0.470470559947139	-5.77868903625815
SLC12A4	-0.474902596642803	5.0625101459983	-1.40335591168739	0.190139631044953	0.470470559947139	-5.88094134156162
USPL1	0.244659625167548	4.95360243198972	1.40329681050955	0.190156755258121	0.470470559947139	-5.87004907386816
MFSD13A	-0.396110673471499	3.89921826702605	-1.40327848428287	0.19016206543836	0.470470559947139	-5.73888827325363
LINC01905	-0.506194473235641	2.26282961768029	-1.40313816377975	0.190202728665415	0.470470559947139	-5.51685095536338
STRADA	0.739319437349619	1.85588078339125	1.40309950869224	0.190213931748807	0.470470559947139	-5.46852939027218
RAB11A	0.301548941691833	7.52250668865922	1.40308854463378	0.19021710947276	0.470470559947139	-6.01497425100972
SLC30A7	0.351507569283137	4.6109299553752	1.40301135804435	0.190239481812236	0.470470559947139	-5.83232716337141
ENSG00000289272	0.956746086166453	-2.07201264993286	1.40300186686861	0.190242232959729	0.470470559947139	-5.06849873632643
ODC1-DT	-0.753809378507842	1.91847259094355	-1.40283605923871	0.190290300017033	0.470540674524092	-5.47611768650539
SRSF6P2	0.808186837347552	1.70858035869395	1.40259354537682	0.190360622484523	0.470633024954695	-5.45229090965432
ENSG00000275056	1.25579040327802	-3.27328411176851	1.4025353113083	0.190377512070344	0.470633024954695	-4.96926126540236
SCOC-AS1	0.795260035728911	-1.10361222096191	1.4024538520848	0.190401139762419	0.470633024954695	-5.16079826016304
HCG25	1.05325935887328	-2.58897132750403	1.40241274109659	0.190413065172449	0.470633024954695	-5.02471066389302
ENSG00000254431	-1.29495580870105	-3.57748566608012	-1.40236731797686	0.190426242174865	0.470633024954695	-4.9460940633784
ENSG00000262228	-0.971233697220592	-4.12547869039886	-1.4022769604515	0.190452456704206	0.470649076843993	-4.90616137127459
C19orf38	-0.886819889189671	-2.13410172186203	-1.40202028040761	0.190526941415335	0.470763714321317	-5.06416865737853
LINC01224	0.496321874371759	5.8327034878386	1.40198116347815	0.190538294730964	0.470763714321317	-5.9440459876823
ENSG00000287697	1.30187322438644	-2.56273102133322	1.40191058728966	0.190558780246832	0.470765594467565	-5.02750398611189
ENSG00000253865	-0.693196544646411	-1.86812683157706	-1.40180287228154	0.190590049312229	0.470794111667871	-5.08833012258847
RPS17P16	1.25992110892943	3.19228054888855	1.40164627534036	0.190635516285448	0.470857690901871	-5.64091288282502
RPL13AP22	3.35463090298619	-0.604256604948738	1.40153247039084	0.190668564629857	0.470890586922682	-5.21261993751285
ATG12P1	0.569630385248099	-0.228113666389192	1.40130010796315	0.190736056502846	0.470995610998931	-5.25115267319307
MICOS13	-0.481162806960097	3.38496035982483	-1.40125018982688	0.190750558340624	0.470995610998931	-5.66853122393938
MYO5B	-0.588280170020711	4.17998552066295	-1.40103513960824	0.190813043778747	0.471101160222133	-5.78026378058094
SLC7A9	1.25130723983275	-3.80722666295631	1.40096237398241	0.190834190636579	0.471104636731819	-4.93060852627277
GET4	-0.721606427770119	1.70195509159596	-1.4007729522762	0.190889248934562	0.471191819662963	-5.45381658509739
TNFRSF1B	-0.63331597057732	1.82463290267384	-1.4001599954914	0.191067506382612	0.471583058410941	-5.46860840013309
ENSG00000283982	0.919628697043992	-1.83381452757564	1.40006911019971	0.19109394925141	0.471587081115894	-5.09356004122173
CKS1B	0.447154487568874	6.64881005464336	1.39996977526354	0.191122854070535	0.471587081115894	-5.9880477445197
RACGAP1	0.22184303117448	6.6456618854279	1.39995023966116	0.191128539042619	0.471587081115894	-5.98794278162372
TARDBPP2	1.30335387200837	-2.98678554294906	1.39988277733597	0.191148172066668	0.471587081115894	-4.99508716360994
GBP1P1	-1.04319159004753	-0.885969833191587	-1.39965075387114	0.191215709051567	0.471684337529895	-5.18614583601011
NUDT1	-0.467539158813632	4.73472845690684	-1.39956991139591	0.191239245285324	0.471684337529895	-5.85115462030387
DCTN6	0.585884370230789	4.24420295993831	1.39954368232002	0.191246882066317	0.471684337529895	-5.79066487927394
ZFYVE1	-0.374331896579486	4.3245296611456	-1.399305734788	0.191316173974034	0.471806481115755	-5.80151282342813
ZNRF1	0.273718504801352	5.60959207581454	1.39921284594304	0.191343229594544	0.471824450948753	-5.93249852794525
NAALADL2	0.790085777491116	-0.278632697854901	1.39913222232282	0.191366715364695	0.471833615248881	-5.24871291374164
ENSG00000258454	1.04137464233437	-3.09655750201617	1.39899972882792	0.191405316202124	0.471880041503574	-4.98734462919583
MRPS31P5	-0.595429345149169	-0.451086153130907	-1.39880770300575	0.191461272972846	0.471969242103172	-5.23161090517205
ENSG00000293399	-0.72180529869703	-2.22289365233917	-1.39865030734911	0.191507148762766	0.472021726970488	-5.06042303340796
NUP50-DT	0.397194353912854	2.85760092443707	1.39859895420241	0.191522118573018	0.472021726970488	-5.59885578173708
GTPBP10	0.337140271835677	4.55690693474658	1.39836108381122	0.191591472421465	0.472143900080858	-5.83181322957681
ENSG00000285722	-0.731137800001372	-2.51239496028391	-1.39826366082824	0.191619883350058	0.472146707843423	-5.03606604096096
KLF10	0.44673962757487	5.58201140705881	1.39819184070237	0.191640830142303	0.472146707843423	-5.93178974003433
ENSG00000280604	-0.612533546404155	-0.832737067812308	-1.39815368594706	0.191651959005618	0.472146707843423	-5.19337005975937
GRM5-AS1	1.06505897052498	-3.92799422575888	1.39750206940573	0.191842105022217	0.472504794079748	-4.92580195920656
SRCIN1	0.520316250805793	3.301466690286	1.39748483232981	0.191847137082351	0.472504794079748	-5.66149845305145
LBHD1	0.669267586626492	0.152216445650922	1.39739655038059	0.191872911191102	0.472504794079748	-5.29419165787122
HMGCS1	0.756520598179009	9.30436417569992	1.3973842531663	0.191876501622362	0.472504794079748	-6.06766983407408
PCP4L1	-0.496328270101249	0.4713487006156	-1.39702666458098	0.19198093203119	0.472713185266524	-5.32690252342613
FLAD1	-0.487484836515901	6.37753535748216	-1.39690174363786	0.192017425363542	0.472754269770131	-5.98011799359981
ARAF	-0.304808963007909	5.51899379398293	-1.39667313824958	0.192084223383407	0.472869949406062	-5.92898266762713
ENSG00000304586	0.977832501148324	-4.2476493207934	1.39653980509297	0.192123192134492	0.472898347950058	-4.90490823070099
CABLES1	-0.508919663834997	4.05774819268306	-1.39646376041351	0.19214542040633	0.472898347950058	-5.76946243994665
TANGO2	-0.361537607703623	3.50596639210961	-1.39636477623632	0.192174357277908	0.472898347950058	-5.69193690251429
IDS	-0.535891580558876	2.5569346540835	-1.39636252741095	0.19217501473866	0.472898347950058	-5.56220970465529
RUFY4	-1.06233766062969	-2.48000062816864	-1.39622097506535	0.192216402446245	0.47295143063758	-5.04122624642476
ENSG00000282772	-0.775977597136026	-1.44192511383317	-1.39612651364353	0.192244025695115	0.472963121399419	-5.1352678581433
SAP30P1	1.71205648277668	-2.24377421376214	1.39600229255695	0.192280356643096	0.472963121399419	-5.06176054652903
HSPA8P1	1.57649691258143	-1.43920235460878	1.39600144812427	0.192280603634246	0.472963121399419	-5.13568158564118
IFNLR1	-0.42680910626754	3.02747644626767	-1.39569926852585	0.192369006471052	0.473092439830824	-5.62557986556097
BCL7A	0.310946679526871	4.57624007155876	1.39568623090729	0.192372821408562	0.473092439830824	-5.83751681773225
SNAPC4	-0.615504376818418	4.33143504377571	-1.39541964778255	0.192450840332578	0.473235545664293	-5.80734806563501
SLC5A2	-1.03790842467554	-0.0152346387619399	-1.39531195238096	0.192482366345516	0.473264307980676	-5.27991106194704
GTF2A1	0.25437923784079	6.55936437496622	1.39496509558103	0.192583932523859	0.473460883131904	-5.99068086555397
ANXA1	-2.50947906384393	-1.10751431283265	-1.39490344131013	0.19260199079598	0.473460883131904	-5.16956522232782
ARHGEF10	-0.781907966194768	0.908402098814765	-1.39476698547843	0.192641963218764	0.473507324803425	-5.3748457118111
ENSG00000301691	-0.666980684188221	-0.985129493512481	-1.39470350236472	0.192660561912518	0.473507324803425	-5.18209322688989
LPAR2	-0.314440068645286	4.9717721573512	-1.39377585219477	0.192932509555188	0.474126874542182	-5.88401890207554
C12orf60	-0.413847391368583	1.54587754844472	-1.39339900961594	0.193043076491484	0.474324796352506	-5.44545981520627
MCM7	-0.451085734868345	8.68738786057769	-1.39330809173007	0.193069760140448	0.474324796352506	-6.05906004753435
ENSG00000291194	0.830301977756722	-0.337890238987154	1.39329818036711	0.193072669232187	0.474324796352506	-5.24986365981745
ENSG00000286431	0.841153756509316	-3.15884025173541	1.3931527612072	0.193115355582804	0.474334407753091	-4.98926093150709
ARRDC4	0.761307254020309	5.44556373531248	1.39306602762697	0.193140819163222	0.474334407753091	-5.92790609142382
HMGB2	0.317247819184747	8.34419766412539	1.39306064173892	0.193142400466713	0.474334407753091	-6.05091784348055
PIGL	-0.37731143170205	3.51589548257647	-1.39301405855706	0.193156077804177	0.474334407753091	-5.69756731169533
MCPH1-AS1	0.655477677807369	2.77942692969359	1.3929255065886	0.193182079899706	0.474349454831923	-5.59554923800393
DANCR	-0.56734774830482	6.6541914706593	-1.39280521790401	0.193217405796157	0.47438221390035	-5.99739653802807
ANXA4	-0.40411104808989	3.41346276534486	-1.39274472422529	0.193235173400059	0.47438221390035	-5.68331945019582
CD2BP2-DT	-0.541206205864078	1.0221299845814	-1.39242892894626	0.193327948089839	0.474516554019449	-5.38974766922097
TRERF1	0.320023204226192	5.78544600034275	1.39242310640111	0.193329658997156	0.474516554019449	-5.95320673256383
CLP1	-0.405881554916013	4.47114766639627	-1.39229212827144	0.193368149233172	0.47455596702494	-5.82894841697709
RPS26	-0.574973102222906	3.18815800599095	-1.39223314874144	0.193385483524723	0.47455596702494	-5.65220327463692
RPL13AP3	1.54619507846347	-3.71708257378752	1.39206356389322	0.193435332427722	0.474629493065945	-4.94760013904709
ENSG00000303402	-1.56567902189922	-3.63482622920356	-1.39189010384792	0.193486331669024	0.474687065526328	-4.95396022148366
MYO18A	-0.434129791465796	5.71129057953716	-1.39184847137604	0.193498573784122	0.474687065526328	-5.9489615634991
ATP6V1E2	-0.347713541875433	2.94847553132048	-1.3916599583587	0.193554014624354	0.474774272049275	-5.61986743700037
COX17	0.545532981238663	4.01717561593166	1.39152952886612	0.193592381216349	0.474819583032638	-5.7701863249169
APTX	-0.268648970908038	5.49521274890622	-1.39131762667586	0.193654727179954	0.474849954607501	-5.93396622490904
ENSG00000304574	1.31837923225058	-3.51823732466851	1.39131342034732	0.193655964939698	0.474849954607501	-4.96346328343594
CRYGN	-0.704913253967623	-1.08668767973201	-1.39128458156735	0.193664451256941	0.474849954607501	-5.17603454799392
SHROOM1	-0.459812700961033	2.05805986029365	-1.3911575477095	0.193701836941256	0.474892834337642	-5.5071515521278
ENSG00000288753	-0.836074950146315	-3.49239362552744	-1.39101942644588	0.193742492536996	0.474943721177125	-4.96577862535338
RGS3	-0.588072240988513	4.63006595643366	-1.39079945257205	0.193807256100635	0.474945031581669	-5.85010667903192
SPEN-AS1	-0.465316969875407	2.06576375767626	-1.39079464676226	0.193808671206342	0.474945031581669	-5.50852054204092
CTAGE8	-1.04764558491206	-1.67479795623595	-1.39075407923294	0.193820616958887	0.474945031581669	-5.11953688305271
MAST1	-0.45730541167213	4.15106841276989	-1.39074725779371	0.193822625700987	0.474945031581669	-5.78938159072977
FAM110A	-0.546407498393572	3.36613410135145	-1.39062758073495	0.193857870443462	0.474972113029251	-5.67926119698803
NPM1P6	-0.444067448691922	6.35912756529976	-1.39057458592825	0.193873479077008	0.474972113029251	-5.98730302781218
HES4	-1.13545950071646	-1.32353079548804	-1.39048338080656	0.193900344333927	0.474989173582864	-5.15355511153649
RIMBP3C	1.24972580611369	-3.28391559488576	1.38999678184996	0.194043729429379	0.47529163488208	-4.98310238626565
ENSG00000304570	-1.24848842343126	-3.76272244855812	-1.38980424754837	0.194100487839767	0.475381872064824	-4.94682123951728
PKN2	0.251871068311828	5.62814570259675	1.3896925490055	0.194133422591792	0.475413748922459	-5.9459277226709
SMIM14	0.354138301364203	5.43397320938097	1.38961226488819	0.194157097593744	0.475422945344198	-5.93136197257212
ZNF260	0.291682177112751	5.61469866793654	1.38954430224858	0.194177141018616	0.47542324832697	-5.94515926550786
PPIL3	0.422073490756898	5.19994929963279	1.38940059665993	0.19421952817964	0.47547825203236	-5.91160769783784
MTCP1	-0.71770436480359	-1.12026681070664	-1.38894940416738	0.194352661964742	0.475755382883332	-5.17548729597981
RNF14	0.441611655522713	5.0539058068536	1.38850446994477	0.194484024597155	0.476004514723177	-5.89896988040495
MRPL16	-0.340870487425461	5.71932135078628	-1.38846959636661	0.194494323860578	0.476004514723177	-5.95379760918387
ENSG00000296692	-0.835388627022726	-1.02461620940519	-1.3880687726234	0.194612732782862	0.476245472503698	-5.1861447162473
ISCA1	0.440925249156575	5.9244845260324	1.38784271387901	0.194679540532714	0.476339129570918	-5.9677092499006
ENSG00000278946	-0.772312730597311	-1.44832791501998	-1.38780421245067	0.194690920893464	0.476339129570918	-5.14466444031762
LNCTAM34A	0.554394967251548	1.33687526148094	1.38765603031001	0.194734726230204	0.476396269170926	-5.42952622015736
QARS1	-0.249937225493781	8.21374159361665	-1.38756026930869	0.194763039351203	0.476396269170926	-6.05452980980736
ENSG00000309129	1.29209659560979	-3.66497089829438	1.38752267176297	0.194774156558004	0.476396269170926	-4.95675358414217
CLIC4P1	0.779606911060105	1.54626059650582	1.38732167146328	0.19483359936474	0.47648079332326	-5.45305002768914
ENSG00000296693	-0.808642112366941	-3.64978023368886	-1.38721425268218	0.194865373128679	0.47648079332326	-4.95825222676624
ENSG00000248664	0.827028365371635	-3.17799197195723	1.38702792804156	0.194920497098853	0.47648079332326	-4.99490565868763
ENSG00000282390	-1.40921007500313	-3.07399747431564	-1.3869835682664	0.194933622836822	0.47648079332326	-5.00323369511303
HADHB	0.297101581101028	6.09039778753385	1.38680217915376	0.194987302333044	0.47648079332326	-5.97849871091286
ASRGL1	0.427893511930416	5.28476687517366	1.38678633192147	0.194991992685963	0.47648079332326	-5.92247607196003
DNAAF5	-0.381458522888239	6.44095752907696	-1.38673545215459	0.195007052367144	0.47648079332326	-5.99595108961325
TUBG2	-0.385276610918862	4.12996544675736	-1.38665215281703	0.19503170989586	0.47648079332326	-5.79167740367073
PNISR	0.335140910899848	7.19327793738315	1.38664673336371	0.195033314205395	0.47648079332326	-6.02523557173176
ILK	-0.272548039277585	6.75589268340449	-1.38659026822525	0.195050030126035	0.47648079332326	-6.00935888856492
MORF4L2	0.255481536122586	9.4495551893131	1.38652334461197	0.195069843736214	0.47648079332326	-6.08451921784418
CMTM6	-0.291862719501283	6.63660259859907	-1.38644748844608	0.195092303999606	0.47648079332326	-6.0047444843015
ENSG00000294822	0.649440663687821	-1.18957793962594	1.3863777649731	0.195112950358392	0.47648079332326	-5.1716839828351
LONRF1	-0.306010595993835	6.11779153569245	-1.38636617622277	0.195116382171953	0.47648079332326	-5.98052947799786
GANC	-0.312057445201948	3.5287623872518	-1.38635754207499	0.195118939062771	0.47648079332326	-5.70776868022832
ENSG00000301689	0.880714489774468	-2.1575982930305	1.38632647914604	0.195128138179978	0.47648079332326	-5.08080534243333
DYNC1LI2-DT	-1.44048520111573	-3.16049385074666	-1.38624646466052	0.195151835720084	0.476489909271739	-4.99720412723803
ENSG00000289585	0.908409004015737	-2.4675428493741	1.38605481889046	0.195208604486601	0.476579763019815	-5.05431979057951
ENSG00000306798	-1.38938128839085	-3.03128369412579	-1.38531605603537	0.195427569162922	0.477065540882833	-5.00860949468673
LINC00534	-1.45122046896203	-3.56761044388508	-1.38512571015944	0.195484020057616	0.477154541492648	-4.96688276100159
ENSG00000293669	-0.839833469637737	-0.705937017185973	-1.3850141156395	0.195517122053003	0.47718324926906	-5.2223103749892
NUP50P1	0.837560475064976	-1.59993452069399	1.38492139321964	0.195544629663442	0.47718324926906	-5.13360664711741
TREHP1	-1.31068523671983	-3.70878613442809	-1.38488387305271	0.195555761557828	0.47718324926906	-4.95652153195317
MORF4	2.23170109980201	-1.70763564779293	1.38452630307376	0.195661876170845	0.477336099507434	-5.12390479512205
SLC4A5	0.853722006747431	-1.87044166529008	1.38446317787685	0.195680614627706	0.477336099507434	-5.10886358424869
ENSG00000287676	1.17657105524959	-3.66497089829438	1.38437255622475	0.195707517941952	0.477336099507434	-4.96039527247323
UQCRC2	-0.241050951295934	7.60010387878798	-1.38436408385612	0.195710033336952	0.477336099507434	-6.04119528518592
AP4M1	-0.47634260592683	3.98579676483175	-1.384218755	0.19575318484216	0.477336099507434	-5.77507545134408
TRIM6	0.505330773753183	4.66901746648205	1.38421617532406	0.195753950880226	0.477336099507434	-5.86301238638886
SERPINB9	-1.5494599234689	4.26409561007632	-1.38420119153824	0.19575840038458	0.477336099507434	-5.81268684081747
USP35	-0.433014557752383	3.019358472589	-1.38402001960852	0.195812206978438	0.477412537098632	-5.63912140200971
C2CD5	0.357232250935106	6.32902141757186	1.38396094626953	0.195829753978112	0.477412537098632	-5.99427770763686
MAMLD1	0.935352766999759	0.228402307333248	1.38342904628324	0.195987807994074	0.477696598178115	-5.31900416409184
ENSG00000301330	-0.958670438458422	-3.79371977630288	-1.38333134878876	0.196016850486485	0.477696598178115	-4.95199238801749
ZFP90	0.356555284968504	5.20461630940824	1.38325335702864	0.196040037669139	0.477696598178115	-5.9198159415053
KLHL22	-0.639671474967388	3.69449862846567	-1.38323998696091	0.196044012862392	0.477696598178115	-5.73528803959022
UBAP2	0.296548379792177	6.53088235642617	1.38323213432927	0.196046347641289	0.477696598178115	-6.0043521662745
ENSG00000297212	0.928524808291738	-3.7719508640834	1.38309790678717	0.196086260389886	0.477699846752016	-4.95387570678455
NALT1	-0.973085091961149	1.28663319882882	-1.38304560122135	0.196101815379045	0.477699846752016	-5.42975223843502
ENSG00000287260	1.11128098241571	-1.56417029089257	1.38300779906226	0.19611305789313	0.477699846752016	-5.13929548449596
MTND4P12	3.33514239700611	1.42658323719684	1.38283550089627	0.196164306945732	0.477699846752016	-5.44533982745352
DAB2IP	-0.461260144569518	6.09222551900297	-1.38283270085803	0.196165139893515	0.477699846752016	-5.9836237679127
JPT1	-0.273703832266945	7.71896589956008	-1.38282385512853	0.196167771316735	0.477699846752016	-6.04672340099597
RNF8	-0.274820562585166	5.49544678717652	-1.38258491055478	0.196238863693459	0.477824215442948	-5.9450423434285
PCYOX1	0.254310738612417	6.54980889601562	1.38235961748958	0.196305914281844	0.477912718987273	-6.0062685696661
ELL	-0.433687442965385	3.8757914754196	-1.38232822249474	0.196315259435674	0.477912718987273	-5.7620841361042
SMG1P6	-1.00251913105422	-3.15272023317248	-1.38221121300208	0.196350092231819	0.47794876606801	-5.00252688332716
HMGB1P11	1.37450945660342	-3.49181343040443	1.38210904599044	0.196380510800965	0.477956651467849	-4.9761610033899
C6orf141	-0.993969084041964	1.86828574211541	-1.38203002177232	0.196404041704279	0.477956651467849	-5.49622046497584
APLP2	0.306632301245404	9.58356931592861	1.38199856494852	0.196413409209229	0.477956651467849	-6.09297837305126
SNORA72	0.862919622159042	-2.76502686104388	1.38183476691521	0.196462192595817	0.478026623578792	-5.03437557614409
PRDX1	-0.376389987447384	9.31083413274267	-1.38175903458167	0.196484751141083	0.478032778336822	-6.08767656159629
SCN2B	0.59443625434363	-0.426515909303218	1.38160966500099	0.196529250565398	0.478043233716285	-5.2550746561081
EIF3F	-0.307376216961162	7.41056967272915	-1.38160080302709	0.196531890946488	0.478043233716285	-6.03877707523294
OSTCP4	0.904663165378235	-2.38534984710979	1.38154292220118	0.196549136986547	0.478043233716285	-5.06666995118646
ENSG00000293760	0.922139000157236	-3.26827434626534	1.38137975087607	0.196597762014114	0.478112776237097	-4.99436263799297
ENSG00000275485	-0.959325965723393	-4.05171178684592	-1.38127895477396	0.196627804302598	0.478137117197157	-4.93554607291125
PDLIM7	0.433346622805208	5.84789927872857	1.38116079647235	0.19666302632374	0.478174047399013	-5.97144374174257
CDKN2AIPNLP1	1.01691378511612	-2.35723242224892	1.38098184078084	0.196716381676068	0.478255055664939	-5.0697481069482
ARMCX6	0.363849582902351	3.65976279907822	1.38054700689753	0.196846077547693	0.478503913979202	-5.73374934729261
MAGOH-DT	0.856618503403703	-1.36179227556559	1.38047939538411	0.196866250191084	0.478503913979202	-5.16183814414852
LINC01418	0.554152034032831	1.89294119928117	1.38038887445078	0.196893260841425	0.478503913979202	-5.50111327803802
KIF24	0.416803401892819	3.78732883705899	1.38014721904388	0.196965383988857	0.478503913979202	-5.75235025106574
INTS11	-0.326971915294331	6.44061678707749	-1.37994883856546	0.197024608178648	0.478503913979202	-6.00452537728644
ENSG00000286129	-0.909087457137712	-1.34733428142608	-1.37990491254305	0.197037723812054	0.478503913979202	-5.16393688463688
ZNF358	-0.538350811503847	4.74561631173297	-1.3798915035726	0.197041727670582	0.478503913979202	-5.87728684142825
MSANTD1	-0.930300642243731	-1.8641185008049	-1.37987515145334	0.197046610432949	0.478503913979202	-5.11490564954791
PYCARD	-0.339464380468829	3.22515254625529	-1.37982203301542	0.19706247236563	0.478503913979202	-5.67293626698379
SIMC1P1	-0.85387333690824	-2.03238870686299	-1.37981747000944	0.197063834995297	0.478503913979202	-5.09967604680134
ENSG00000275993	-0.606688170445318	1.45050832817019	-1.37977222384737	0.197077347080058	0.478503913979202	-5.45176713759339
SUCLG1	0.352211924919374	5.47441929376569	1.37976523175006	0.197079435234245	0.478503913979202	-5.94697681274047
PLCB3	-0.503627395836924	7.02690096652916	-1.37974053483963	0.197086810989763	0.478503913979202	-6.02818950808829
TCAF1	0.582804807851369	5.19986204195004	1.3796982997511	0.197099425077703	0.478503913979202	-5.92386327060806
SIK2	0.260616004155365	5.13722343410624	1.37953171719492	0.197149183874234	0.478576034532786	-5.91825682801702
DLL1	0.569295524590185	2.70017742287193	1.37938345048286	0.197193480566424	0.478618961095084	-5.60201637096213
UBE2L3	0.526002589170323	7.84526006205741	1.37933214935665	0.197208809426757	0.478618961095084	-6.05482120737783
RABGAP1L-DT	0.802229919927646	-2.20211982399444	1.37927118087794	0.197227028213439	0.478618961095084	-5.08525495922623
HIF1A-AS3	0.814964114659803	0.083352376077355	1.37914749840889	0.197263991742426	0.478659992976463	-5.30961110887536
TRIL	0.366003479997309	3.47323647975627	1.37878293561742	0.19737297830711	0.478875762250259	-5.70939307163224
UBE2FP1	-0.977474955709335	-2.33046506170698	-1.37843237482096	0.197477826794298	0.479059079462736	-5.07506309456086
NEDD9	-0.728096439410164	2.78671506181091	-1.37835311538198	0.197501538834513	0.479059079462736	-5.61473852682928
STX5	-0.26848770377888	4.94348350088607	-1.37832901226646	0.197508750237287	0.479059079462736	-5.90064869731328
SSTR3	-1.39930456319812	-0.397374703166885	-1.37826091536394	0.197529125324473	0.479059814461863	-5.26211506136989
ENSG00000285043	-0.847508333112251	-0.528794296740289	-1.37774439355903	0.197683730048693	0.479333504551899	-5.24929847699071
TANC1	0.395318789072286	3.90851851227675	1.37769839050725	0.197697504571833	0.479333504551899	-5.77245993194313
SPOP	0.273538430362052	4.81597791060357	1.37757889009065	0.197733289915643	0.479333504551899	-5.88799043892065
RANBP3-DT	0.608812390060283	-0.942218081139669	1.37754562324018	0.197743252907508	0.479333504551899	-5.20718684285835
EIF2B2	0.408093074964876	5.43903530475346	1.37750920617367	0.197754159833092	0.479333504551899	-5.94706738246474
ARL16	-0.298255193434264	4.80473666209964	-1.37748143986413	0.197762476194015	0.479333504551899	-5.88688113568749
PAQR9	0.50836773013482	1.95873939904859	1.37728605072224	0.197821006042688	0.479402117306423	-5.51266126520668
VCP	-0.48123856481671	8.86607303750996	-1.37723898350619	0.197835107455775	0.479402117306423	-6.08361802649387
RAD9A	-0.418275012254966	3.91907510252468	-1.37715251130897	0.197861016870368	0.479402117306423	-5.77461960337741
ENSG00000229728	1.01523152543473	-1.40360159308507	1.37711876180823	0.197871129910989	0.479402117306423	-5.1617924775894
MLF2	-0.363373609334879	7.90302851306976	-1.37696740081294	0.19791649059919	0.479440024043061	-6.05945846038853
RPL41P1	-0.339861544449999	7.45366816554966	-1.37684223252916	0.197954008327102	0.479440024043061	-6.04616302487253
NR2E3	-1.15522439861732	-2.46114533834444	-1.37679537203188	0.197968055753247	0.479440024043061	-5.0657780677545
RASSF3	-0.331637644245395	5.46599755298747	-1.37676573590271	0.197976940243672	0.479440024043061	-5.95010778531387
ENSG00000296011	-1.5275565872189	-2.13506811182127	-1.37673146132413	0.197987215693988	0.479440024043061	-5.09416085796609
PRSS53	-1.12047242903597	-0.330739411109789	-1.37637023263286	0.198095538643921	0.479608950036679	-5.27118735792803
ENSG00000286536	-0.867143987422333	0.759876725262397	-1.37636481148901	0.198097164681845	0.479608950036679	-5.38199545507747
SLC20A1	-0.320164078543034	6.704729729647	-1.37609874146696	0.198176984519024	0.479711516804886	-6.02059887764368
CHAF1A	-0.326484627280281	6.81081294668271	-1.376047233739	0.198192439738842	0.479711516804886	-6.02483933891662
MTIF2	-0.341597555013585	5.89748898155755	-1.3760226158823	0.198199826840951	0.479711516804886	-5.98100020764103
XYLT1	-0.289331929430483	5.30364366913742	-1.37573031127416	0.198287556661027	0.479810586097247	-5.93804533424483
BLACAT1	0.508014977924145	5.14852827825035	1.37568662497477	0.198300671102977	0.479810586097247	-5.92416251766678
ENSG00000288752	-0.79896029867092	-0.15224183016666	-1.37566667421978	0.198306660477938	0.479810586097247	-5.29009832035676
CYBC1	-0.494224982575942	5.23517598988933	-1.37556161859179	0.198338201523264	0.479810586097247	-5.93228635732747
MGA	0.413450788572009	5.88491689869348	1.37555137786587	0.198341276341201	0.479810586097247	-5.9808192064583
ARHGAP33	-0.611601923612321	4.5040935629421	-1.37516809473807	0.198456387454239	0.480040397220058	-5.85465382408069
TMEM220	0.42057090462138	2.868125971159	1.37484420654902	0.198553704362926	0.480226527094923	-5.63000180680929
ZNF747	0.548171601452605	3.1474793314758	1.37477807857366	0.198573578409511	0.480226527094923	-5.66840386005891
ZNF483	0.375089658637463	5.71256234464624	1.37461999899409	0.198621094299151	0.480257472320327	-5.97083288424284
ENSG00000305869	1.00536407036515	-3.26859494527018	1.37460162194426	0.198626618731887	0.480257472320327	-5.00220227810376
ENSG00000272918	0.764686985674207	-2.587605979253	1.37448361613378	0.198662096231925	0.480271649184651	-5.05778430956755
RPL7P21	-0.812474847192448	-0.711938963194206	-1.37444825697982	0.198672727716096	0.480271649184651	-5.234465116738
BNIP2	-0.246651865170149	5.77873696961088	-1.37426068097463	0.198729134451779	0.48035935304442	-5.97573415933108
KCNRG	0.733921290796674	-1.7293137730127	1.3733078767059	0.199015864172552	0.481003709387979	-5.13523330864916
IAH1	-0.389344701968037	3.09616118992747	-1.37291999593846	0.19913268972324	0.481237333497829	-5.66358255464372
BICRA	-0.459714392006454	4.23646041006792	-1.37273828811199	0.199187438021896	0.481320905464066	-5.8234471340442
LSG1	-0.391952776610726	6.19869682100857	-1.37257754563148	0.199235880046411	0.481382449831915	-6.00217211281051
RPL23P6	1.35638171078793	2.52821856406282	1.37251992921098	0.199253245983554	0.481382449831915	-5.58828101835647
SEPTIN8	-0.283819915048879	5.7522439290129	-1.37241583545709	0.199284623697536	0.481390930943303	-5.97630202063566
ENSG00000260927	0.723717784630964	-1.12823121941504	1.37237446336244	0.199297095933748	0.481390930943303	-5.19461863406109
MDM2	0.328872654418778	6.26637067371091	1.37218007269555	0.199355706694747	0.481463684956082	-6.00608884042254
ENSG00000280441	-1.21763689563839	-2.04984117729903	-1.37214075931884	0.1993675618394	0.481463684956082	-5.10719552787386
ENSG00000228643	0.942873054862221	-3.6420534633274	1.37192730865933	0.199431939298551	0.481570426470915	-4.97646065028454
TFG	0.383369747515962	6.8419681915842	1.37167661853944	0.199507570630111	0.481591536503818	-6.03154493873227
LEAP2	0.63395371575478	-0.636243620084831	1.37166301046951	0.199511676772953	0.481591536503818	-5.24558966674755
PHF10	-0.347311366026079	5.43993535712374	-1.37165536119923	0.1995139849196	0.481591536503818	-5.95450640013983
ENSG00000289105	0.773761174324735	-1.59932420658171	1.37160662475932	0.199528691536015	0.481591536503818	-5.14954655051174
XRCC6P4	1.71239756628587	-3.49900484905507	1.37156394173778	0.199541572233052	0.481591536503818	-4.98778616859331
DUSP11	0.439505671629678	4.66038065446671	1.37128216370028	0.199626623531822	0.481748091388676	-5.87826309217967
ENSG00000267422	-0.300191140495989	4.16826680722397	-1.37100849184752	0.199709257253005	0.481898780998632	-5.81653769833644
EBF4	0.836748622410143	1.92743613931661	1.37057291543434	0.199840836482159	0.482167533796976	-5.51727965990909
FAM66C	0.591051363299749	1.83497068824385	1.3704428651594	0.199880136286084	0.482213606867478	-5.50669616837153
TCEA3	1.15304197184616	-3.28671024303031	1.37025513589148	0.199936877523397	0.482285800099509	-5.00580604511748
PA2G4P1	0.592275024797441	1.55791035714297	1.37021015436523	0.199950475216183	0.482285800099509	-5.4754823910322
ENSG00000286970	0.724163789386988	-1.37619137452667	1.37000699264827	0.200011899682347	0.482362715054134	-5.17294956236796
ENSG00000290366	-0.643938025020129	-0.248054806141277	-1.36997099746994	0.200022784216314	0.482362715054134	-5.28731605632149
NOL7	0.322734038457091	5.78975019066582	1.36972244722614	0.200097956581941	0.482495244467689	-5.98216648898264
NUDT7	0.540665388160153	3.11859750786196	1.36959073025482	0.200137803127428	0.482521070230168	-5.67084667378473
MOB2	-0.454752466232574	3.32680961054576	-1.36955338771537	0.200149101071717	0.482521070230168	-5.70007456690849
LRRN2	0.886654763450235	4.00419508661256	1.3694783431021	0.200171807357993	0.482527070620465	-5.79610016635464
HS3ST6	-0.791067089308859	-1.82051649493287	-1.36918436709546	0.200260776677684	0.482652945847541	-5.13161218793407
PTGES	-0.771927284578108	2.2809158300517	-1.36917216345806	0.200264470722261	0.482652945847541	-5.56139914615582
TM6SF2	-0.680145133222936	0.634807531424554	-1.36905351504637	0.200300388615659	0.482690768890341	-5.3779891686551
KDM2B	-0.270689893222086	6.83902051788396	-1.36887349874509	0.200354894468038	0.482773373676796	-6.03495798053698
ACKR2	1.11667168316688	-3.15912777249356	1.36860279886959	0.20043688121511	0.482922172820617	-5.01782008063614
MARVELD1	-0.32288841098997	5.70343980047851	-1.36845888377538	0.200480480189581	0.482978461762867	-5.97795423455788
SEPHS1	0.523241374856216	10.0286906803855	1.3683809432153	0.200504095552322	0.482986601589348	-6.11875028157188
NFKB2	-0.632383779583728	4.55275544922365	-1.36825331522767	0.200542770852904	0.483031013416718	-5.86927294136844
GNAS-AS1	-0.686498549838171	-0.216260450278425	-1.36810997265229	0.200586215641089	0.483086902997566	-5.29278741672582
AGMAT	-0.508017878015726	2.65985019518462	-1.36764403523731	0.200727488269876	0.483378363690558	-5.61132063297211
SERBP1	-0.276291259487701	9.70814272092389	-1.3673712646869	0.200810231318492	0.483451266734404	-6.11391774469099
SLC8B1	-0.343211183713863	4.27066051409871	-1.36723546195335	0.200851436814108	0.483451266734404	-5.83483935418012
CCDC22	-0.563159429618585	3.36729527354686	-1.367227635025	0.200853811890411	0.483451266734404	-5.70869507673646
ENSG00000297567	1.22159511412718	-2.81117730940785	1.36715003181022	0.200877361811765	0.483451266734404	-5.04772358868225
SHISA8	-1.25695524552878	-2.84950289100035	-1.36712135669068	0.200886064316524	0.483451266734404	-5.04460161944523
UBBP4	-0.928628871128811	0.338374740253122	-1.3670950325643	0.200894053605942	0.483451266734404	-5.35004477401318
ENSG00000262921	-1.54202677991756	-2.92232942721082	-1.36707690855217	0.200899554341636	0.483451266734404	-5.03868933728874
ENSG00000305226	0.986978279017465	-3.49292888073202	1.36690028868605	0.200953166049503	0.483506241453145	-4.99361965058244
ENSG00000240591	0.877918143708225	-4.07022843900252	1.36680689597708	0.200981519600293	0.483506241453145	-4.95072341748516
GCNA	0.46446287552545	0.50893443245753	1.36678037478654	0.200989571911162	0.483506241453145	-5.36781465511156
GTPBP8	-0.330713296134418	3.9617820831192	-1.36673472488743	0.201003432676839	0.483506241453145	-5.79361829652573
SLC30A10	0.883791011878175	0.0879205270292676	1.36665012863233	0.201029120920872	0.483519301523577	-5.32526087353013
SHISA7	-0.612576156409139	1.51635830272708	-1.36655521128236	0.201057946519514	0.483539904230274	-5.47533960769583
ERBIN-DT	-0.867036635206502	-3.48797129129878	-1.36632871092813	0.201126746791128	0.483656631301144	-4.99465855214129
ATP1B3	-0.331826242644504	7.49551959913617	-1.36600941603089	0.201223767305047	0.483797439012446	-6.06112728732913
MYL12-AS1	1.23983795256123	-2.41522299274912	1.36600258877757	0.201225842254014	0.483797439012446	-5.08237300169646
ENSG00000256955	0.703363844774382	-2.23370674659484	1.36581033919279	0.201284278409302	0.483865357096292	-5.09834516664434
NOS1AP	0.45364486382685	3.40960475729878	1.36577626122816	0.201294638228897	0.483865357096292	-5.71651634746928
ENSG00000250519	0.503849627606879	3.00573706638857	1.36565269214277	0.201332207414845	0.483906927932539	-5.66012938260451
RNPC3	0.337928132090667	3.41893280084831	1.36530791102565	0.201437063677718	0.484110200261413	-5.71843059195859
ENSG00000273271	0.536814157574396	-1.27544704726446	1.36506768496177	0.201510149320744	0.484237085565665	-5.18872753139353
CDIPT	-0.355368118401666	5.91371858755031	-1.36492133654552	0.201554684825551	0.484249969580454	-5.99595341708696
REEP4	-0.399807264221045	5.11948651187128	-1.36491671973957	0.201556089907078	0.484249969580454	-5.93494792601465
ENSG00000298733	-0.998376806118666	-3.28950800328022	-1.36483144707893	0.201582043318836	0.484263576033283	-5.0118453164574
THAP11	-0.31066610397272	5.43203793006945	-1.36444576390912	0.201699464094196	0.484496891056378	-5.96291450076466
SEMA5B	0.508005382496926	5.92932108041279	1.36414472857195	0.201791153824551	0.484668357485214	-5.99786469354238
PES1	-0.358191134688742	7.1531631519798	-1.36403628983993	0.201824190801814	0.484698929549899	-6.05238423660301
PIK3C3	0.268642743052384	5.50993305064397	1.36385017117189	0.201880904353248	0.484786351161984	-5.96972320726205
SYNRG	0.279298011202085	5.62429164435765	1.36365468163415	0.201940487769577	0.484880646035865	-5.97847022666427
ST8SIA2	0.373564422626021	2.42059638932801	1.36352803336621	0.201979096875187	0.484924565448153	-5.58574224538526
ENSG00000308951	1.00730423272599	-3.96039462109561	1.36324078777113	0.202066687514949	0.485086062252995	-4.96273242880512
ENSG00000272824	-1.20570932932618	-3.80722666295631	-1.36312446269343	0.202102167926899	0.485087577369414	-4.97414864221125
DHRS4L1	0.885702709190652	-1.65052998859076	1.36310544876442	0.202107967878722	0.485087577369414	-5.15475464075209
PMP22	0.682568360330058	3.02232962202316	1.36297784983484	0.202146893886398	0.485093840093215	-5.6657225739384
ENSG00000289357	0.842443634342401	1.99089408843581	1.36296364739242	0.202151226947966	0.485093840093215	-5.53411956880932
TAF6L	-0.596787517368285	3.98711053450199	-1.36276283128356	0.202212502818575	0.485192098599671	-5.80211412613195
H1-4	0.901499444553783	-1.6517227416628	1.36244817976982	0.202308545103576	0.485373748088765	-5.15541912303247
SDHA	0.424991912614672	4.01150477325521	1.36229240218873	0.202356107850595	0.485392247261361	-5.80606913945176
CBR3	0.937569246791862	2.05165637385084	1.36228506211611	0.202358349187625	0.485392247261361	-5.5421483595015
DMC1	-0.404247893758553	2.72696663827791	-1.36222310869894	0.202377267880245	0.485392247261361	-5.62683228846261
KIAA1191	-0.252461386810856	7.40802707861331	-1.36201266397765	0.202441542388216	0.485497617783314	-6.06336525815523
SDAD1P1	-0.610504083571993	0.982742308699345	-1.36190314082556	0.202474999973522	0.485529069061393	-5.42306800384373
LINC01505	1.30471093091201	-2.69055116193751	1.36162451984955	0.202560135168115	0.485684422951317	-5.06416526918376
TMEM222	-0.278812197752585	4.85925200278459	-1.36136627630481	0.202639070658702	0.485824881909718	-5.91305807020175
ENSG00000307551	-1.39424803061745	-4.03436520885511	-1.36110767108183	0.202718142549836	0.485965639638102	-4.95977927155242
TOM1	-0.345355208495463	4.74186965855055	-1.36092199161906	0.202774932403443	0.486052958890526	-5.90064592227323
SEPTIN4-AS1	0.868717796442287	-2.58430154312021	1.3607931334885	0.202814351357767	0.486053144601807	-5.07405917091092
YWHAZP5	1.49733612089586	-1.68971098050523	1.36072360202861	0.202835624375868	0.486053144601807	-5.15386393418104
ENSG00000286563	0.949248122879172	-3.2787305549044	1.36071199244538	0.202839176488071	0.486053144601807	-5.0174384558268
RAPGEF4	0.454548838778851	1.49706420450816	1.36065163324941	0.202857645057576	0.486053144601807	-5.48042777983838
THAP8	-0.320167844661168	3.43409661008976	-1.36058892057105	0.20287683523372	0.486053144601807	-5.72645678157315
ENSG00000269374	0.445804659145352	3.5664854789333	1.3603251312679	0.202957571833813	0.48615854351986	-5.74563805685604
ENSG00000255647	0.70123298621321	-1.80323354690743	1.36031207911402	0.202961567336988	0.48615854351986	-5.14369577335514
TMEM147-AS1	-0.354126474016994	4.89581917290069	-1.36018292207383	0.203001108225787	0.486175109009276	-5.91844965849048
RPL32P16	0.80851400947344	-1.84545541000229	1.36011376230079	0.20302228385648	0.486175109009276	-5.1400143733251
PRKAG1	-0.656569163392024	-1.26859647364207	-1.36008988988331	0.203029593643753	0.486175109009276	-5.19532464107984
DMP1	-0.927361993489749	-4.04227968711408	-1.35987622723676	0.203095027445946	0.486283007629656	-4.96060315643464
CYP2D7	-1.14224640531004	-0.645147498070701	-1.35927942478803	0.203277890781409	0.486668406132432	-5.259545941734
NBPF10	0.73763255538125	0.369878804965234	1.35920878726568	0.20329954361199	0.486668406132432	-5.36281075226942
LINC00933	-0.961842058452982	-3.08293898621548	-1.35915131967764	0.203317160830707	0.486668406132432	-5.0348449724062
TSR2	-0.314115681507168	5.49756250253283	-1.35903441787137	0.203353002105545	0.486705385203876	-5.97478989531051
PNMA8C	-0.652897913200687	1.31840675928759	-1.35868694951115	0.203459564732096	0.486858550433585	-5.463121997067
TLCD2	-0.724075666685833	0.842971507043012	-1.35861930620384	0.203480315223058	0.486858550433585	-5.41232171914634
TMEM236	-1.20284252133003	-4.17388241724046	-1.35857211705544	0.203494792176817	0.486858550433585	-4.95264291119923
CYREN	-0.300813202210324	5.02268111096743	-1.35855973107221	0.20349859216179	0.486858550433585	-5.93348096574557
LINC03009	-0.53193483920988	1.07749719964862	-1.35843329736385	0.2035373850711	0.486902552820683	-5.43738900524461
TUFT1	0.406241201584582	4.30145116238719	1.358355997099	0.203561105708016	0.486910494080297	-5.84995176458554
CSTF3-DT	-1.0921478641327	-1.05419979380348	-1.35824979466915	0.203593699144613	0.486913026407582	-5.21893089834158
ENSG00000303882	1.01924670926814	-3.12861327477947	1.35821960024083	0.203602966587659	0.486913026407582	-5.03224964737641
LGALS1	0.893969149729459	4.63665993823223	1.35794081675801	0.203688549074667	0.487033334861931	-5.89213898194895
RPS13P2	-0.369221207373405	6.43693845279054	-1.35792278396805	0.203694085917451	0.487033334861931	-6.03203546956125
ZNF493	-0.43684847963694	3.54021194811194	-1.3575799531513	0.203799373725984	0.487184045454621	-5.74530158385757
UNC93B1	-0.398568108492896	4.13576336109503	-1.35755760592467	0.203806238432924	0.487184045454621	-5.82888332002248
PHF20L1	0.328203811192728	5.19171787939709	1.35751816138202	0.203818355631809	0.487184045454621	-5.95092445797328
PSMD11	0.42151735851307	7.94268373304029	1.35740145658506	0.203854210392964	0.487189277192951	-6.0851621087885
CMBL	0.385144503430406	5.31925576526719	1.35731391180692	0.203881109903259	0.487189277192951	-5.96245824902455
TRMT12	-0.328664421240155	3.91199606066756	-1.35726698728258	0.203895529425571	0.487189277192951	-5.79843349863779
CLMN	0.360256429105177	3.8444288390796	1.35724529662431	0.203902195076062	0.487189277192951	-5.78902377403644
ENSG00000261513	1.05401873265771	-3.6186420452593	1.35690076481746	0.204008095945981	0.487381015241508	-4.99544210747409
MAPK1	0.27984134163801	7.39870634366171	1.35685136460721	0.204023284169686	0.487381015241508	-6.06952754138249
ENSG00000286650	0.778128995059066	-2.45265935952353	1.35657895310887	0.204107054809098	0.487532333579739	-5.09016462791005
LINC02782	-1.41724983550996	-3.64998391789541	-1.35633748480858	0.204181334032774	0.487660952602844	-4.99370175666148
BAZ2B-AS1	0.478027637607124	2.21097275364016	1.35584501582854	0.204332894950968	0.487797980764947	-5.56925305648592
C8orf76	0.734585767997716	1.35531915419292	1.35582726372257	0.204338360049717	0.487797980764947	-5.47065170590181
TMEM25	-0.346485780877488	3.30200053177217	-1.35581255728543	0.204342887612646	0.487797980764947	-5.71361849203349
PIN1	-0.389703043218457	5.53226770465553	-1.3558007596004	0.204346519740121	0.487797980764947	-5.98147340474133
CIBAR1-DT	-0.749990279869073	-2.13955378836959	-1.35579289812252	0.204348940066129	0.487797980764947	-5.11838979869802
SLC39A11	-0.312829527218286	4.43770627815687	-1.35570784709647	0.204375126398845	0.487797980764947	-5.8706649065628
GLTC1	-0.623018195259286	-0.233301070712687	-1.35567783453742	0.204384367626571	0.487797980764947	-5.30604093583888
BTBD7	0.246761147857395	5.34384364448892	1.35558184067867	0.204413927638995	0.487797980764947	-5.966704207691
TDRKH-AS1	0.729785160839825	0.978452273109682	1.35537938590099	0.204476282590218	0.487797980764947	-5.43055210210845
TSACC	0.674396679376398	-0.0193358413106786	1.35531455386569	0.204496253864606	0.487797980764947	-5.32811465950677
OSBP2	-0.33236657333159	2.93876528822019	-1.35525353333815	0.204515052509747	0.487797980764947	-5.66383773218375
RIMS1	0.799881849359672	1.3774427640247	1.35515771821062	0.204544573276093	0.487797980764947	-5.47389891331513
RAET1G	-0.869790640620708	-4.25998613328104	-1.35509654727936	0.204563421985998	0.487797980764947	-4.95132243147303
SLC8A3	-1.12860455012782	-0.363469931111891	-1.35495148185858	0.204608127070354	0.487797980764947	-5.29367555715564
CADM2	0.88299823715414	3.16943921502556	1.35492520884734	0.204616224548542	0.487797980764947	-5.6960806146845
TMEM31	0.971374833478623	-0.382847635362263	1.35490222042135	0.204623309920608	0.487797980764947	-5.29175264222079
ZNF865	-0.52434190669779	3.80263957019813	-1.35481444478331	0.20465036555675	0.487797980764947	-5.78611909191731
SUGT1P3	0.428638469952245	1.19309925456132	1.3547688790581	0.204664411747188	0.487797980764947	-5.45427364851632
DNAJC2	0.398153508045917	6.01364824033938	1.35474206080092	0.204672679179277	0.487797980764947	-6.01451995588052
HNRNPCP2	-0.357226855866286	7.65799733887475	-1.3547211442657	0.204679127444635	0.487797980764947	-6.08024502813332
ENSG00000293600	-1.16832043634607	-1.52154671562234	-1.35471237544505	0.204681830795839	0.487797980764947	-5.17700492468331
ENSG00000302960	1.0225896048553	-3.45079412388505	1.35468425419072	0.204690500535802	0.487797980764947	-5.01088218799406
CEP112	0.704692185612617	2.46127880598521	1.35462494928131	0.204708785156983	0.487797980764947	-5.60184203933229
LINC00598	0.648181592369454	-0.135044409848678	1.35436493238485	0.204788968528979	0.487902951732459	-5.31756098067895
SPINK2	-0.744073393369245	-0.535543097448621	-1.35429985352285	0.204809041501604	0.487902951732459	-5.27680862212517
RTEL1-TNFRSF6B	-1.49157911569457	-0.426297926335424	-1.35428324377278	0.204814164889073	0.487902951732459	-5.28804392532263
STARD6	0.879130580594268	-2.4022318022525	1.35405039680559	0.204885999372819	0.488024873488752	-5.09744468887601
ENSG00000219553	1.51417081337286	-2.01505340687452	1.35398479673659	0.204906241137587	0.488024873488752	-5.13168309570621
ZCCHC14	0.283340692461852	5.85604069167817	1.35382763821525	0.204954741276173	0.488091679309362	-6.00625663120215
RPL12P6	1.84685052242183	-2.24890217241278	1.3537236474879	0.204986838770588	0.488119413442843	-5.11115889285749
ENSG00000285649	0.748650039059831	-3.60698134866105	1.35340659736162	0.205084724564508	0.488303783038819	-5.00031566967831
MOB3C	-0.427808539279077	2.05352120694819	-1.35311356428558	0.205175230135022	0.488470545399757	-5.55362133130756
ECI2	0.274666800078982	6.47414907471335	1.35304162268646	0.20519745497297	0.488474731482135	-6.03980214465767
FKBP4P6	1.48004276605523	-1.85007047966205	1.35295518655496	0.205224160254711	0.488489581410112	-5.14800408524458
PSMD7	0.309550146669216	7.68663662698807	1.35262883595077	0.205325015660465	0.488569204781766	-6.08371793624967
SYT17	-0.353078895592922	2.84594974187276	-1.35258077326944	0.205339872456538	0.488569204781766	-5.65456799445434
BCL11B	0.658671652517382	2.00111202289864	1.35247349831506	0.205373035775641	0.488569204781766	-5.5481907443974
TXNRD3	-0.381654407116795	3.3581102679818	-1.35246692309459	0.205375068605857	0.488569204781766	-5.72567980170207
RUNX3	-0.631734306627642	0.515854050745639	-1.35234515736541	0.205412717390459	0.488569204781766	-5.38602712709581
PRPF19-DT	0.862535649861438	-3.20209335238905	1.35234378634427	0.205413141329792	0.488569204781766	-5.03313257497768
ALAS1	0.230857206672177	6.38727139948721	1.35231915092596	0.205420759078005	0.488569204781766	-6.03675124892444
VGLL4	0.342861739868128	5.89234650989551	1.35227736541742	0.205433680506496	0.488569204781766	-6.01043130512128
ASIC1	0.540885518731808	3.29176651833504	1.35225096076037	0.205441846029656	0.488569204781766	-5.71657123865845
BLOC1S1	-0.481266895561851	2.62307561210584	-1.35216738259469	0.205467693996869	0.488581991892325	-5.62561409554297
CYFIP1	-0.249133149703304	6.87347549645722	-1.3518129996835	0.205577323156545	0.488793980053522	-6.05760992548232
ENSG00000267666	1.1998975288928	-2.60835078256524	1.35167633151723	0.205619614836073	0.488827377199131	-5.0826190468295
ENSG00000287742	-1.03906415821981	-3.15744555907748	-1.35149014449909	0.205677241731274	0.488827377199131	-5.03767843360126
DPRXP4	1.06354357166582	-3.39438448085788	1.35146461495022	0.205685144455701	0.488827377199131	-5.01895840865405
SLC35E4	-0.562288840609151	2.72367275046694	-1.35144864379678	0.205690088488276	0.488827377199131	-5.63967233299534
ENSG00000276148	1.16271283331382	-3.75320121850062	1.35141414534576	0.205700768173013	0.488827377199131	-4.99150938330639
ENSG00000293186	-0.932448052920839	-2.39473126728098	-1.35137057405342	0.205714257199819	0.488827377199131	-5.10120958928556
ZBTB8OS	0.515344177704535	4.48765645229464	1.35129694896482	0.205737052118106	0.488832874355684	-5.88238816628362
ENSG00000303695	1.17587425557984	-3.13292405754296	1.35105584293949	0.20581171526564	0.488961597476112	-5.04014293025029
ZNF384	0.252167532266657	6.05152206241867	1.35093298757858	0.205849768520416	0.489003326891287	-6.02139494106048
RPSAP12	0.875643529675633	1.14163171398915	1.35083068714256	0.20588145957632	0.489029935878587	-5.45351196055456
ADSS2	0.270261795832474	6.9527784473425	1.35062924288081	0.205943875747553	0.489129513629899	-6.06202728027142
LURAP1	-0.408228994478058	1.60950560581485	-1.35051070130707	0.205980612464405	0.489168087332134	-5.50539676101589
MRPL54	-0.60254375010385	3.64256898094103	-1.3503339033884	0.20603541333897	0.489249548319689	-5.76889338310511
RXFP1	-1.36383782001013	-2.64849548625651	-1.34991838058563	0.206164258173731	0.489506799625194	-5.08126985320272
ME1	0.4820336650256	3.99595599983608	1.34952106542025	0.206287520199287	0.48967817480334	-5.81977193891814
ENSG00000309145	1.29321739845996	-0.820706229831628	1.34945391573209	0.206308358629117	0.48967817480334	-5.25319129571551
IFT20	-0.418927179753968	2.84733349998958	-1.3494148465883	0.206320483688927	0.48967817480334	-5.65864618456799
DNAH10	-0.904413742176662	-1.41440173100473	-1.34939061593807	0.206328003940147	0.48967817480334	-5.19366899534671
MAZ	-0.349307101942236	7.5457495163053	-1.34929690774129	0.206357089475651	0.48967817480334	-6.0835915423925
EXOSC8	0.356950172402768	6.45919798079648	1.34924678471221	0.206372648274407	0.48967817480334	-6.04385823776725
PPRC1	-0.341340332739254	6.4614182720553	-1.34922292654992	0.206380054483043	0.48967817480334	-6.04398744832421
SAPCD2	-0.490374006255843	5.66201288827743	-1.34891645579073	0.206475210922866	0.489788359391822	-5.99949282625807
CNRIP1	0.846689899072325	2.26659222955084	1.3489038660691	0.206479120703296	0.489788359391822	-5.5845569740999
EEF1A1P11	2.5687034671695	1.14749583187489	1.34887508929018	0.206488057661227	0.489788359391822	-5.45651578689303
ENSG00000226900	-0.958867612812672	-1.17458630036627	-1.34876273091987	0.206522954934241	0.489804976623381	-5.2180773810253
DRC12	-0.730800383502727	0.124893844174535	-1.34872038691537	0.206536107794767	0.489804976623381	-5.35063069965018
FRK	0.461247088814701	-0.0832735313466386	1.3484855536417	0.206609064225101	0.489887269003165	-5.32984843579649
CHCHD4	0.3853729873137	4.66850294665508	1.34847655766815	0.206611859462264	0.489887269003165	-5.90765105054136
ENSG00000287584	-0.70155193025538	-3.32440484346839	-1.34830123051997	0.206666343585366	0.489967778121777	-5.02806498099757
DGCR6	0.736313038997173	-2.42819134449778	1.34820853422603	0.206695154451263	0.489987410735825	-5.10199746956034
DSCAM	0.613437632062656	-0.602395012815015	1.34792221756596	0.206784165513588	0.490149734662111	-5.27752355074791
ENSG00000215840	2.51363792270236	-1.18393367100159	1.34754075761635	0.206902804795448	0.490382248466034	-5.21858886968011
TFPI	-0.977728381762775	3.35553662960511	-1.34720229561154	0.207008118738208	0.490583136721757	-5.73180392652481
ENSG00000293759	1.11758890053212	-2.56930143357654	1.34647662312863	0.20723406586899	0.491069842146067	-5.09194458722888
ENSG00000308905	0.609582045235125	-0.485338320179876	1.34634167757947	0.207276105547667	0.491120700000612	-5.29146910750522
RASSF1	-0.741903584082418	2.59143189019528	-1.3462420319045	0.207307152804226	0.491145504861868	-5.62877818647756
PIGX	0.4239340790047	4.22153092630269	1.34612890279658	0.207342405890457	0.491180268127795	-5.85459100623399
TAF2	0.303055557246283	5.90331251261729	1.34584211632968	0.207431796200981	0.491343259222789	-6.019108253754
ENSG00000260288	-1.06835405368749	-2.54641775999319	-1.3457703624405	0.207454166663274	0.49134748394883	-5.09470515468337
GDF11	0.464283600978129	5.07365705538067	1.34562567560846	0.207499281304655	0.491405571234194	-5.95460786895951
MYO1B-AS1	0.68536133172125	1.05798451297005	1.34547323275233	0.2075468232066	0.491469394728834	-5.4510330852899
ENSG00000290830	0.723953856051478	-1.6232775860491	1.34510037107306	0.207663144806733	0.491674325467766	-5.17855918298899
ZFP36	-0.46619020031295	2.24314180371776	-1.34506376943192	0.207674566348538	0.491674325467766	-5.58636980845508
METTL22	-0.276632036078956	5.01705555305905	-1.34453034926858	0.20784107963545	0.491941475164687	-5.95034550995431
ZC3H14	0.287501057250834	6.98732742411256	1.34443795148223	0.207869933998192	0.491941475164687	-6.07099126000101
LRRC37A15P	-0.8760890676737	-3.89412149447795	-1.34443285883551	0.2078715244482	0.491941475164687	-4.98890258422583
ENSG00000305254	-1.10174508249874	-3.80708580227151	-1.34443072083274	0.207872192156393	0.491941475164687	-4.9953791688924
RPS13	0.455222489957153	8.32279946763693	1.3443400281255	0.207900517558893	0.491941475164687	-6.11166188910204
DCXR	-0.281957594240784	4.8382999241966	-1.34430622336639	0.207911076381036	0.491941475164687	-5.93196021676305
LMBR1L	-0.354502910678028	4.85024666335486	-1.34396119116834	0.208018871828825	0.492113916433829	-5.93369946755128
MLLT10	0.354359233463335	6.25789461626846	1.34394096007352	0.208025193903754	0.492113916433829	-6.04094759850385
LINC01315	-0.366886463088043	3.17479048707957	-1.34374414291385	0.208086706252516	0.492144647962219	-5.71059033592607
ADIPOR1	0.392256284134608	6.80424691271352	1.34373102923658	0.208090805281566	0.492144647962219	-6.06502339615349
ENSG00000303033	-1.23446915210921	-2.06356621538618	-1.34370146840496	0.208100045553891	0.492144647962219	-5.13931455609728
ENSG00000296839	-0.620189235969815	-1.21840994650102	-1.3433682503778	0.208204228197839	0.492326906575021	-5.22007729548829
TRAPPC4	-0.346473665510436	5.62313672670089	-1.34332303553299	0.208218368247717	0.492326906575021	-6.00371165603072
HSD17B12	0.384190964947822	6.98072592218041	1.34322136362002	0.208250167058103	0.492353317204136	-6.07226170296166
ARAP3	-0.417809637675091	6.32619949684042	-1.34305226945494	0.208303061762681	0.492429593412233	-6.0454053509342
ENSG00000214770	-0.494673947940815	-0.501323371470475	-1.3429787111571	0.208326075189087	0.49243522200039	-5.29382916666979
DHDDS	-0.339685553313006	5.22262844280956	-1.34290327420302	0.208349678574937	0.492442243864925	-5.97192487833192
MAF1	-0.311605456949124	6.47317440160279	-1.3428370080545	0.20837041435859	0.492442487325129	-6.05244640971059
KRCC1	0.334684230576405	4.59929594529763	1.34253941369071	0.208463557833996	0.492613835131088	-5.9067992399868
F8	0.494024538131448	2.21569648730932	1.34235047126541	0.208522712580932	0.49270483924058	-5.58632910388634
RPL39P3	0.539079360272527	8.22941820117399	1.34226541168131	0.208549347900624	0.492718994886577	-6.11181432554648
SLC5A7	1.09699064125409	-3.10703507287323	1.34218926747532	0.208573193891612	0.492726558310512	-5.05238525245108
ENSG00000223838	-0.729174407417978	-3.48621378585847	-1.34201276463426	0.208628477825748	0.492759767257244	-5.02257142924627
DZIP1	0.327347795480538	5.94636352509354	1.34201255492569	0.208628543517596	0.492759767257244	-6.02645551958768
ENSG00000302226	0.952575574867311	-3.10220762123559	1.34185968186839	0.208676436060624	0.492824114333951	-5.05315163355284
RAD54B	0.376974826283915	3.77762129129481	1.3417836333002	0.20870026420661	0.492831622224117	-5.79863408922128
EXOC3-AS1	-0.596576823221338	0.575524768424242	-1.34152259926984	0.208782070744935	0.492976027153678	-5.40521202659574
ZNF397	-0.354012641730207	5.61931973441294	-1.34141000395406	0.208817365714729	0.493010591306107	-6.00580769084537
TTC23L	0.515592703711111	1.17978193040931	1.34131592878094	0.208846859038299	0.493031452489326	-5.46914785301505
ENSG00000189316	-1.14216260729641	-3.98042889472508	-1.34113749213296	0.208902809908178	0.493094074830123	-4.98625749637705
HNRNPCP3	1.71649499981584	-1.67242905820151	1.34107251393217	0.208923187677851	0.493094074830123	-5.17859857640412
ENSG00000274080	1.07217126949983	-3.60809997665484	1.34103368388396	0.20893536593443	0.493094074830123	-5.01428362012677
GOLPH3L	0.469552438078858	6.12424058771392	1.34083225284584	0.208998550193818	0.493177854460059	-6.03792072906083
FAM86JP	0.411697747868709	2.91493601000647	1.34076230057373	0.209020496331865	0.493177854460059	-5.67839285139047
ZNF687-AS1	0.519735343470851	-0.0306041663109766	1.34072290720596	0.209032856065612	0.493177854460059	-5.34446845230684
HMGA1P8	-1.12330674760626	1.79352772649932	-1.34060702711149	0.209069217168868	0.493214886445525	-5.53840983116206
STX8	0.346842103793432	4.1628859280811	1.3403189109374	0.209159645737781	0.493337745366512	-5.85390823118249
ENSG00000274104	-0.679357422400024	-0.0239084665444613	-1.34030938378555	0.209162636500764	0.493337745366512	-5.3456414568391
YBX1P2	-0.586749953393426	4.61906941456901	-1.3402297424759	0.209187638891344	0.493347962195624	-5.91200656878144
IMMP1L	0.376116388202753	2.9059854003765	1.33997925120467	0.209266293731416	0.493484698398153	-5.67813572324006
SGCD	0.932632717079809	-1.21829409817108	1.33981356045107	0.209318334561263	0.493499265007568	-5.22427533759128
TRPA1	-0.625099903018122	0.656806389068154	-1.33980866295403	0.209319872951342	0.493499265007568	-5.41567288700028
ATP8B5P	2.63180724017258	-1.05206597359076	1.33976209261036	0.20933450198754	0.493499265007568	-5.24105095604094
SLC12A9-AS1	0.775587573178782	-2.14787668584015	1.33956912689941	0.209395126951515	0.493593431600178	-5.13655413716357
POTEI	1.54111098785059	-3.04462337937008	1.33927723014373	0.209486861374569	0.493760904644168	-5.06076701749418
GASAL1	-0.897351021314037	-3.69935403469626	-1.33902396730638	0.209566481454474	0.493899793904802	-5.00960052241801
EXOSC10	0.269554266619823	6.77977185825752	1.33893736379455	0.209593713417376	0.493915201237411	-6.07000881043945
ENSG00000234156	-0.860369065147164	-3.98965731025036	-1.33882394720114	0.209629381056279	0.49394667836365	-4.98818062103107
RPTOR	-0.457631492189088	5.15302899061859	-1.33876327864567	0.209648462388393	0.49394667836365	-5.97061707607548
COCH	-0.368478413437222	4.19873549458161	-1.33859381251684	0.209701770148682	0.493991702074869	-5.86085867805758
VDAC2	0.818629756541856	6.19226712078206	1.33857093503888	0.209708967420395	0.493991702074869	-6.04427481660987
ENSG00000260509	-1.05420972604803	-4.11798491346358	-1.33848338024308	0.209736514126563	0.4940078340727	-4.97923723652997
ENSG00000297488	0.889164539455227	-2.84518729442586	1.33839071989049	0.209765670440289	0.494027753739726	-5.07813452446538
HNRNPA1L3	0.251668493009518	9.29842363007181	1.33797617809119	0.209896150663833	0.494286278035887	-6.14227430688612
HOMER3	0.433496973862304	4.05661066187636	1.3372678496183	0.210119259021971	0.494744204952598	-5.84317858697253
MGAT4A	0.381499920426376	2.95785749383715	1.3372272106244	0.210132065429442	0.494744204952598	-5.68856748453964
POLH	0.389143731085947	3.51602588364156	1.33709816840527	0.210172734311091	0.494777829988413	-5.76710344918067
ENSG00000285873	-1.22340008666615	-4.12416475313255	-1.33705034430048	0.210187808197617	0.494777829988413	-4.98039568110232
HECTD3	-0.346618489596938	5.68549680858719	-1.33667515402155	0.210306097298554	0.494998001706041	-6.01629963957065
RNASEH2C	0.342754664759325	4.49376235289623	1.33657921314069	0.210336354213912	0.494998001706041	-5.90133938923672
RMDN2	0.431769004670879	1.03283541505434	1.33655636794832	0.210343559446209	0.494998001706041	-5.45910537683403
PRTG	1.23934436151688	5.91838767625077	1.33643703294108	0.210381200311176	0.495037770662214	-6.03167819933479
ENSG00000289375	0.777356600425208	-2.05798189094793	1.33598501459837	0.210523827638532	0.495288236953658	-5.14878605308816
EPHX3	-0.484519399818168	4.43983943394685	-1.33596815961797	0.210529147521467	0.495288236953658	-5.89534402356627
LPA	1.03188531766878	-3.36332733200709	1.3354087983908	0.210705760418997	0.495592065633171	-5.03967619549517
ENSG00000288741	-0.573343180652023	-0.300380337282497	-1.33530082557135	0.210739865995561	0.495592065633171	-5.32355469160553
ESR2	-0.871210892457992	-2.06099880584246	-1.33527428299503	0.210748250752723	0.495592065633171	-5.1493378181193
DERA	0.301313572857063	5.16668738624749	1.33527035175421	0.210749492648992	0.495592065633171	-5.97619507421875
MT-RNR1	0.58977760689142	9.07615435467949	1.33523038766334	0.210762117826987	0.495592065633171	-6.14087633587993
CASC9	0.437177553898163	2.50393748728862	1.33508675927706	0.210807497108304	0.495649939265481	-5.6311611870671
MAP10	0.531736256241818	2.75079847685944	1.33489069588321	0.210869456323974	0.495746780347152	-5.66351645038332
RDH12	-0.530389530317464	1.69224116699835	-1.33456804103098	0.210971453503677	0.495937720946742	-5.53411513561441
CERS2	0.275798958540651	7.85724059868162	1.33420852642196	0.211085151113825	0.496118125984264	-6.11157762484322
PNP	0.458431191648383	6.57510663558282	1.33415231915983	0.211102931444922	0.496118125984264	-6.06760215745311
F11R	-0.220840599257834	7.02290047902207	-1.33411302044862	0.211115363748089	0.496118125984264	-6.08506272466659
EIF4E	0.532830324604731	6.20979143435876	1.33400851376288	0.211148427818185	0.496118125984264	-6.05081571448715
ODC1	0.226022270926213	7.97091592350061	1.33399680809943	0.211152131551856	0.496118125984264	-6.11504896926436
FLJ16779	1.00095425935146	-0.630150775769182	1.33371001417485	0.211242891557567	0.496282517256074	-5.29151659873002
DYNC1I1	-0.779303565491565	0.542922851776716	-1.33324675025186	0.211389566585213	0.49648932973518	-5.41177663333789
ENSG00000204745	-0.391698128636353	1.49917557963761	-1.33324479051732	0.211390187241147	0.49648932973518	-5.5139599934792
ENSG00000307001	0.715622144350249	0.823347789298055	1.33323487233409	0.211393328393552	0.49648932973518	-5.44091758803039
TRMT11	-0.312543855548666	4.39411250195799	-1.33311276374426	0.2114320041524	0.496531304054446	-5.89313200717054
TMEM167A	-0.320273731787326	7.53207420697218	-1.3330197632573	0.211461464379389	0.496551630297409	-6.10335016505737
ENSG00000263826	-0.882372536762207	-2.76567584755377	-1.33271938283199	0.211556640717287	0.496726251254254	-5.09124364478073
SLC8A1	0.622866592201754	3.01462803638117	1.3323172586259	0.211684110643061	0.496976654408611	-5.70233369021014
FAM83F	-0.885236110389758	4.56888821375044	-1.33203724705208	0.211772909648819	0.497136228443824	-5.91611906316974
KREMEN1	-0.359675323668981	3.44854222562542	-1.33185000319992	0.211832306869064	0.497210522412084	-5.76390206632333
TCEAL3	0.336091966298063	4.33456178065726	1.33180614054676	0.21184622291903	0.497210522412084	-5.88710810932044
ARHGEF2	0.485640176510405	6.48113001951541	1.33170300773617	0.211878946265056	0.497238427778572	-6.06656788404295
PIGC	0.314183900845325	5.0054476545972	1.33154181549334	0.211930099899873	0.497309575686784	-5.96519858025657
ENSG00000270457	1.02811559714623	-3.28971892363827	1.33144241515087	0.211961649273073	0.497334711285924	-5.04999538667932
CCNT2-AS1	0.393803794870365	2.29740305517164	1.33133844156649	0.211994654360183	0.497363257211688	-5.60975402184309
EXOG	0.465151214981612	3.2735797181934	1.33107653176278	0.21207781323163	0.497509452368716	-5.7399756972331
OR2W6P	0.986387552195556	-4.16576425477494	1.33053332311898	0.212250373672275	0.497865323679232	-4.98467883452427
MID2	0.610310425434234	2.98955885767922	1.33030611240086	0.212322586056742	0.49791263340552	-5.70133752931275
HYDIN2	-0.767277791570228	-2.2956258790437	-1.33023418572131	0.212345450137842	0.49791263340552	-5.13429218450534
DAND5	-1.01479645926783	-2.97510634971001	-1.33021309291392	0.212352155515957	0.49791263340552	-5.07678088214361
MCL1	0.339131836115085	8.50222961191859	1.33015927112884	0.212369266194587	0.49791263340552	-6.1337448999245
NUCB1	-0.289418389927418	7.04067010369762	-1.33006230297584	0.212400096584767	0.49791263340552	-6.09068922885287
SIX4	-0.374261317144501	4.86176000716025	-1.33003418650289	0.212409036729473	0.49791263340552	-5.95213372415963
B4GALT5	0.362210418911812	7.05380951766879	1.33001047466263	0.212416576584196	0.49791263340552	-6.091216573992
PNN	0.375419238130155	7.55802223604863	1.32980735468202	0.212481173483835	0.498015139697406	-6.10811535406957
SOX6	1.21547415133848	-1.64154793946548	1.32971478135497	0.212510619382724	0.498035246740719	-5.19478814264313
TSPAN12	0.302399662542958	4.69260308706912	1.32936102962163	0.21262317265828	0.49819752741013	-5.93406260051082
DAD1	0.608879664031716	6.26515738699822	1.32926320237885	0.212654307122364	0.49819752741013	-6.05945158644526
TNFSF4	0.590095889123968	0.0692686952499151	1.32925089805531	0.212658223360389	0.49819752741013	-5.36826565352165
ENSG00000271147	0.382899503255698	2.11343680976389	1.32923476017908	0.212663359838036	0.49819752741013	-5.58985871619829
SBDSP1	0.46407469315169	3.67816634386993	1.32908770495982	0.212710170367883	0.498258282085608	-5.80006368698068
PLA2G6	-0.543853367393064	3.63398094221553	-1.32873483303396	0.212822531286403	0.498427172125011	-5.79418744121767
ENSG00000299996	-0.49724660330084	0.10050610070021	-1.32861781416733	0.21285980313949	0.498427172125011	-5.37218174206445
ARHGAP8	-1.23552159151374	-0.507911205613527	-1.3285908025562	0.212868407418584	0.498427172125011	-5.31020389321138
PRKAA1	0.28122558005512	5.09044082541788	1.32856923231505	0.212875278611185	0.498427172125011	-5.97727409693706
ENSG00000234286	0.709161389929773	-0.864634373528747	1.32853341558439	0.212886688425121	0.498427172125011	-5.27341456753289
RPL10AP6	0.805515083663238	5.82517452768224	1.32840767978003	0.212926746974447	0.498472061798834	-6.03577640880502
TUBA4A	-0.432260593013949	5.3469790308844	-1.32826341342427	0.212972716945756	0.498519135876907	-6.00077251434354
PTPN13	0.331830452497722	7.6244943401707	1.32813143393447	0.213014778974407	0.498519135876907	-6.11220741473476
CCDC77	0.247345779967684	5.32030990789458	1.32802326331467	0.213049258234259	0.498519135876907	-5.99880628560953
ANKDD1A	-0.589082854790416	1.88585724679905	-1.32800804734616	0.213054108678681	0.498519135876907	-5.56435216315487
E4F1	-0.529411056099786	4.14614892940687	-1.32795879105607	0.213069810897974	0.498519135876907	-5.86680044049124
ARID3A	-0.285916314024154	6.55826453323259	-1.32788832269623	0.213092276901822	0.498519135876907	-6.07460970335463
ARPIN	0.524927254870446	4.08509182953836	1.32780585737661	0.213118570153751	0.498519135876907	-5.85866233515027
IGHMBP2	-0.397739886496605	3.94656125970286	-1.32777527753244	0.213128320919964	0.498519135876907	-5.83959953441034
BCAS2	0.326046071125152	5.85796500643999	1.32775482862474	0.213134841517072	0.498519135876907	-6.03865192493178
GRHL2-DT	-1.17907692218099	-1.22558312174468	-1.32762358863057	0.213176694306265	0.498568168839552	-5.23784744300617
SP7	-0.920926914559451	-1.56378244603418	-1.32743180159404	0.213237867992811	0.498662374621245	-5.20490957637333
PIAS3	0.366887741863738	6.30031837652417	1.32700565059436	0.213373848203595	0.498931481833566	-6.0639611832127
CCAR2	-0.413948099937356	7.41266117518514	-1.32650354307644	0.21353415776421	0.499257419999843	-6.10760988501842
NKPD1	-0.806259351005545	-1.06918402443158	-1.32642887146406	0.213558006965748	0.499264271941572	-5.2549911552807
GLIS2-AS1	-0.873786822294072	-3.36521322962972	-1.32632647671687	0.21359071419549	0.499281807570794	-5.04980566742267
KLF8	0.302044913651921	3.96578592539706	1.32627441209772	0.213607346424158	0.499281807570794	-5.84412943320295
ENSG00000309800	1.48784081281236	-1.45885709837024	1.32605727231243	0.213676724104435	0.499377294110066	-5.21667722711481
SHISA9	-1.09883471777943	3.82000316547423	-1.32601558688696	0.213690045030632	0.499377294110066	-5.82400794049496
LASP1	-0.324325453646348	8.04361883378406	-1.32582063202898	0.213752353641822	0.499473998861304	-6.12714721807818
DHX35-DT	1.30501551126474	-3.90355359420978	1.32559897164113	0.213823215813267	0.499541873994958	-5.00934528044694
ENSG00000295685	-0.713793665426685	-2.28915557762397	-1.32557558942792	0.213830691964247	0.499541873994958	-5.14022260843781
THOC1	0.294014093961691	5.521892478621	1.32553336929639	0.213844191838374	0.499541873994958	-6.01812900324356
TBC1D22A	-0.295134417260103	4.53333914947674	-1.32533882860049	0.213906405311139	0.499624586827173	-5.92003550860225
PPP6R2	-0.39509593849442	5.40482160860945	-1.32529173797936	0.213921466995721	0.499624586827173	-6.00924606719994
KIAA2013	-0.317257611898334	5.65035750415892	-1.32507094619669	0.213992097817653	0.499658214035486	-6.0281256389817
TF	1.0814355469449	-3.09748790046261	1.32504322093585	0.214000968438004	0.499658214035486	-5.07268045970604
ERVH-1	1.51582732771719	-2.38937773445689	1.3249962197261	0.214016007042319	0.499658214035486	-5.13213768558116
ANAPC7	0.224775385822037	6.34973567868809	1.32490123450194	0.2140464013898	0.499658214035486	-6.0689114095906
YEATS4	0.305387124745837	5.98535066469022	1.32487387226108	0.214055157705557	0.499658214035486	-6.04987270242562
LIMD1	-0.268748702144359	5.39438643679544	-1.32480518978921	0.214077138407577	0.499658214035486	-6.00899251296272
ENSG00000309241	1.11818895865536	-2.76322407007492	1.32478871640632	0.214082410723043	0.499658214035486	-5.10050940566875
ENSG00000228407	0.708255285360537	-0.343933970287088	1.32460893081966	0.214139958210495	0.499699080490209	-5.33177536135554
ENSG00000264016	0.596034909801271	1.03702949815339	1.32458989336707	0.214146052652061	0.499699080490209	-5.47391536490193
ENSG00000280079	-1.78857673635765	2.31202174950746	-1.32453779768281	0.21416273073006	0.499699080490209	-5.61979849858928
GOT1	-0.235297048004948	6.44415204496156	-1.32428677251574	0.214243109843384	0.499837761743114	-6.07403453651458
NEU1	0.360985941561614	6.17685723251218	1.32353712153725	0.214483299722124	0.500349224363985	-6.06200231029007
RTEL1	-0.806290239317383	0.0627114266759584	-1.32346819722362	0.214505394444395	0.500351861728339	-5.37446440768614
PLEKHA4	-0.599730510128068	4.25587556788014	-1.32323528013843	0.214580073487543	0.500376994158752	-5.88724494887215
LINC03065	-0.799730898634208	-1.47418294336128	-1.32311701683599	0.214617999919013	0.500376994158752	-5.21860498561588
PIGK	0.334557337912255	5.23975059776463	1.32308768782139	0.214627406443675	0.500376994158752	-5.99786193592595
ENSG00000257060	0.83587169386873	-0.0879091237912345	1.32308581106988	0.214628008374943	0.500376994158752	-5.35962491312473
CSNK2B	-0.40977872857945	4.20139331396671	-1.32296230732844	0.214667622859487	0.500376994158752	-5.88037436865966
GUCD1	-0.391484358692803	6.22120990878125	-1.32294684704338	0.214672582255778	0.500376994158752	-6.0650008306901
MXD1	0.554020888665731	1.24860893109599	1.32294413581062	0.214673451982898	0.500376994158752	-5.49871639753465
METTL2A	-0.262913986320543	5.20456359847139	-1.3229115954092	0.21468389073556	0.500376994158752	-5.994884798395
ROBO2	0.53291787420603	4.18244180439802	1.32272328444343	0.214744307961539	0.500434098721611	-5.87812571057701
ENSG00000286808	1.16141210603002	-3.64154132407712	1.32265015076645	0.214767775793688	0.500434098721611	-5.03243317042644
SNAPC1	-0.314338797500803	3.84672257327675	-1.32263918751146	0.214771293970984	0.500434098721611	-5.83189808960165
MMP24OS	-0.365474237921843	4.71474772208605	-1.32255455639976	0.214798454235118	0.500448526672155	-5.94495458845989
ENSG00000280107	-0.863358741358683	-1.88751420203054	-1.32198525759152	0.214981230696301	0.5008049790664	-5.18058658486713
ENSG00000272973	-0.765268818866095	-0.698480545886305	-1.32194732373614	0.214993414149844	0.5008049790664	-5.29830844460413
NFYC-AS1	0.564309947894943	0.02746204767699	1.32187289186281	0.215017321564743	0.500811790161581	-5.37277457722828
L2HGDH	-0.252825927251552	5.42694200748538	-1.32147003494632	0.215146756925989	0.501056179825599	-6.01572154870852
PDXDC2P-NPIPB14P	-0.797297170855997	1.19234106576122	-1.32140011008497	0.215169229920342	0.501056179825599	-5.49444808399735
WWP1	-0.221923460771954	6.18510494452588	-1.32135033480007	0.215185228273867	0.501056179825599	-6.06510986881194
STK38	-0.315364273088568	4.84846856851865	-1.32118322083851	0.215238947855638	0.501132374253293	-5.96151839788141
ENSG00000259006	-1.23353213885964	-3.63243365569805	-1.32074399435207	0.215380192349584	0.501373057992626	-5.0352683316899
STYX	-0.340081855627255	5.70543948592398	-1.32070191538352	0.215393727950716	0.501373057992626	-6.03730696610065
STK39	0.276365489997995	5.87135996504309	1.32066580671323	0.215405343640021	0.501373057992626	-6.04817955847514
TMEM183A	0.353149696528936	6.12420793223444	1.32053649597647	0.215446945482646	0.50142098954991	-6.0629178291638
RAMP2	0.574765613049147	3.95552205662869	1.32039544200402	0.215492332956505	0.501477721399464	-5.8498598719228
CALHM5	-0.69446550226536	-1.50471710800297	-1.32020789824058	0.215552691907081	0.501542868627417	-5.21901404584733
FAM76B	0.329156654369453	4.62652157580494	1.32017658998253	0.215562769499855	0.501542868627417	-5.9375101853529
TMEM134	-0.442483621971047	4.16215019352326	-1.32011259410566	0.215583369893521	0.501542868627417	-5.87856621575034
ENSG00000298665	-0.850856950644449	-2.0293006093957	-1.31988956823133	0.215655175101904	0.501661019898356	-5.16998047661969
FDPS	0.565350394096094	8.25127721543689	1.31978385772609	0.215689216486995	0.501691309803636	-6.14012744064973
THSD7B	-0.615689568572273	1.83363134278828	-1.31961362474447	0.215744045062099	0.501769939923711	-5.56839238871014
CELF2	0.282082555465654	5.84029172059804	1.31941873399893	0.215806829587421	0.501867056588033	-6.04775996764577
AGO1	0.309373512773349	7.0392416584183	1.31934464869102	0.215830700321892	0.501873667632755	-6.10380947731786
ENSG00000293482	-1.19323427676491	-1.86199907147179	-1.31927225567259	0.215854027904932	0.501879014516026	-5.1860890957264
MALINC1	-1.50276144205856	-2.79132172925383	-1.31886256899378	0.215986082785632	0.502137135967725	-5.10490430475702
DDX27	-0.325543167801571	6.35271979062663	-1.31864411380085	0.216056525124158	0.502210710871612	-6.07672428013326
HFM1	0.583445293258903	1.87314420376579	1.31863391600507	0.216059813936804	0.502210710871612	-5.5741557101824
LINC02282	-1.57831751889336	-2.79196861360568	-1.31853683429683	0.216091125089313	0.50223457809978	-5.10522028790585
ENSG00000293610	-1.31909765744284	1.25073949090267	-1.31806960076886	0.21624187158967	0.502491597927077	-5.50477846535747
SLFN5	0.320144332282261	3.97035714463799	1.31806356994957	0.216243817920518	0.502491597927077	-5.8547799759649
FTSJ1	-0.268151356691829	5.49603219531056	-1.31790049227711	0.216296453604734	0.502564978405781	-6.02549543810595
LINC00398	-0.348603255159822	2.97126323005737	-1.31760361099497	0.216392303602368	0.502738743315266	-5.71424781092832
PPP1R9B	0.501003102689724	5.08385297907999	1.31741616708045	0.216452839178667	0.502781563116464	-5.99029254629052
ENSG00000291131	-0.681153552283029	-0.382301218453994	-1.31741608297614	0.216452866343556	0.502781563116464	-5.33630859771248
ANO2	0.397075802336714	1.95378315142846	1.31733761999611	0.216478210367556	0.502791499303469	-5.58517565435245
GOLGB1	0.54834870286597	6.11971206957597	1.3170501991522	0.216571070064053	0.5029582299522	-6.06694318818063
ADAMTS7	-0.499543012305909	6.34095925446841	-1.3168413682456	0.216638559683955	0.503014433151035	-6.07837768292984
ENSG00000286045	-0.951262163082029	-2.30303897519386	-1.31678114144273	0.216658026917224	0.503014433151035	-5.14908613737601
CHI3L1	1.4987263947993	-1.1708777897787	1.31677968395167	0.216658498043015	0.503014433151035	-5.25596982754547
ENSG00000309898	-0.728237953382771	-3.43621139796525	-1.31636369562433	0.216792998623226	0.503277745174645	-5.05542527187417
ENSG00000196566	-0.65813086336079	-0.376061552631203	-1.31608600990343	0.216882820618075	0.503351842453476	-5.33851280698766
DDX39A	-0.508425579586199	6.30098756106933	-1.31607556888549	0.216886198537552	0.503351842453476	-6.07739435625613
KLHL32	0.522211592689468	-0.202457702182771	1.31606942415652	0.216888186524974	0.503351842453476	-5.3562720622468
ENSG00000307964	-1.70466850847284	-1.67137629399328	-1.31577035899121	0.216984960507079	0.503527472282203	-5.20810501860459
ENSG00000285884	-1.22959292041782	-3.45632671117347	-1.31560069617077	0.217039877303986	0.503595311483281	-5.054701802101
C2CD3	0.260830446869131	4.89469012780779	1.31551695460279	0.217066987182575	0.503595311483281	-5.97342295152832
TSHR	-0.834290506526057	-4.2476493207934	-1.31548449972837	0.217077494638622	0.503595311483281	-4.99622047909811
ING3	0.312874460013247	3.87408512565666	1.31532369311698	0.217129562936622	0.503656198498193	-5.84462426621232
TGOLN2	0.264854812265466	6.7138388711756	1.315273103997	0.217145945554381	0.503656198498193	-6.0965127238971
ENSG00000273212	0.829635728935143	-2.30482017153836	1.31515219280256	0.217185105193073	0.503698076537078	-5.15079209616372
ST6GALNAC4P1	-1.0251016941201	-3.8488261645987	-1.31478524987396	0.2173039831971	0.503924812180839	-5.02548534815984
MYL6	0.264473985257179	8.09203001269004	1.31460941247699	0.217360968091707	0.504007988481956	-6.1422187366903
CLUL1	0.756328602913727	-1.29758611749427	1.31418746253539	0.217497762921381	0.504276190756227	-5.24633391337757
HEATR6	0.216657489079432	5.55214413439559	1.31390304608037	0.21759001003552	0.504441065518965	-6.03465757359064
DNTTIP1	0.271886835448485	5.04954641127092	1.31377498226447	0.217631556592814	0.504447855965576	-5.99138683256835
FAM72A	0.4553639948999	4.34447989420149	1.31376371986658	0.217635210662318	0.504447855965576	-5.91043450789442
NFE2	-0.598533528383747	1.11247788059663	-1.31357478070248	0.217696519286543	0.50453791051615	-5.49515770407621
MRTO4	-0.330307209789966	5.84845540112154	-1.31351370029248	0.217716342246861	0.50453791051615	-6.05549220636235
ARID5A	0.670088126421529	3.49785390529596	1.31332557507322	0.217777405558344	0.504630421209806	-5.79348017142765
ENSG00000290950	1.03731235599922	-0.55851021879141	1.31307523394456	0.217858685428053	0.504699110504939	-5.32321765329408
MEMO1P2	-0.733043160754732	-2.6775746047433	-1.31304831741538	0.217867426085819	0.504699110504939	-5.12107083849784
ENSG00000278000	1.01409254651556	-1.78527924392183	1.31285637352864	0.217929764817707	0.504699110504939	-5.20066311614827
PTCH2	-1.11962300287901	-1.62776042009105	-1.31278042511244	0.217954435101651	0.504699110504939	-5.21572677113172
ENSG00000289162	0.717599314131507	-0.895670943150851	1.31270914787255	0.217977590151947	0.504699110504939	-5.28875334360292
PCAT1	-0.896386183823349	-0.731717398830733	-1.31261685243363	0.218007576176949	0.504699110504939	-5.30580524601994
SAMD5	-0.931295487751452	-3.21316795796951	-1.3126000611806	0.218013031883182	0.504699110504939	-5.07738659819183
TBC1D9B	-0.368774407141467	6.17844692342606	-1.31225126425526	0.218126386291663	0.504699110504939	-6.07589216010637
FAM207BP	-0.6726782056848	2.31146843909696	-1.3122378271399	0.218130754152541	0.504699110504939	-5.63454188492408
ENSG00000306224	1.0239942388046	-3.55711982145262	1.31217832992084	0.218150095153435	0.504699110504939	-5.05066700289952
ENSG00000304092	1.01656901491315	-3.53572776575984	1.31209590270186	0.218176892446235	0.504699110504939	-5.05242204136034
ENSG00000305608	-0.922784130669422	-4.21548191888285	-1.31208108623201	0.218181709605989	0.504699110504939	-5.00189709061583
SNORD94	-0.741064552927285	-2.02660805228671	-1.31207759857395	0.218182843533012	0.504699110504939	-5.17919742683991
RBP5	-0.594864221414663	-0.613791546084972	-1.31206968215363	0.218185417382257	0.504699110504939	-5.31865334502235
RAP1A	0.340301662707281	5.41544894955844	1.31206005350471	0.218188547958671	0.504699110504939	-6.02628543149575
ATXN7L2	-0.400774152601875	2.998818910094	-1.31197325898911	0.218216769261174	0.504699110504939	-5.72482153729629
ENSG00000215022	0.565933159811586	-0.46072509454668	1.31195008473965	0.218224304896716	0.504699110504939	-5.33464601748127
ZNF837	-0.735600927249133	1.31946475902422	-1.31192466923505	0.218232569574983	0.504699110504939	-5.51962847960627
GALM	0.361415793885986	4.53057241119551	1.31192287337705	0.218233153566437	0.504699110504939	-5.93605929862072
ENSG00000280157	1.04053094331838	-2.97945818029768	1.31189105747332	0.218243499930601	0.504699110504939	-5.0971973683273
TNS1-AS1	-0.672500010265613	-1.77805587694686	-1.31186762098584	0.21825112161233	0.504699110504939	-5.20248287578163
OSCAR	-0.806209640820936	0.613936404116697	-1.31179026482583	0.218276279847316	0.504708387048623	-5.44465533052431
BCLAF1P2	0.534903585560436	4.01757588554733	1.3116237854322	0.218330431412942	0.504741734727377	-5.86916252559673
WNT10B	1.22279864496718	0.306969997922464	1.31161589498249	0.218332998253884	0.504741734727377	-5.41330456377778
ENSG00000289168	1.04854960047659	0.234891099128904	1.31126545661091	0.218447024481181	0.504908227435665	-5.40637643781765
PRDM11	-0.39166962819077	3.25903559060903	-1.31123826687885	0.218455873580742	0.504908227435665	-5.76199536641699
LINGO1	0.32948791209454	7.26341205397417	1.31119952721723	0.218468482202544	0.504908227435665	-6.12148769788819
ENSG00000255410	1.13129720963948	-2.74852627147633	1.31086963415004	0.218575877093259	0.5049345402338	-5.1175576488889
PPP3R1	-0.276354921085076	5.9599886873464	-1.31085903722929	0.218579327586745	0.5049345402338	-6.0655422200169
ENSG00000253374	-1.01336564987112	-4.30158563492343	-1.31083517321762	0.218587098180375	0.5049345402338	-4.99814241462528
RBBP4P5	-0.727523377941822	-1.36554286704217	-1.31078437442064	0.218603640032977	0.5049345402338	-5.24354670424511
ENSG00000213058	1.08322696764594	0.484726200398539	1.31074749503819	0.218615649889391	0.5049345402338	-5.43253553006194
ZMAT1	0.918359204263083	2.51489350907327	1.31072097968342	0.218624285013345	0.5049345402338	-5.66201500633074
CRACR2A	-0.57501411595705	0.876932444859631	-1.31070969314033	0.21862796073139	0.5049345402338	-5.47342927781565
PSMA6P1	0.337898403879774	4.1381638228056	1.31061089105513	0.218660140047208	0.504959996372203	-5.88684135585309
SFMBT1	-0.413830930086499	4.27553684722909	-1.31037118326215	0.218738227884962	0.505046276834827	-5.90550152614542
ENSG00000269940	-0.962727935305383	0.838676150077069	-1.31032075790755	0.218754657515787	0.505046276834827	-5.46985419478237
LRWD1	-0.486534551657392	4.87562293682204	-1.31030134106167	0.218760984200714	0.505046276834827	-5.97773776730767
USP44	0.460575668438727	8.12531338392755	1.31004482204515	0.218844581238179	0.505190407235866	-6.14869135079967
AGO3	0.294144824187715	4.33553715441815	1.30989994434441	0.21889180713402	0.505250557143875	-5.91396250204025
SINHCAFP1	-0.566592547148223	-0.174559243727002	-1.30965087106795	0.218973017437175	0.505251064460061	-5.36665940624312
RAB6A	0.484274076717513	7.38695504518634	1.30964692926951	0.218974302860148	0.505251064460061	-6.12743522477187
BIN3	-0.359162874490437	4.09544537173972	-1.30959312447576	0.218991849261276	0.505251064460061	-5.88224849558274
SEL1L	0.232385438746841	5.60129598013221	1.30955671400226	0.219003723821327	0.505251064460061	-6.0435972006081
RNF6	0.288497929662224	4.2969027636876	1.30952940279234	0.219012631184855	0.505251064460061	-5.90933032912723
ARMC3	0.742522456805644	-1.07463458017706	1.3095097420977	0.219019043570779	0.505251064460061	-5.27416372792465
H1-2	0.580373640491562	2.76354109384067	1.30864147833558	0.219302384834216	0.505806667171587	-5.69697501109874
ATG13	-0.250207483734795	6.65068129475721	-1.30863205108053	0.219305462900365	0.505806667171587	-6.10206185956759
APEX1	0.407490820933791	8.78222988524296	1.30853525813216	0.219337068555236	0.505806667171587	-6.16699796790981
ENSG00000293796	-1.02483922895198	-3.74959452058942	-1.30851201025582	0.219344660209743	0.505806667171587	-5.03995609476591
ENSG00000303639	-1.09164448338201	-4.25998613328104	-1.30828987146614	0.219417211161379	0.505905050406285	-5.00341203102686
DUSP1	0.327330096865756	2.69315214656878	1.30821667844642	0.219441120484314	0.505905050406285	-5.68816720257032
PLEKHF1	-0.478911717636151	2.7620855112552	-1.30810543201809	0.219477464504182	0.505905050406285	-5.69742504584064
ANKS1A	-0.310703900511419	5.98839740861393	-1.30806021465099	0.21949223836325	0.505905050406285	-6.07059607293819
VPS37B	-0.464898521883282	4.33424910585151	-1.30805693906925	0.219493308625176	0.505905050406285	-5.91602874237219
ANKRD54	-0.372337697217647	3.84822601378729	-1.30794817374607	0.219528849001143	0.505938107291453	-5.84994048322741
DNAJC5G	-1.11638910357392	-3.97231073225955	-1.30782299775813	0.219569757644557	0.505967458320724	-5.02399649331514
EFNB1	0.571689922544667	6.41019305824896	1.30777947282418	0.219583983461937	0.505967458320724	-6.09265960976995
ENSG00000295023	0.780931933078811	-2.31040189739786	1.30758185634768	0.219648582591153	0.506049674461479	-5.15893757585725
NDUFB7	-0.386989297745219	5.46530007624304	-1.30754060245801	0.219662070114422	0.506049674461479	-6.03574148272071
USP8	0.293124584423429	6.37147846600847	1.30740611030947	0.219706045653079	0.50610213218821	-6.09132191403727
YIPF5	-0.296606047633421	5.396427716552	-1.30721241435073	0.219769392124846	0.506143192227147	-6.03063724064826
ITPRIP	0.343958143693107	5.56123246210725	1.30714066314125	0.219792861524048	0.506143192227147	-6.04358229328822
PPIL4	0.300854668065203	5.47641979497965	1.3071145119483	0.219801415940517	0.506143192227147	-6.03712045806933
NTN5	-0.743414483783817	-1.26178081409314	-1.30704629613079	0.219823731571316	0.506143192227147	-5.25817317267323
LUNAR1	-0.930691734701286	-3.10598257384459	-1.30694039536843	0.219858378891587	0.506143192227147	-5.09241697745013
CHRAC1	0.591788989199837	5.68700476272261	1.3068697410794	0.219881497209296	0.506143192227147	-6.05291934973809
PBRM1	0.267051144466911	6.53426384006695	1.30680059985098	0.219904122392622	0.506143192227147	-6.09937971516248
SLC4A2	-0.384141001283355	6.33025379097741	-1.30677733537882	0.219911735691614	0.506143192227147	-6.09014970960219
MMACHC	0.325471068193036	3.40890147881435	1.30676818021124	0.219914731780094	0.506143192227147	-5.78865953433586
ENSG00000294837	1.53515229208997	-0.43279781375723	1.30643743035973	0.220022994447782	0.50634353567498	-5.34397132417009
SEMA6A-AS1	0.92359997247134	-1.66624754651497	1.3062937993629	0.220070022159647	0.506358757076321	-5.21950937161325
LDAF1	-0.421268294624121	4.51886479346558	-1.30628763600267	0.220072040354995	0.506358757076321	-5.941464727661
TUBGCP6	-0.684087244583088	4.48981229641708	-1.30617922088417	0.22010754343858	0.506391627072352	-5.93796785745104
MIR186	-1.39255758904411	-3.10299873671664	-1.30585521824529	0.220213673926671	0.506577184542711	-5.09387816281473
ENSG00000258674	-0.983704232466793	-1.50886427263516	-1.30580341171077	0.220230647622876	0.506577184542711	-5.23525782897077
ENSG00000309792	1.02359051332617	-3.66733049588622	1.30558031315031	0.220303755132936	0.506662418438833	-5.04950077867167
ZFYVE16	0.299340711374339	5.1602663503296	1.3055607719473	0.220310159574232	0.506662418438833	-6.01193672032103
SUMO2P6	2.09146045539883	-1.15640958696586	1.30546973515402	0.220339998034007	0.506682217273114	-5.27054839000349
LRMDA	0.946051270359773	-2.51366763750927	1.30532654250134	0.220386937988468	0.506741334197569	-5.14381709069481
ZFP37	0.37252014666201	3.30355320875353	1.30520953096935	0.220425301645317	0.506780721931297	-5.77556686422831
POLE3	0.282943207285995	6.33992867453247	1.30511938346446	0.220454861363819	0.506799862855931	-6.09261990650862
AK4	0.606634677601501	7.93192217029203	1.30496899402496	0.220504181932254	0.506864423594058	-6.14954793712221
ENSG00000287041	-0.836920802086525	-2.46751963691357	-1.30489097957742	0.220529770541315	0.506874425415021	-5.14829361813106
RPL34P18	0.922042513931735	0.624926136867616	1.30477669235999	0.220567260984988	0.506911778327271	-5.45408332758199
S100A10	-0.625908405071987	5.79999583676536	-1.30462304364403	0.220617671751316	0.506932769356325	-6.06324990421943
ANAPC15	-0.319401893864149	4.98979078235345	-1.30461937840364	0.220618874399973	0.506932769356325	-5.99648622047806
OR2B6	0.620520877164892	-2.56516330240619	1.30454210263043	0.220644231597152	0.506942229065192	-5.14028402575532
ENSG00000224722	0.528033648496493	1.35458850206301	1.30419733522436	0.22075739255327	0.50711218399551	-5.53267796383444
OTOGL	-1.0227237988223	-0.69133165579055	-1.30418726511387	0.22076069852572	0.50711218399551	-5.31979941158637
TM7SF3	0.268225230140648	6.62323110882277	1.30393644206082	0.220843055804097	0.507212519401607	-6.10663671286113
ZNF385A	0.464711467238099	4.67779554962708	1.30392479503837	0.220846880698098	0.507212519401607	-5.96332741822283
LINC00115	0.377941033603416	1.95389570419557	1.30353639736651	0.220974462204592	0.507456700609737	-5.60169587025956
ZNF578	-0.961814447883204	1.70132229177064	-1.30322879952605	0.221075545606215	0.507639989126759	-5.57272976853711
AKAP6	0.535885838479477	0.458398745403462	1.3031534610105	0.221100309312698	0.507648011771636	-5.43878276889478
USP27X-DT	-0.741852022002494	-0.735536675839344	-1.30284104281322	0.221203025339086	0.507834994783374	-5.31679562183159
FEZ1	0.839662429341003	6.81309654479846	1.30271957644328	0.221242971358843	0.507877849131624	-6.11571315550426
OSBPL2	-0.245924319827668	4.88593361163426	-1.30258385491855	0.221287612438541	0.507931472020644	-5.98819897710629
NEAT1	-1.02469341325073	1.30357516186861	-1.30245001616711	0.221331641520151	0.507983679984754	-5.52914127901858
KDM2B-DT	-0.638210145438895	-0.0713442158216366	-1.3023573424035	0.221362132745122	0.508004809829598	-5.38569501995324
CHCHD2P2	-0.892028427343252	-2.66440052437667	-1.30197820489693	0.221486911445234	0.508228662835513	-5.13471514509568
TRMT6	0.33891975476274	5.32943668751965	1.30193156662339	0.221502264667323	0.508228662835513	-6.03141869275418
KLHDC8B	-0.581043969980988	3.95409173756611	-1.30182408377162	0.221537651140362	0.50826099392166	-5.87216182484616
KCNJ5-AS1	-1.13986653541367	0.28002959679145	-1.30160752210762	0.221608963686321	0.508285253998357	-5.42233721844449
LINC02610	-0.636944469146689	0.324886826967912	-1.30151238439482	0.221640297989225	0.508285253998357	-5.42702912008659
KNOP1	-0.22167595590984	7.20388884841107	-1.30149947783084	0.221644549142145	0.508285253998357	-6.1312992664504
ENSG00000289256	0.538345569817931	0.757118223615403	1.30149773416233	0.221645123475333	0.508285253998357	-5.47172521915
ENSG00000300689	-1.07969135238528	-3.77716431379312	-1.30146863522361	0.221654708325927	0.508285253998357	-5.04566597843206
ENSG00000251361	-1.32826557175744	-3.04487896392832	-1.30114363433041	0.221761783058192	0.508481936425196	-5.10391168011521
KRI1	0.360424189023746	5.27425109965819	1.30078050953308	0.221881468538873	0.508707493719239	-6.02808008435353
IQCM	0.9756193020386	-2.45352992022947	1.30069515401291	0.221909609342751	0.508723143423632	-5.15425981761514
ENSG00000273786	0.753560935311701	-1.22781192184903	1.30046953726698	0.221984006946814	0.508794753053752	-5.26914804522601
CTAGE1	0.466222674124325	-0.0515334340159477	1.30043532520213	0.221995290243925	0.508794753053752	-5.38995964266236
TNRC6B-DT	-1.17130824078854	-3.7690461513276	-1.30040649222031	0.222004799861808	0.508794753053752	-5.04745765243297
FAM3C	-0.260952009792356	5.27411142988502	-1.30023095620188	0.222062701934994	0.5088785892542	-6.02873321089622
IL16	1.09970677799624	-3.56898448644456	1.29992226372848	0.222164557017374	0.509020690075477	-5.06338680616317
UBE2MP1	0.335501304244182	4.6093691544885	1.29989843226246	0.222172421965356	0.509020690075477	-5.96008702244713
ASLP1	-1.13350371777805	-3.47233004267835	-1.29984913014365	0.22218869356041	0.509020690075477	-5.07102623880435
CACFD1	-0.710373285380875	4.48695912426834	-1.29945540335104	0.222318673796325	0.509269583213062	-5.94573938417084
RBM4B	0.294069071563916	4.19064286549709	1.2993732095474	0.2223458161787	0.509282878573611	-5.9075543588064
ZNF236	0.31717165268666	4.01079310463915	1.29919686487802	0.222404058671521	0.509351435313179	-5.8832427980528
LSAMP-AS1	1.10165688621086	-3.50139742256058	1.29915335897145	0.222418429582015	0.509351435313179	-5.06951719165711
ENSG00000287238	-1.34464988648329	1.61451225921975	-1.29897823754159	0.22247628359268	0.509435043702053	-5.56790637766904
ZNF273	0.30693021299452	4.98663659256074	1.29890584106065	0.222500204487576	0.509440252236625	-6.00308177357455
UBE2L4	1.00580522733486	-2.95691852023289	1.29882686087989	0.222526303154406	0.509440252236625	-5.11374980643329
ENSG00000304359	-0.835688569469664	-2.01732003708274	-1.29877756783126	0.222542593112626	0.509440252236625	-5.19523577886407
GPR180	-0.310780406790412	4.34697653795728	-1.29859236913639	0.222603804825537	0.509531505684386	-5.92912127638078
ENSG00000287085	-0.97113332585373	-3.66733049588622	-1.29784373997061	0.222851382509792	0.510049285228346	-5.05807576966895
ENSG00000236319	0.816959024527717	-3.88372300478687	1.29764278938496	0.222917877094361	0.510152552748214	-5.04183859832449
LINC02242	0.878834474350089	-2.04454445812963	1.29753652133305	0.222953047819114	0.510184121984543	-5.19416463929374
PFAS	-0.448898447896696	7.22294272077957	-1.29744145445057	0.222984515252554	0.510187958107016	-6.13685703030861
PLPBP	0.277810817904309	5.54570627082861	1.29740229925471	0.222997476807826	0.510187958107016	-6.05420476713157
LCMT2	0.387894993879091	4.30753397174755	1.29695874691764	0.223144349404377	0.510475049097503	-5.9259183185885
ENSG00000273387	-0.73226432067271	-0.627808067700961	-1.29685881874299	0.223177449416508	0.510501838721851	-5.33490488542334
FSBP	-0.391476532568461	3.60809771975461	-1.29678266301739	0.223202677804791	0.510510619182266	-5.82915217032024
ENSG00000279637	-1.12722966080776	-3.12872490392673	-1.29669488107056	0.223231760568554	0.510528212867927	-5.10203756192783
ENSG00000285684	1.17011885521739	-3.80432195020051	1.29654340892453	0.223281951673619	0.510594073066423	-5.04904249797675
EFHC1	0.392574444840356	4.3859170875456	1.29644045905084	0.223316069969477	0.51062316937742	-5.93670313056033
AIP	-0.429238473641459	4.13124986575145	-1.29628360278798	0.223368061467941	0.510661300183988	-5.90320011487273
ENSG00000305478	0.749137381872203	-1.83594836116709	1.29626104779282	0.223375538355086	0.510661300183988	-5.21490856924193
AP1G1	0.30355724447371	6.87558025623158	1.29604619080229	0.223446772888301	0.510708928038122	-6.12617874868702
ENSG00000300205	0.608838470984959	-0.144904708210592	1.29601758873745	0.223456257140368	0.510708928038122	-5.38561531043365
EML2-AS1	-0.791261366942543	-1.93055781908907	-1.29600459379864	0.223460566284079	0.510708928038122	-5.20637307924961
ENSG00000272529	1.09552612564576	-3.13516997097512	1.2957586534903	0.223542133410354	0.510843782091374	-5.10255787244422
CSNK2A1	0.289686933220053	8.09288936391878	1.29569762010716	0.223562379182319	0.510843782091374	-6.16525341689962
TLK1	0.210378276083739	6.57458666670535	1.29556207643576	0.223607346636016	0.510862377252419	-6.11473479984667
SLC12A2	0.289754321482611	4.47781881189564	1.29554405431509	0.223613326147233	0.510862377252419	-5.94930915057527
PTTG3P	1.36387415897875	-1.92390799550555	1.29544507517903	0.223646168517235	0.510888505359959	-5.20762778556329
ENSG00000236491	1.04296756468544	-3.28009901950269	1.29500741252179	0.223791437427295	0.511171426651092	-5.09168080389029
ENSG00000293962	1.17433588659055	-2.76878796057077	1.29488225764594	0.223832993091565	0.511217420680994	-5.13387471534786
DMBT1	1.04766741830977	-3.83147958660789	1.29479179518642	0.223863033651753	0.511237108809338	-5.04891535372874
C22orf39	-0.277141761823361	4.72133778944489	-1.29471789113532	0.223887577997933	0.511238970664369	-5.97949833052063
ARHGAP5-AS1	-0.448148194441806	1.24940670848717	-1.29466034996331	0.223906689586234	0.511238970664369	-5.53241852417047
TMEM266	0.588106813869954	3.61208572271917	1.29452235180969	0.223952529437797	0.511294721646442	-5.8324360608766
ENSG00000287031	0.877690735871991	-2.40772554354556	1.29408336672425	0.224098401683917	0.511578819033004	-5.16571796610585
WBP1	-0.645358068252358	1.59034004003694	-1.2936060531595	0.224257098995568	0.511881561183046	-5.57152963521014
ZNF134	-0.318673083992739	6.33267275427322	-1.29355549753297	0.224273913155869	0.511881561183046	-6.10628765161327
ENSG00000285589	0.647145928288281	-0.913948954453857	1.29336935506716	0.224335830721496	0.511921487831581	-5.30929125386604
AGFG2	-0.479613715805148	2.27962643510308	-1.29334946164638	0.22434244880852	0.511921487831581	-5.65314198181213
BTF3-DT	-0.538870531180773	-0.452818488726097	-1.29314882728217	0.224409204262967	0.511921487831581	-5.35736981228341
ADSL	0.386077344322402	3.23529990839102	1.29313786544651	0.224412851977004	0.511921487831581	-5.78038300987708
METTL26	-0.375379456466718	4.91591984598372	-1.29298770607041	0.224462824656806	0.511921487831581	-6.00295932745089
ENSG00000279198	-1.46006323474914	-2.67416144678798	-1.29297695793237	0.224466401962445	0.511921487831581	-5.14401905356796
HSD17B6	0.348327961958991	1.80068103031178	1.29293242074695	0.224481225785588	0.511921487831581	-5.59638253267251
ENSG00000264577	1.1217784545448	-3.35121793498442	1.29291662091419	0.224486484819009	0.511921487831581	-5.08831516039482
MAP3K20	-0.2641980571997	4.70193054576434	-1.29288738641303	0.224496215899356	0.511921487831581	-5.97946812057039
DIRAS3	0.983892336117064	-3.82978669065684	1.29285830694468	0.224505895719326	0.511921487831581	-5.0511708665754
ZNF562	-0.277993315728486	4.71068461589865	-1.29260193349153	0.224591250821175	0.512049977713129	-5.98082066492544
ENSG00000293279	0.443251961266545	0.929554182101085	1.29256018057884	0.224605154258128	0.512049977713129	-5.50043387212205
AZI2	0.233531477094269	5.22750891340275	1.2924369425538	0.22464619581455	0.512094628033033	-6.03400032095425
FBXO34-AS1	-1.00244825355404	-3.81223642845948	-1.29231157686615	0.22468795226925	0.512140899322909	-5.05310205829101
RAD21	-0.195327982526042	8.69063175729134	-1.29219411988976	0.224727080305398	0.512181171280456	-6.18467295213389
ENSG00000297106	-0.897591048119213	-1.98451067544895	-1.29203228404656	0.224781001301311	0.512255147336808	-5.20590408126695
MATN1-AS1	-0.74569209166938	-1.6797519948457	-1.29184781249303	0.224842477115357	0.512301096336448	-5.23474900306667
ENSG00000233064	0.915248248929352	-2.4209659853017	1.29184296216581	0.22484409369105	0.512301096336448	-5.16708927239974
PIGB	0.397194533937265	3.07945508569956	1.2915924944045	0.22492758560817	0.512442409861606	-5.76042064830152
NAA10	-0.43512254575336	4.21418714604627	-1.29144227165118	0.224977673688145	0.512507601213608	-5.92023457465929
WWP2	-0.324312639788641	5.94688029166283	-1.29132114867623	0.22501806584254	0.512550694547041	-6.088444287556
OR13A1	1.30333895091583	-2.25739910042326	1.29091866957543	0.225152327622544	0.512779628122433	-5.18252077490389
RNF135	-0.362936214235752	3.81286849242896	-1.29085259251629	0.225174376361743	0.512779628122433	-5.86550771989876
CXXC4-AS1	1.18967839542889	-2.80376549472747	1.29082667208342	0.225183026033905	0.512779628122433	-5.13547752647116
METAP1D	0.378406211224308	2.70447658089547	1.2907086838471	0.225222402268529	0.512820365859852	-5.71058556779757
ENSG00000304651	-0.726165372388645	-1.58455185888183	-1.29060621374484	0.225256604226819	0.512849315375512	-5.24533165853738
U7	0.978324421228499	-3.99777547271589	1.29051773934759	0.225286138203868	0.512867632631793	-5.04114568051062
C18orf21	0.494059590433757	4.62664667770652	1.29030305816939	0.225357814984334	0.512981876035394	-5.97370713763972
HIC1	1.00426935225152	-2.66701771637432	1.29023037781917	0.22538208541845	0.512988196898928	-5.14770851203041
ENSG00000305022	-1.74076862226834	5.98486357310137	-1.28992619152502	0.225483686857099	0.513121384189727	-6.09234993342873
SORD2P	0.507383540172263	0.646922091016201	1.2898096518614	0.225522622311193	0.513121384189727	-5.47395515945774
EEA1	0.356269048517498	4.62483568366208	1.28977180036714	0.225535269538994	0.513121384189727	-5.97412884208804
ENSG00000269889	-0.830381638367463	-2.97849389249648	-1.28975948121474	0.225539385833196	0.513121384189727	-5.12210417642493
STX7	-0.237730293649191	5.44194325918018	-1.28967632925308	0.225567171660033	0.513121384189727	-6.05552657443822
EIF4A1	-0.90777166534867	1.16435077079089	-1.28966907266016	0.225569596636302	0.513121384189727	-5.52903935471856
ENSG00000255910	0.99459766151996	-3.62521885499354	1.2895100706848	0.225622736595232	0.513169281181687	-5.07053101050535
AASDHPPT	0.233090362002506	5.97842254768753	1.28941882201818	0.225653237406343	0.513169281181687	-6.09259494527518
LINC01001	0.606069438540336	-1.16898457864183	1.28941308282084	0.225655155905719	0.513169281181687	-5.28777017744425
CYP2S1	-0.320846329864906	7.64974275357137	-1.28909526679194	0.225761416402749	0.513362016509567	-6.16054743587164
BTNL8	0.606819870315682	-0.719720657661735	1.28884407846311	0.225845429290818	0.513504130788222	-5.334630850815
C17orf113	-0.508158923155587	1.50824815438776	-1.28872552224406	0.225885090735031	0.51354538584235	-5.56805276706967
HNRNPLP1	1.6047026307545	-1.96527069674044	1.28853039859576	0.22595037928032	0.51364489020701	-5.21164498291081
ENSG00000288021	1.08930958079448	-3.21841346973046	1.28784756341388	0.226178978619746	0.514115588830237	-5.10460605248634
ENSG00000274425	-0.458933069234227	2.48821689462134	-1.28769738384856	0.226229281167361	0.514180959301152	-5.68607780076352
MYO9B	-0.457176142753148	6.23356272869882	-1.28752222359526	0.2262879625902	0.514265359278261	-6.10866964922671
ENSG00000297284	-1.10384339952956	-3.86195409256739	-1.28741992965607	0.22632223844168	0.514294284003387	-5.05470835013078
PPP5C	-0.303344071193663	7.05299765557563	-1.2872944694197	0.226364282497011	0.514301863734584	-6.14322882775448
CYP51A1-AS1	-0.644375802018163	-1.11991386585943	-1.28722294598741	0.22638825419864	0.514301863734584	-5.29525675981292
ENSG00000295786	-0.974285060785973	-3.45905614945109	-1.28719458189319	0.226397761249389	0.514301863734584	-5.08608988858168
CDC26	-0.460763157323986	2.14566437472525	-1.28715279289221	0.226411768645379	0.514301863734584	-5.64409383455451
GFRA1	0.712698043700644	3.22681838713556	1.28697710467224	0.226470665958813	0.514369620996485	-5.78653578040998
ENSG00000278344	-0.889494593966248	-3.00761061639267	-1.28691893588182	0.226490169102518	0.514369620996485	-5.12286336860148
ENSG00000276517	0.712930290199763	-2.28174826050813	1.28687097116349	0.226506252007921	0.514369620996485	-5.18492335185662
GABRG2	0.421509980967674	0.992503959185247	1.28670920044566	0.226560501776979	0.514443867939412	-5.5140108056556
ENSG00000250993	-1.04800159115044	-3.07983058925312	-1.28659903309299	0.22659745247809	0.514478824038677	-5.11727784046406
CACNB4	0.497459507597725	2.80560035875217	1.2862686856533	0.226708282392075	0.514622012631147	-5.72932025830735
LINC02743	0.849430309853662	-2.32530863613046	1.28619936941499	0.226731543292373	0.514622012631147	-5.18182620704533
ENSG00000302209	0.678230373583375	-0.831374208745245	1.28617260194463	0.226740526350747	0.514622012631147	-5.32609229555622
SNHG17	-0.515601325629637	4.01318528104439	-1.2860478877698	0.226782383792919	0.514622012631147	-5.89935040054094
LINC01079	-0.70944709983532	-1.31984606597914	-1.28599784392943	0.2267991816397	0.514622012631147	-5.27656457508711
LINC00294	0.371053432906578	4.02780377513326	1.28597736774809	0.226806055022975	0.514622012631147	-5.90143851549535
GPX4	-0.264467336831098	7.60735157957351	-1.285961286975	0.226811453088659	0.514622012631147	-6.16303644683786
H1-10	-0.61298923536802	6.89168134976397	-1.28587630392345	0.226839982330535	0.514637819228411	-6.13905058325021
U2SURP	0.245949937693396	7.77571991409691	1.28574996717452	0.226882399664246	0.514685128104416	-6.16831876699977
ARL6	0.342435768072697	3.2696944196064	1.28553262387876	0.226955387518354	0.514782825720484	-5.79431946200157
CASKIN1	-0.469195350372976	3.03432114081511	-1.28543627156965	0.226987750552547	0.514782825720484	-5.76148563129783
MAN2A1-DT	-0.647442734720858	-2.02075943800555	-1.28542905996995	0.22699017295355	0.514782825720484	-5.2100605153074
ENSG00000286067	-1.45824901539159	-3.19912581611149	-1.28532085365195	0.227026522374039	0.51480592294247	-5.10896986839523
IL15	-1.02408224094208	-0.965782384970311	-1.28524168112253	0.227053121589017	0.51480592294247	-5.31328428609507
ZMYND10	-1.40374011863146	-2.43412115594864	-1.28516383392861	0.227079278031717	0.51480592294247	-5.17345405295232
CITED4	0.670747263413923	2.06554132722313	1.28514193444944	0.227086636642156	0.51480592294247	-5.63678999519824
EZR	-0.390743404838485	8.01438429089332	-1.28497603669109	0.227142387566916	0.514883404317559	-6.17604300520757
IRAG1	0.45733703177963	3.28060502698492	1.2849030274444	0.227166926316744	0.514890126343943	-5.79661562452774
ZNF852	0.298040319500624	4.00398899059373	1.2846843528421	0.227240436893961	0.51499048581225	-5.89970782782519
SLC22A11	-0.774581131613793	-3.87560484232134	-1.28464294349739	0.227254359432464	0.51499048581225	-5.05671897492763
RRN3P2	-0.859775127185468	-1.62235284590499	-1.2845439249293	0.227287654027692	0.515017035856729	-5.24857671856397
GMPSP1	0.607915713715586	3.16830132690959	1.28438435568434	0.227341316968453	0.515089729645536	-5.78140549645888
FBXO5	0.264627293854724	6.14619251846208	1.28417132209712	0.227412976108616	0.515098502757244	-6.10821028455403
FBXW11	-0.280412556185786	6.19188048103684	-1.28412394819245	0.227428914017572	0.515098502757244	-6.11063217688055
CIR1	0.353888574734057	4.82455289557047	1.28412153260893	0.227429726712116	0.515098502757244	-6.00374344755589
ENSG00000205959	-0.742018518973974	0.473448835509501	-1.28406006685943	0.227450406939312	0.515098502757244	-5.46268644460146
GTPBP3	-0.245259616845493	4.91774562359937	-1.28405206501933	0.227453099281795	0.515098502757244	-6.01388284951048
CLSTN2	0.560144305388272	1.50260776255284	1.28398010058029	0.227477314002173	0.515104464259001	-5.57300422924707
ZNF230-DT	0.616527637816742	-1.05154541357357	1.28388544244045	0.227509167959844	0.515121049843255	-5.30604639728573
BIK	-0.896702112948506	-0.867373141222192	-1.28383006692031	0.227527804392994	0.515121049843255	-5.32506198113155
PTEN	0.253755590610581	5.69109189455719	1.28346264188144	0.227651491706562	0.515352191270086	-6.08146609882783
LINC02664	-0.719259614354077	-2.06575795629038	-1.28338166577559	0.22767875833597	0.515365034636249	-5.20826156669437
SRGAP2C	0.336447629061394	4.21557238460654	1.28317472815914	0.227748451450509	0.51546193534576	-5.93031761940835
SRRM2	0.293500227633647	9.32599829765312	1.28310755238971	0.227771078884165	0.51546193534576	-6.20984669080492
SUB1	0.494410294775581	7.81615470947564	1.28306219202505	0.227786359077041	0.51546193534576	-6.17272897279286
ENSG00000237868	-0.59317034861314	0.210785108361896	-1.28281364636617	0.227870099646214	0.515513677627235	-5.43721686219047
DDX50P1	-0.655005275130195	-1.7826207512307	-1.28278271968512	0.227880521300421	0.515513677627235	-5.23524953493467
INPPL1	0.401754588109101	6.84772287686674	1.28268624091795	0.227913035169161	0.515513677627235	-6.14123635401475
TMEM230P2	2.13645308806292	0.201764664123497	1.28266355973024	0.227920679405072	0.515513677627235	-5.43647214372704
ENSG00000277945	-1.09413996732179	-3.6215467580151	-1.28263140226738	0.227931517788459	0.515513677627235	-5.07838289583883
ENSG00000289641	-1.29354308253307	-2.91728295655591	-1.28255280957221	0.227958008528114	0.515513677627235	-5.13521021667023
ENSG00000287616	-0.711804811062465	-2.85060296691599	-1.28254565440674	0.227960420399625	0.515513677627235	-5.14079031016861
SMIM10L2B	-0.507654866697588	2.85359952283841	-1.28226503113835	0.228055029727042	0.515678767834706	-5.74053568343523
CTH	-0.514383895380149	4.83475660374385	-1.28188292349526	0.2281839052724	0.515907411446852	-6.0075455977986
FBXO16	0.377963903216647	2.46854198132727	1.28183706126147	0.228199377493795	0.515907411446852	-5.69049982258244
ANKRD11P2	-0.666450740872844	1.32012180899541	-1.28145717216595	0.228327571103679	0.516122816989905	-5.55569481412067
CACNG8	0.842015978697068	3.31781637880549	1.28137736071904	0.228354510988493	0.516122816989905	-5.80608483485368
ENSG00000289067	-0.869287907266979	-1.95260628248922	-1.28135423572382	0.228362317181674	0.516122816989905	-5.22093001330649
JKAMP	0.419556579096563	5.44430869688292	1.28129842797076	0.228381156837072	0.516122816989905	-6.06577280970664
SNHG11	-0.388980731941335	2.7056382694885	-1.280904752311	0.228514090593004	0.516374341998033	-5.72236929565678
MICU2	0.326720106302321	5.88173919840862	1.28083112299483	0.228538960287055	0.516381649642254	-6.09708600538269
ENSG00000273113	1.00569952777641	-4.07154237626883	1.28068524451344	0.228588240056219	0.516402418084135	-5.04641429873329
MELK	0.226902929461634	6.4263101980155	1.28067581648047	0.228591425275857	0.516402418084135	-6.12614346013623
REELD1	1.09895669664129	-3.05552589110118	1.28054768134456	0.228634718777881	0.516451337599061	-5.12598998629571
PSMD1	0.291351677082119	8.40407973459735	1.28045176197295	0.228667131816864	0.516475672856354	-6.19179024195598
SLC25A30	-0.338014731931025	3.40728983805561	-1.28036133169539	0.228697693432647	0.516484271404536	-5.82002783585364
DEPDC5	-0.300158234649415	3.73801637263387	-1.28031243755185	0.228714218983305	0.516484271404536	-5.86738717957299
ZNF324B	-0.656687209490486	1.55391502041864	-1.28011292984338	0.228781660001043	0.516546950223933	-5.58330059035497
LRRC10B	0.749356678125869	2.040674853146	1.2801022801963	0.228785260435631	0.516546950223933	-5.63975725660125
NFATC2	0.560954288028723	0.998963171797807	1.2797784737232	0.228894755160802	0.516745282011242	-5.52280774684222
NCKIPSD	-0.274249759456176	5.60775583103053	-1.27966732670557	0.228932349275555	0.516781271177496	-6.08014594984392
RNF19A	0.331876144116681	4.31229495413277	1.27957440089069	0.228963784175811	0.51680335132628	-5.94738023952862
NALF2	0.3275952282817	4.93648872126362	1.27934669373634	0.229040827796997	0.516899774270551	-6.02144237056546
MFN1	-0.283723339594595	5.43653920958867	-1.2793201259266	0.229049818271477	0.516899774270551	-6.06751790810804
ENSG00000296925	0.988286781385634	-2.01953365724588	1.27913767775797	0.229111566046942	0.516948365406168	-5.21726990074171
ENSG00000273828	0.804983044124406	-2.57293146620204	1.27912850989926	0.229114669177795	0.516948365406168	-5.16818566641792
APPBP2-DT	-0.770235946806243	-1.67689132950219	-1.27895865632482	0.22917216733498	0.517024361925673	-5.24966283081157
MAGOHB	0.346065091282091	4.77263075767265	1.27883211527206	0.22921501119407	0.517024361925673	-6.0043139797038
CABP7	0.911426346065169	-1.28145642108747	1.27880872258566	0.22922293213261	0.517024361925673	-5.28859618038347
MIX23	0.413891031343519	4.95117911851473	1.27877307761824	0.229235002216344	0.517024361925673	-6.02363640838277
ENSG00000255508	-0.808702123930568	-3.17273853049292	-1.27863000518714	0.229283454581974	0.517084778466216	-5.11851673572752
BAD	-0.55599601837078	3.64432178679753	-1.27849355214016	0.229329673068834	0.517097572755858	-5.85620000318467
F2RL2	0.788709758174919	-3.39987707639172	1.27843340125069	0.229350049409864	0.517097572755858	-5.10043992483896
ENSG00000267665	-1.32242969873646	-3.46372905018216	-1.2784213701756	0.229354125159991	0.517097572755858	-5.09538363423221
ENSG00000294165	-1.48468282426121	-1.53564674662293	-1.27835422824838	0.22937687182436	0.517100009429678	-5.26401235011373
ENSG00000277998	0.453518614150025	3.67810050717776	1.27819571013542	0.229430582683784	0.517172243758394	-5.86138110827218
SCAMP2	-0.402704359691888	5.62503115280111	-1.27805659367752	0.229477728147861	0.517229666418453	-6.0833202416796
DIO3	0.819694446413928	-1.63902099927231	1.27776448313392	0.22957674791937	0.517352632778684	-5.25465487681962
HRH3	-0.477938952988215	2.22981703780225	-1.27775251961926	0.229580804063168	0.517352632778684	-5.66544408460093
USP14	0.309356913742245	7.50644683230358	1.27770382652455	0.229597313713153	0.517352632778684	-6.16984121380244
EOLA1	-0.462533313909136	2.63516767353351	-1.27758625923728	0.22963717952883	0.517393615011289	-5.71702313418756
ENSG00000274002	-0.804597508875722	-2.96038939713619	-1.27750958768685	0.229663181089513	0.517403355018255	-5.13722243291177
CYB5B	0.390475109941572	7.35133268228224	1.2774389959124	0.229687122952666	0.517407871119738	-6.16520733590961
ZFP36L2	0.398604082506844	6.18718499096002	1.27737584391835	0.229708543276689	0.517407871119738	-6.11847900689258
CORO1C	0.210659268736788	7.88993983041613	1.27727543454957	0.229742604179594	0.517435758606622	-6.18179853730237
ENSG00000293417	-0.621818235833085	-1.46102290119765	-1.27706671629296	0.229813418897583	0.517546411476562	-5.27277454551884
ENSG00000278112	-1.36137974722685	-3.37411721380224	-1.27684514719361	0.229888613255999	0.517628519897146	-5.10424164789408
ENSG00000288109	-0.664734526758504	-2.78194440643808	-1.27683147245127	0.229893254741264	0.517628519897146	-5.15292228235943
ENSG00000289393	0.504541880504775	-0.646206001671559	1.27660285477594	0.229970863588689	0.517721476855671	-5.35634013402306
KTN1-AS1	-0.327462380721555	2.64686962059827	-1.27658206136324	0.22997792339313	0.517721476855671	-5.71974232486196
SIRPB1	0.94286593015039	-3.41444248574577	1.27651685556163	0.230000063295896	0.517722485210144	-5.10138717160697
MARCHF6	0.236118464968653	6.59909067245235	1.27643809626285	0.230026807464334	0.5177338564458	-6.13877228125545
AK4P3	0.62633073880351	0.519832863645451	1.27627628044195	0.230081762991747	0.517808716390761	-5.47653169181114
RNF182	-0.345267335674988	3.45538033316216	-1.2762039931398	0.23010631651698	0.517815147681574	-5.83186948248419
PDCD11	-0.421461273317373	6.93506442080857	-1.2761176510888	0.230135646771176	0.517832325962822	-6.15237039395199
NAXD	-0.261912443361581	5.26887831715334	-1.2760215804979	0.230168285391749	0.517856944517805	-6.05737688302086
RPAP3	0.228850443507389	6.08408310721441	1.27594793018951	0.230193309605338	0.517864428348629	-6.11470651641258
ENSG00000257526	0.680713364097736	-2.34304154991398	1.27586770773878	0.230220569374148	0.517876939609123	-5.19185445131836
PRRG1	-0.325278376320321	4.28297310064625	-1.27555950148251	0.230325323130679	0.518061246134789	-5.94830621972824
ENSG00000234648	1.16670722888006	3.85731701010595	1.27549893077652	0.230345914609393	0.518061246134789	-5.89010109839168
RN7SKP269	1.16529538414274	-2.91772050105792	1.27538995588768	0.230382965257531	0.518095753491141	-5.14312325650905
PIGW	-0.422162261050985	4.67143727722379	-1.27530553786237	0.230411670108216	0.518111487702354	-5.99694694360751
ENSG00000288698	0.884962011372555	-4.21548191888285	1.27521201275068	0.230443475079797	0.518128209435885	-5.04215615217581
HNRNPC	0.327785308282042	10.2836395092029	1.27500520143757	0.230513817910282	0.518128209435885	-6.23807263014142
AKR1B1	-0.334303987521461	7.29927753959948	-1.27491618590486	0.230544100214891	0.518128209435885	-6.16651258840321
ENSG00000255046	-0.947580036035529	-3.21409330010458	-1.27490937547217	0.230546417198508	0.518128209435885	-5.11925922582067
ENSG00000276627	-0.823450794339989	-1.07895170802546	-1.27488933876173	0.230553234016833	0.518128209435885	-5.3135277842257
TAC1	-0.917535233220961	1.39191025779314	-1.27482467837461	0.230575233668697	0.518128209435885	-5.5713858186372
CSPG4	-0.823855359885422	3.54512578766009	-1.2747192915734	0.230611093506464	0.518128209435885	-5.84644636698766
ENSG00000260362	-1.85628976590131	0.501227524806967	-1.27467865717203	0.23062492134347	0.518128209435885	-5.4764564362107
ZNF551	-0.233120805183733	5.44171115713131	-1.27467558653439	0.230625966305269	0.518128209435885	-6.07348477015324
FGR	-0.658364994438122	-0.473865349072577	-1.27464552613147	0.230636196298104	0.518128209435885	-5.3765301558233
LINC02018	-0.524959700532548	-0.233830573516054	-1.27424097632761	0.230773906614351	0.518388783921384	-5.40174728274422
DDX18	-0.285094267132422	7.50845391855162	-1.27415155639359	0.230804354582442	0.51840838799352	-6.17415526095667
ZNF444	-0.422950859811067	4.65923363696403	-1.27398393360677	0.23086143989763	0.518441424383376	-5.99707694168092
MIGA2	-0.668451624290863	3.98694921855108	-1.2739808000729	0.230862507158274	0.518441424383376	-5.91009075309349
TMPRSS5	-1.13580879182476	-1.52702391028119	-1.273784626791	0.230929330500884	0.518542697437632	-5.27002774254091
ENSG00000308091	2.36109991156349	0.818508464676046	1.27360788036224	0.230989549941286	0.51862912403092	-5.51081175526121
ZNF684	0.306319913896594	2.81944573221037	1.27342364968244	0.231052333020633	0.518721289831949	-5.74637801839037
SLC4A3	-0.582326340250625	3.27549757706147	-1.27330948994648	0.231091243967247	0.518732764244817	-5.80964263835394
TNFRSF10A	0.382625857805226	3.1151004884955	1.27328112570824	0.231100912649899	0.518732764244817	-5.78713423652567
CTNND1	-0.299412999405943	3.90991075547123	-1.27303959354602	0.231183258527012	0.518865229141664	-5.90038689930718
LRRIQ3	-0.745980613613755	-1.70638166075284	-1.27298050628825	0.231203406876507	0.518865229141664	-5.25358992443691
TRPC5	0.59223579073808	2.09978990617817	1.27284005708512	0.231251304855306	0.518923927508611	-5.65539034480657
ENSG00000303205	-1.13478699814768	-3.92799422575888	-1.27241587830365	0.231396013586132	0.51919983606846	-5.06609587845174
SFPQ	0.402010341276416	8.57926308298102	1.27230660772803	0.231433303271506	0.519220611184445	-6.20589522774587
ADAMTS13	-0.939520758985792	2.12918364160304	-1.27226125409051	0.231448782100445	0.519220611184445	-5.65963023563322
IGSF10	0.466124929920292	1.1384158322728	1.27213752415567	0.231491014429466	0.519256419883929	-5.54673280512539
RBM17	0.245888211964357	6.8701619158556	1.27206909091783	0.231514375226132	0.519256419883929	-6.15479038727375
KXD1-AS1	-1.06834577957388	-4.29736698490132	-1.27202328468095	0.231530013005605	0.519256419883929	-5.04066443167294
NEK4	-0.254202035107395	5.38267530180733	-1.27191504343817	0.231566968887422	0.519288999561544	-6.07196349324363
MANBA	-0.276657013020618	5.37041171521734	-1.27185328966419	0.231588055110951	0.519288999561544	-6.07100412425435
CEP131	-0.568384846895866	4.31141950473169	-1.27172323220828	0.231632469200936	0.519339797315053	-5.95660841881093
ALOX15	-0.434819443129222	0.493555605863487	-1.27146707350584	0.23171996671664	0.51948717317547	-5.47938108371057
ZNF362	0.30475728655893	5.01666699773972	1.27136565048241	0.231754617794464	0.519500176097218	-6.03914947453579
ENSG00000296250	-1.06961086535515	-4.34187119929951	-1.27132268067768	0.231769299664104	0.519500176097218	-5.039228806775
POT1-AS1	0.685450566967022	0.0749671091903436	1.27115774724108	0.231825660976724	0.519577711572116	-5.43683929998833
LYPLA1P3	-0.363414802840143	4.00671608266538	-1.27097217490307	0.231889088440814	0.519671067964028	-5.91640171818909
SLC15A4	-0.244688267450226	5.15472839320656	-1.27067275666814	0.231991457626553	0.51983023373094	-6.05334336927283
ENSG00000287281	0.755597714256215	-1.1875119672828	1.27063703699055	0.232003672422256	0.51983023373094	-5.30731436560144
TUBA1B	0.387976241270003	11.28544207528	1.27053666229631	0.232037999632834	0.519858343869037	-6.25961080076726
EZHIP	-1.09134914239253	-3.26288562207743	-1.26992425640393	0.232247526674058	0.520253964080144	-5.12078580665671
FKBP4	-0.404057467047682	8.40675340377931	-1.26989313027476	0.232258180218458	0.520253964080144	-6.20449497974396
ENSG00000297787	0.704287719854831	-2.88640637595737	1.26975426367255	0.232305714973905	0.520311608416122	-5.15197596189345
ENSG00000302625	1.21268767389089	-3.38748323977088	1.26961982794838	0.232351740589311	0.520365862123026	-5.11110193822847
KPNA5	-0.334926454555526	3.96667741305674	-1.26951849334951	0.232386438578431	0.52039473912098	-5.91253261387557
ENSG00000299676	0.822925022150669	-2.59121512493247	1.26944304761821	0.232412274707281	0.520403767749195	-5.17739311069857
PRORSD1P	-0.563550746375163	0.128446580993425	-1.26929078248806	0.232464424520135	0.520471709195316	-5.44444784441771
HMMR	0.224716282233657	7.08459129978828	1.26894601888988	0.232582539129713	0.520687314642984	-6.16632516038154
METTL5	0.264518616209894	5.65217640716004	1.26875899057379	0.232646634780191	0.520774720916541	-6.09631472476996
FAM229A	0.742430225211612	0.763139111795752	1.2687047622794	0.23266522181812	0.520774720916541	-5.51067108919676
HUWE1	0.325548475202611	8.54008567191885	1.26848807331684	0.232739505226363	0.520892139088297	-6.20949330201468
ENSG00000290535	0.501318097865949	1.78781912555869	1.26830433251885	0.232802508809809	0.520951495207234	-5.62383669698089
SLC26A9	-1.14184601823442	-3.94805780860798	-1.26828341948722	0.232809680641905	0.520951495207234	-5.06906720009033
C6orf120	-0.233191691941562	5.86881356596087	-1.26811253688153	0.232868289205985	0.521033791926432	-6.11147424279598
DENRP1	0.523983339475758	3.0606308473725	1.26784810798491	0.2329590056141	0.521187906542157	-5.78593773067968
LEPROTL1	0.318447473507803	6.1693200349608	1.26752619952754	0.233069480219101	0.521334056981259	-6.12930805374359
ENSG00000273162	0.468928439948839	0.707060063032204	1.26751547707381	0.233073160755472	0.521334056981259	-5.506170541179
COX11	-0.210134103768407	5.53023235453472	-1.26738712708494	0.233117221221174	0.521334056981259	-6.08900830143742
CDC27P1	0.856227131965972	-1.65916208226679	1.26734347784601	0.233132206845267	0.521334056981259	-5.26447284154526
RPL24	0.270147942508407	8.26636380886865	1.26730059722815	0.233146929352831	0.521334056981259	-6.20397637103585
ZNF22	0.256168106642814	6.30248926220365	1.26720355637957	0.233180249880467	0.521334056981259	-6.13641657757076
NPM1P19	1.92440004166884	-2.0224085498044	1.26704349328928	0.233235218598202	0.521334056981259	-5.23058006500003
EFTUD2	-0.294158269832916	7.78005465879214	-1.26702594712394	0.233241244929356	0.521334056981259	-6.19086369817954
ENSG00000273343	0.902687198060684	-1.32584735934618	1.2670188976517	0.233243666146836	0.521334056981259	-5.29752649451682
CIMIP2B	-0.67172474038026	-1.20117076955406	-1.26696487220344	0.233262222452556	0.521334056981259	-5.31009650161137
FAM193A	0.284901625242152	5.28329017797794	1.26695792766061	0.233264607805877	0.521334056981259	-6.06941211318362
GK4P	0.578347719260653	2.78594145631758	1.26674174526919	0.233338873392765	0.521440769146508	-5.74974830911362
HYAL2	-0.463581290354585	5.58719336952314	-1.26663392722911	0.233375919561649	0.521440769146508	-6.09418783161144
MOB4	0.490029457864472	6.31422765582735	1.26662816909203	0.233377898186743	0.521440769146508	-6.13767569085809
ENSG00000228496	-0.447648845162974	0.519903565666451	-1.26651442529964	0.233416985912769	0.521479285105313	-5.4878335322066
RPS7P4	1.26705406282401	-2.08911426457177	1.26638511693583	0.233461428849501	0.521529756865504	-5.22520927116979
ENSG00000288604	-1.41672382758439	-3.14861849794866	-1.2662060863841	0.233522972569777	0.52158380712463	-5.13416599492955
ATP5F1C	0.364058114643228	7.42978018289509	1.26617854605676	0.233532441035138	0.52158380712463	-6.18117356786745
LINC01498	-0.881759117253002	-4.18870324116021	-1.26612402760929	0.233551185601078	0.52158380712463	-5.05358717662243
POLD3	0.217099942592599	5.79167014131973	1.26598197102088	0.233600033352665	0.52164408645472	-6.10912555377781
ENSG00000254452	1.21180740874858	-3.3400609291352	1.26586373705281	0.233640695786751	0.52167064611352	-5.11901211907032
CSTPP1	-0.33251522903986	4.96268387106965	-1.26579855298176	0.233663116036083	0.52167064611352	-6.04026377399643
GPR132	1.37123538779172	-2.585962205118	1.26575673790824	0.233677499375692	0.52167064611352	-5.18193375903769
ENSG00000305547	1.13740433809557	-1.96750119156991	1.26565774966683	0.23371155173515	0.521682326708203	-5.23718800931547
SKOR1	1.00722205666094	-3.15539195250211	1.26561445260382	0.233726447374652	0.521682326708203	-5.13426097304749
SSRP1	-0.2479862788706	8.86152379278816	-1.26545475666591	0.233781394823498	0.52175617638418	-6.22074535634994
ETNK1-DT	-0.952116819888566	-3.66038240758649	-1.26534120879307	0.233820470268617	0.521756955256787	-5.09425343257129
ZBTB2	0.481740532517351	5.03304171763296	1.26522720834623	0.233859706820058	0.521756955256787	-6.04810321226822
NSFL1C	0.228014421968922	6.86154926926093	1.26521479698642	0.233863978872829	0.521756955256787	-6.16263349823877
ENSG00000293738	-0.746357433901278	-1.78194591402828	-1.2650229163221	0.233930033269566	0.521756955256787	-5.25532712660651
CYP2A6	-1.38901960847353	-2.51854740593987	-1.26493387988662	0.233960688990422	0.521756955256787	-5.1886763193586
MTX3	-0.243748255937171	5.24802688344785	-1.26491064946576	0.233968687887677	0.521756955256787	-6.06874948834921
MRFAP1	-0.302305891614557	8.27445059799089	-1.26490397217088	0.233970987112263	0.521756955256787	-6.20703942458912
AGK	0.294454074526789	5.77429941065155	1.26484263760016	0.233992107597972	0.521756955256787	-6.10933149767429
MYO10	0.319904855563912	7.84589535893123	1.26477858798561	0.234014164666015	0.521756955256787	-6.19545372436404
MARCHF8	0.246263505505898	4.75320165776392	1.26475911613444	0.234020870615526	0.521756955256787	-6.01889015281224
RPS2P29	1.96142550166904	-0.406532596277537	1.26471034127571	0.234037668974235	0.521756955256787	-5.39488919665797
ENSG00000236723	0.54114246596819	-1.56889760991752	1.26466489404597	0.234053322162574	0.521756955256787	-5.27623205792605
ENSG00000287146	-1.19764189404049	-3.00586000149363	-1.26462826993336	0.23406593706517	0.521756955256787	-5.14766537866262
VSIG10	-0.582253230616769	5.7886513287451	-1.26455881306474	0.234089862489296	0.521761556596193	-6.11061634370405
ENSG00000289507	0.792073671202035	-0.723428707688745	1.26439522059077	0.234146222169113	0.521838442852761	-5.36224502966923
SLC39A7	-0.28719829684547	7.03365605717547	-1.26422149002785	0.234206086667786	0.521923125163404	-6.17014784972994
ENSG00000308635	0.802863103540564	-2.99667157772294	1.26415504873193	0.234228984470805	0.521925419882803	-5.14894833235453
HIGD1A	0.511904328322937	5.82751755393596	1.26400361672915	0.234281179623054	0.52199299048389	-6.11375614938137
SNX24	0.345737941398292	4.14421147543266	1.26374813072078	0.234369261318446	0.522125233654809	-5.9437573868934
CCNY-AS1	0.586546065060723	-0.80189371385465	1.26370455866013	0.234384285975515	0.522125233654809	-5.35483361803593
FZD1	0.661610412024415	2.95212827742552	1.26346544054713	0.234466753431713	0.522244959180407	-5.77612359010452
BRF1	-0.492596458927196	4.32111883715997	-1.26342183650683	0.234481794217004	0.522244959180407	-5.9677207726476
ZNF814	0.272276586303152	4.52525623803819	1.2633053926848	0.234521964225666	0.522285688175234	-5.99370356771269
ENSG00000258790	-1.12102041123018	-4.34187119929951	-1.26302922868836	0.234617255866054	0.522449155229998	-5.0481382476877
MARS2	-0.455414061443373	4.75628686985279	-1.26284625942206	0.234680407628376	0.522528333349695	-6.02149809789926
C2orf69	-0.223072761995727	5.10350933978709	-1.26279935408474	0.234696599216857	0.522528333349695	-6.05786167762228
ENSG00000300574	1.35384654572436	-3.57047150498365	1.2624387812767	0.234821098335725	0.52270295329223	-5.10443557866431
KCTD10	0.261840755981831	6.21473319998969	1.26240314771504	0.234833404868142	0.52270295329223	-6.13773531266696
ENSG00000296725	0.900638316616379	-3.27351710519468	1.26226809554827	0.234880051733232	0.52270295329223	-5.12831021429723
AQP7	-1.25347017709689	-3.77491840036096	-1.26226130124436	0.234882398677644	0.52270295329223	-5.08874381177611
C1orf174	0.381156364776252	4.65518088806286	1.26225511949421	0.234884534045299	0.52270295329223	-6.01051375822712
GRB10	0.212740818121499	7.39535748808579	1.26205790961856	0.234952664740602	0.522758069230798	-6.18497046686672
RGS9	-0.390465344234551	3.49240227503276	-1.26205662914555	0.234953107162139	0.522758069230798	-5.85388526368963
H3-3A-DT	0.799808204985695	-1.58363778694161	1.2619791306712	0.234979885245594	0.522768915096625	-5.27781647826635
C22orf42	-1.23096062944108	-2.26936463434541	-1.26184770162933	0.235025303669779	0.522801556224974	-5.21401950821684
ZNF714	0.280915373329782	5.61584406932478	1.2618099044375	0.235038366711106	0.522801556224974	-6.102004014088
ENSG00000233920	1.30248781684915	-3.85726492606907	1.26168469720239	0.23508164365815	0.522807834862421	-5.08307013459076
ANKRD33	-0.952470013704383	0.204427609422954	-1.26167498890987	0.235084999528365	0.522807834862421	-5.46096553431898
NFATC1	0.325101125484172	4.20895999702509	1.26139875031959	0.235180503419726	0.522971496796665	-5.9552925653947
DEPDC1	0.21354116781409	6.31205430012308	1.2613306444681	0.235204054495418	0.522975141479612	-6.14386034660786
NOSIP	-0.388567490617382	5.49504635873323	-1.26109602263607	0.235285201690096	0.52310683826153	-6.09377587159907
MTM1	-0.282395608403968	4.27182917459382	-1.26096204551494	0.235331549757159	0.523161149222626	-5.96413105497001
ZNF223	0.478103640902875	0.454968773730118	1.26084192041431	0.235373112179609	0.523190824389206	-5.48764500168175
ENSG00000291068	0.397853882032344	3.07555323258806	1.26077134779871	0.235397532587115	0.523190824389206	-5.79632968475171
ENSG00000289075	0.901032668829072	1.67591511431842	1.26073340835926	0.235410661713482	0.523190824389206	-5.61976957346759
TEX38	1.04513479761172	-3.82588717821343	1.26062261967076	0.235449004089749	0.523227316630357	-5.08661129872645
ENSG00000219928	1.01799381909875	-1.88991527329028	1.26040769306853	0.235523401615271	0.523301706172937	-5.25029991025659
ENSG00000301036	0.888389522837628	-3.60917553173408	1.26038227879169	0.235532200114053	0.523301706172937	-5.10363305239908
DNAH11	0.484108221185249	2.69580971150329	1.26033590328056	0.235548256145132	0.523301706172937	-5.74526216096158
DRG1P1	0.917510533964063	-0.788393171277401	1.26010594800923	0.235627883945365	0.523357012157547	-5.36033011510609
RPS15P4	1.1270653593061	5.13877999409559	1.26008190825035	0.235636209582895	0.523357012157547	-6.064402125801
ENSG00000272848	0.642932768414549	-1.34179235413473	1.26004031211879	0.235650616046981	0.523357012157547	-5.30380409976099
ENSG00000264693	0.987743015465204	-3.77342320002761	1.26001072801972	0.235660862683084	0.523357012157547	-5.09129382514231
DBR1	0.258641174717439	4.49407395271215	1.25990501197896	0.235697481055067	0.523389633451926	-5.99383817883864
ALKBH2	0.295629980730367	3.95796762716726	1.25959292845727	0.235805608912837	0.523581027809348	-5.92302714819185
ENSG00000298817	-0.630956524745953	-1.97393746627747	-1.25939064699419	0.235875715132581	0.523589473278838	-5.24358946580654
BEAN1	-0.705505604634256	-1.67699447495276	-1.25936002124598	0.235886330809824	0.523589473278838	-5.27171443254231
ENSG00000293573	1.88646211822206	-2.09977684203018	1.25933416739514	0.235895292726798	0.523589473278838	-5.232095488549
CYB561D1	-0.32036446930106	3.01807575917143	-1.25932876998869	0.235897163705842	0.523589473278838	-5.79004224970674
WASHC3	0.424231823346648	3.13989215216261	1.25900216593358	0.236010401566265	0.523756581502911	-5.80740289659745
ENSG00000289901	2.44458779570655	-1.8941681413102	1.25898503593315	0.236016341981138	0.523756581502911	-5.25148866689772
DNLZ	-0.969365978623482	-2.30362885423665	-1.25878533564734	0.236085603885795	0.523819912425174	-5.21436225370113
ACP2	0.388571594865014	4.87783923441354	1.25877619302553	0.23608877521086	0.523819912425174	-6.03971824995823
RUNDC3A-AS1	-0.628939254782655	1.06225512519373	-1.2586574645339	0.23612996202286	0.523862595612531	-5.55412449638139
SRSF9	-0.301967970311543	7.42372065956343	-1.25850423322307	0.236183126481633	0.523917029694079	-6.19009270805842
ADARB2	0.753854790819445	1.29300627651502	1.2584171074947	0.236213359585778	0.523917029694079	-5.57952560497091
BTG2	0.76090575039698	3.72761707700716	1.25834177550328	0.236239502738881	0.523917029694079	-5.89188694816808
ST20	0.618763589562302	0.954772647177978	1.25833370353602	0.236242304167582	0.523917029694079	-5.54295988676805
ENSG00000256973	0.836823706072339	-2.908735858	1.25820918675777	0.236285521951727	0.523963608405627	-5.16281579304935
PLA2G4E-AS1	-0.896677038843725	-3.59584391955883	-1.2581466952489	0.236307214181848	0.523963608405627	-5.10710220043688
ENSG00000235605	-0.633906024076433	2.09388738639243	-1.25804311849045	0.236343171611362	0.523965317628006	-5.67195709286967
SLC2A11	0.330733313066584	2.6254758881241	1.25796390642808	0.236370673664313	0.523965317628006	-5.73878696009025
MSX1	-0.843111439498671	-2.12593321755649	-1.25795477078944	0.236373845682354	0.523965317628006	-5.23124332788311
UBQLN1	0.266702322516851	8.24432062598551	1.25786455508945	0.236405171661866	0.523986091386865	-6.21461359390368
PDRG1	-0.639277997111319	4.5013935875071	-1.25769631911147	0.236463597980951	0.524066922927976	-5.99736270801973
ENSG00000234160	-0.45199174879512	1.82934534404652	-1.2575020802204	0.236531069417188	0.524088373814258	-5.64123121019983
CKS1BP1	0.527268952781655	0.0930367233249592	1.25749188621489	0.236534610871999	0.524088373814258	-5.45436585786018
MIDEAS-AS1	0.657283558188577	-2.50077397125311	1.25747881220587	0.236539152919394	0.524088373814258	-5.19846881093969
C10orf95	-1.14150648081389	-2.34648129795035	-1.25730139617524	0.236600796121905	0.524176292679988	-5.21220910244689
PTP4A2	0.453621435953076	7.91932214197215	1.25694238604141	0.236725574199508	0.524404054150702	-6.20684677697051
MYO1D-DT	-0.712308947171813	-1.79776346337861	-1.25664508818748	0.236828944003461	0.524584353274303	-5.26319168474722
RASGRP2	-0.582456767583292	3.90178926380447	-1.25625635115189	0.236964162422636	0.524794201187353	-5.91905965118913
ENSG00000269139	1.11486303621712	-2.00977116577791	1.25611826654119	0.237012208937713	0.524794201187353	-5.24392619786216
TPMTP1	-0.440171805428481	1.16135607433527	-1.25606206723074	0.237031765746943	0.524794201187353	-5.56784616638205
ARHGDIA	-0.523336125481176	7.43898812635047	-1.25605522674328	0.237034146259167	0.524794201187353	-6.19348091492832
LAPTM4BP2	1.4920903182824	-3.01288696309783	1.2560281256889	0.237043577706791	0.524794201187353	-5.15651346476093
ENSG00000260269	-0.846211025508663	-1.96365719112708	-1.25599354772543	0.237055611639538	0.524794201187353	-5.2483257568389
ENSG00000298065	-0.556431626665888	-0.579808408098596	-1.25584789646354	0.237106307111416	0.524857747340768	-5.38694575435034
GGNBP2	0.243534532980646	5.68414494443793	1.2557135082366	0.237153090187698	0.524882318247869	-6.11402235972554
TNKS	0.303010238000989	6.5922652801601	1.255689665606	0.237161391041397	0.524882318247869	-6.16315939761855
UPK2	-0.655156054884134	-1.11346807089512	-1.25561714683083	0.237186640033145	0.524889525977847	-5.33181822699459
LINC02482	-0.492542590949734	-0.241229812991467	-1.25551269600985	0.237223010705709	0.524921342157718	-5.42241345884524
HSP90AB1	-0.250073676187254	11.7508965209065	-1.25536702308181	0.237273742846064	0.524984928201262	-6.28425133225957
KRT18P28	0.90194212940986	-3.6984220585304	1.25523226102424	0.237320683018936	0.525016573947232	-5.10225110658657
EFCAB12	0.615298063582275	-0.481605082487253	1.25519965703713	0.237332040738957	0.525016573947232	-5.39791328636593
POLR2D	-0.297727045202048	6.16394639759668	-1.25511879563405	0.237360211017211	0.525030227650396	-6.14373994116312
RPA1	-0.214382674105309	7.80637840630457	-1.25487207424845	0.23744617996015	0.52512299058844	-6.20605467427319
ENSG00000299307	0.764939917873012	-1.09019292084795	1.25483038343115	0.237460709436567	0.52512299058844	-5.33509090287742
FGFR2	-0.396828274321002	6.390680981909	-1.2547688873224	0.237482142484691	0.52512299058844	-6.15534116872948
ERI3	-0.34429570898787	6.25761498090105	-1.25474589509081	0.23749015629998	0.52512299058844	-6.14896242545261
UBTD2	0.231590032008951	5.98157360761502	1.25446924776725	0.237586597441281	0.52525412341491	-6.13445108482816
THADA	-0.267551933215499	5.2632779354775	-1.25444951672197	0.237593477034708	0.52525412341491	-6.08247799908117
LARP1B	-0.485286008055718	5.10024269628165	-1.25426021318556	0.237659489443251	0.525316531514191	-6.06764291697335
BRD7	0.203174737218819	6.87017810794322	1.25424232786077	0.237665727041113	0.525316531514191	-6.17596149543709
CHEK2	-0.33064058294688	6.31977747194418	-1.25409045071059	0.237718700333975	0.525317039637141	-6.15280450012964
ENSG00000286177	0.759112302989592	-2.54831236855874	1.25404017125428	0.237736239441199	0.525317039637141	-5.19813112909822
ZNF510	0.22989489455011	4.88879679328811	1.25398387762813	0.237755877734746	0.525317039637141	-6.04654130644597
MIS18BP1	0.212523241765692	6.87774415970961	1.25392836386295	0.237775245261954	0.525317039637141	-6.17661586315182
RANBP9	0.34054084280327	5.99869490124549	1.25392617812631	0.237776007843467	0.525317039637141	-6.13606644552873
OTUD6B-AS1	0.277988349296605	4.42144074869521	1.25384274376294	0.237805118739824	0.525330844932708	-5.99186263931312
RWDD4	0.50623442793158	4.45309167706674	1.25372982286524	0.237844522331711	0.525330844932708	-5.99597357870862
ENSG00000271830	0.770252537112679	-0.00689243651490291	1.25364224824715	0.237875085029039	0.525330844932708	-5.44854266166495
SLTM	0.317100314832404	7.29475953991813	1.2536193543365	0.237883075309571	0.525330844932708	-6.19167776647795
TCEAL4	0.229886133901234	5.92181647749002	1.25352565814506	0.237915778805649	0.525330844932708	-6.13202377810051
ENSG00000290920	-0.549602521839497	-0.251873753735311	-1.25341625549376	0.237953969072869	0.525330844932708	-5.42370191881799
VDAC3	0.298321927007859	7.04618108864467	1.25331444763853	0.23798951262617	0.525330844932708	-6.18351211675439
CD177	-0.561376968305479	1.34206829273957	-1.25327424783691	0.238003548525415	0.525330844932708	-5.59087423970323
ENSG00000300464	-1.1761331489433	-4.10681817514174	-1.25322391289348	0.238021124093178	0.525330844932708	-5.07343421315655
SERPINH1	-0.340265728599245	9.01340931101989	-1.25319898396783	0.238029828974054	0.525330844932708	-6.23872890102435
FGF20	0.561217426680582	-1.30564329771587	1.25317724532407	0.23803742005812	0.525330844932708	-5.31513028363843
ENSG00000302953	-1.02491693428942	-3.51416253774691	-1.25315157102133	0.238046385718659	0.525330844932708	-5.11895059447132
PIGT	0.420596556793988	6.85680323188899	1.25292259193096	0.238126359089782	0.5254283033798	-6.17701911084517
TCF12-DT	0.415328765707153	1.33850840045663	1.25286416877457	0.238146767492295	0.5254283033798	-5.59095367309798
RPS2P5	-0.360157067048521	9.08958198149142	-1.25283604503309	0.238156592196869	0.5254283033798	-6.24084984715917
ENSG00000261693	-0.842963927307144	-3.03322132210756	-1.25266422753935	0.2382166218107	0.525512164964968	-5.15850094774956
FAH	-0.374339142919331	4.23511190713057	-1.25208065338284	0.238420602837623	0.525897585240128	-5.9697218491035
TPGS1	-1.02235292238638	1.58542162616576	-1.25202108768443	0.23844143126177	0.525897585240128	-5.61955543377004
SLC27A1	-0.599182599149853	4.03848497890067	-1.25188075720574	0.238490506668982	0.525897585240128	-5.94327388291867
PRDX6	0.289988398025564	8.46354524142913	1.25187266470679	0.238493336972197	0.525897585240128	-6.22731103964228
ENSG00000305464	-1.18549150983299	-3.9430480431048	-1.25184930571452	0.238501506793445	0.525897585240128	-5.08715693906778
METTL21A	-0.258687294964119	4.89426014447677	-1.25175354992541	0.238534999813793	0.525922849012084	-6.04975022041913
BAIAP3	-0.650672268900344	2.37237890400133	-1.25158643478488	0.2385934617358	0.526003154558317	-5.71376155162268
CD33	-0.89602053389725	-2.50558250031801	-1.25129399448357	0.238695794194686	0.526163105626475	-5.20486747205371
RELL2	-0.594169170288764	4.03346069240144	-1.2512531021449	0.238710106327711	0.526163105626475	-5.94332187494258
ZFX	0.268669113096183	4.78319646794422	1.25110510050478	0.23876191205851	0.526228696564823	-6.03834209250667
ENSG00000303320	-1.45902794823105	-3.32066372970288	-1.25102928843677	0.238788452461302	0.526238596019751	-5.13673401583852
GOLGA6A	-0.789892710424101	-1.24931720781197	-1.25060203415	0.238938071101358	0.526519706673079	-5.32368235095989
ENSG00000297600	-0.935065417763416	-4.13476692703018	-1.25047668817667	0.238981980000944	0.52656784681338	-5.07430471924167
SMIM38	-0.90452769744836	-2.17188526342547	-1.25037817634396	0.239016493456554	0.526588670421688	-5.23548111211937
MBOAT1	-0.442208046326594	4.00866235546051	-1.25017625878024	0.239087247589859	0.526588670421688	-5.94117506188046
RDM1	-0.533708434896382	2.24330915708107	-1.25015563280427	0.239094476116	0.526588670421688	-5.69933632145908
GAPVD1	0.262699056800146	5.72936379249175	1.25008949413622	0.239117656099476	0.526588670421688	-6.12375623451353
SLC25A4	-0.249342465122624	5.61928754032027	-1.24991472589683	0.239178916870928	0.526588670421688	-6.1162992974069
SRSF6	0.275935649004527	7.10310744320334	1.24990872967328	0.239181018927931	0.526588670421688	-6.18953615406472
STIMATE-MUSTN1	-0.972449914883592	-1.61937358529651	-1.24989801600364	0.23918477478661	0.526588670421688	-5.28785508539588
ENSG00000232057	-0.723439058529232	-0.660768276798585	-1.24988752124519	0.239188453948695	0.526588670421688	-5.38520977970048
SUMO1P3	0.246075910797085	5.20539812589858	1.24988310569193	0.239190001929087	0.526588670421688	-6.08263509755371
ADD3	-0.211430783052274	7.11250218962105	-1.24972364926246	0.239245908739703	0.526657008085446	-6.19008248050516
IGF2BP2	0.235671372458129	7.53847828125477	1.2496687045518	0.239265175291008	0.526657008085446	-6.20415868212777
E2F6	0.257849288774746	4.14991028576246	1.24960159200719	0.239288710244345	0.526660240446493	-5.96117951280121
SLC35E1P1	-0.952683341580186	-2.7587031582744	-1.24953278365478	0.239312841833338	0.526664785250003	-5.18500048959399
RARRES1	1.46111870531265	-2.74454990199926	1.24916932954802	0.239440340616396	0.526887449223213	-5.18660427058408
MYOSLID	-0.806578441329615	-2.60413213254312	-1.24907603589289	0.239473076688925	0.526887449223213	-5.19875609781727
HSPA5	-0.456360405167359	9.15438523343406	-1.24905560351151	0.23948024674963	0.526887449223213	-6.24672993751695
ENSG00000280138	-0.92922483070499	-2.54829498815658	-1.24895526324121	0.239515460340393	0.526916350994946	-5.20372424416047
KANK1	-0.211102380060364	5.45031327016599	-1.24863971764189	0.239626225863973	0.527111440801423	-6.10500335014256
PROM1	-0.482476658714117	6.07626054087527	-1.2485342251628	0.239663266012662	0.527144334155765	-6.14678457829977
PTP4A2P2	1.2231691487047	-3.79311027196024	1.24845872355545	0.239689778725255	0.527154068267202	-5.10222772089953
C3orf38	0.33076616455808	5.24476311896683	1.24838772888625	0.239714710979034	0.527160324973427	-6.08796614417517
CAVIN3	-0.536635859259596	2.74887392249526	-1.2482071921094	0.23977812224703	0.527251192525323	-5.76643593446515
ENSG00000270012	0.504720344852723	0.0301958427217834	1.24810231119901	0.23981496659706	0.527253024270539	-5.45864181829507
CLDN15	-0.507065714366143	1.7442276326905	-1.24807905268081	0.239823137867389	0.527253024270539	-5.64225476359294
ENSG00000237493	0.42098792109496	6.42648789108372	1.24793475522498	0.239873838043844	0.527309760326727	-6.1650442491328
PRKCH	-0.776889203214741	3.22837457292241	-1.24787984977404	0.239893131840097	0.527309760326727	-5.83280966855093
MYREM	1.21678619059627	-0.924751227472265	1.2477489887555	0.239939121529713	0.527314266675943	-5.36010992783359
ENSG00000305873	1.05330999208804	-3.14903164108712	1.24773157416783	0.23994524223762	0.527314266675943	-5.15430478142921
ENSG00000279348	0.527673739176099	2.07644060989594	1.24766162062652	0.239969830096756	0.527314266675943	-5.68188620464114
ENSG00000279199	1.01261271242357	-2.99686968396829	1.24762256835485	0.239983557407051	0.527314266675943	-5.16702091564353
ENSG00000298667	-1.07148061560242	-3.71471011382059	-1.24750316210344	0.24002553399308	0.52735795082508	-5.10931476435174
TOM1L2	0.342448497765737	2.46202153998729	1.2473234003144	0.240088739460457	0.527448264424036	-5.73005565032484
ENSG00000273210	1.0589524231143	-2.18246212270452	1.24717157683629	0.240142132147284	0.527517005794682	-5.23806809204799
AP2A2	0.219440391672793	6.49996981585786	1.24701927003323	0.24019570448813	0.527586129120026	-6.16943171762964
INO80D	0.335739854910979	4.65885586231492	1.24692194467116	0.240229942754127	0.527601522091967	-6.02899999512144
SPATA12	-0.464794715612968	-0.365038095082009	-1.24687367728967	0.240246924292768	0.527601522091967	-5.41945468514028
ENSG00000213062	-0.49415748835252	1.37128787897464	-1.24680904512085	0.240269664852864	0.527602915727601	-5.60155261084419
IQSEC3	-1.00924408515846	1.09734474549768	-1.24673451608408	0.24029588975275	0.527611959588674	-5.57162934546711
GRAMD1A-AS1	0.688456192441915	-3.55444810212299	1.24660260472392	0.240342311746354	0.527665343984015	-5.12283734578102
OCSTAMP	-1.34759251184931	-3.61626958529237	-1.24648284125869	0.240384464977093	0.527709347462131	-5.11809639747588
USP4	-0.2726539895695	5.11134384593616	-1.24601109017959	0.24055056587832	0.528025416703564	-6.07838751907679
MALT1-AS1	-0.691179810315086	-0.104510881886342	-1.24594430637774	0.240574087599933	0.528027922947601	-5.44729604961921
GAPDHP40	2.46156841501846	0.207911855580358	1.24588222385728	0.240595955170535	0.528027922947601	-5.47935813708317
TDG	-0.375802566998964	6.30137669593332	-1.2458146903565	0.240619744592094	0.528031578170239	-6.16165254504108
MRFAP1L1	0.241931750031854	6.08302832344686	1.24539616151707	0.240767218548947	0.528306629135581	-6.15085056640932
NCBP3	0.254524147224685	5.99999693033509	1.24509126956625	0.24087469724513	0.528493877472836	-6.14654093377874
FGF2	-0.645471395424258	5.81041847721145	-1.2447468739194	0.240996148337988	0.528711744864671	-6.13540158149151
TEX26-AS1	0.966482800441995	-4.14710373951782	1.24455822687555	0.241062695744634	0.528809132292019	-5.07970336467533
PGM2	0.334645292750294	5.57887323217996	1.24442871506892	0.241108391143072	0.528860763846309	-6.11979178637702
TXNL4B	0.4094275573869	2.89439263723429	1.24421046874156	0.241185410456788	0.528981087242433	-5.79069115735443
LINC02289	0.453863213429188	1.26047478472837	1.24411044439419	0.241220715798109	0.529009907557978	-5.59241855608057
PPIAP11	3.19243400883217	-0.578148826410804	1.24390089791796	0.241294692470174	0.529053024197362	-5.40061845080516
SLC25A19	-0.424191305241792	3.48660829469448	-1.24384102234767	0.241315833857484	0.529053024197362	-5.87436965729334
BTN3A2	0.561854220193172	3.13160125598421	1.24381259201768	0.241325872811455	0.529053024197362	-5.82396034739434
PNKP	-0.395430650896538	5.63802011094808	-1.24380361362723	0.241329043216017	0.529053024197362	-6.12479948725361
ENSG00000289428	-0.604683125789842	-0.822126537610432	-1.24315287932495	0.241558917181454	0.529469952349107	-5.37592312058155
PRECSIT	-1.33533663483489	-2.14065447641123	-1.24313964369615	0.241563594550192	0.529469952349107	-5.2462950728574
LINC02813	0.698039383156449	-3.71379589993126	1.24304757773182	0.241596131980034	0.529470375139217	-5.11416908613694
ADD3-AS1	-0.856807406418166	-1.95381054110873	-1.24301355825515	0.241608155848712	0.529470375139217	-5.26363023601045
PPHLN1	0.318539331730523	6.31110829784169	1.24289960929442	0.241648433584961	0.52951002243594	-6.16555164234614
ENSG00000303299	1.15369091907242	-4.05171178684592	1.24272611297752	0.241709770076836	0.529556495304913	-5.08874206009047
ENSG00000254186	-0.588645241154599	-0.871256772439485	-1.2427140995477	0.241714017675105	0.529556495304913	-5.37130559128945
ADGRL1-AS1	0.639902842020861	-2.1182394724693	1.24243165643916	0.241813898744818	0.529726693101659	-5.24911754266514
ENSG00000287091	-0.939231939699555	-4.15015231537413	-1.24228448040136	0.241865958229411	0.529792109495352	-5.08189624903059
ENSG00000295087	-0.795773926112616	1.181687235287	-1.24215940936562	0.241910205812622	0.529840403976311	-5.586029771959
ENSG00000270104	1.07297699241793	-4.00486952627418	1.24203473720691	0.241954318807501	0.529860665718987	-5.09299094765529
ECE1	-0.261251821267903	6.65484608308727	-1.24200778034048	0.241963857865305	0.529860665718987	-6.1818863201002
IFT43	-0.305405820038259	3.33910474804157	-1.24191381189748	0.241997112272805	0.52988486959771	-5.85546141740553
ADCYAP1R1	0.66751130333193	5.31268897160566	1.24169571403763	0.242074308995877	0.529988881685462	-6.10172340683754
LAMTOR3	0.385628861148992	4.96478578616968	1.24165414108829	0.242089026192438	0.529988881685462	-6.06891638826862
MEX3D	-0.330671028112155	5.35532250779988	-1.24157282078718	0.242117816403021	0.530003294881309	-6.1054919478134
ENSG00000230454	-1.00276743892598	-1.41787800985235	-1.24141275016752	0.242174495063055	0.530074393054583	-5.31708298047772
ENSG00000295031	-0.893852863768527	-2.6960968962842	-1.24131634183079	0.242208637026924	0.530074393054583	-5.19932779223635
WDR77	-0.454240671870521	5.96773142798952	-1.24129294250274	0.242216924232341	0.530074393054583	-6.14914697066543
SLC2A13	0.294901920408603	4.03941723686575	1.24122792983313	0.242239950600981	0.530076180525682	-5.95585348404741
CARF	0.60031142941184	2.93140612392231	1.24115792602435	0.242264746727407	0.530081839947104	-5.79928289786977
LINC01359	1.29850229375285	-3.21433803213531	1.24091714360675	0.242350050228333	0.530156188407504	-5.15633226895493
RPL21P54	1.18062548099993	-3.64172189232937	1.24090126026614	0.242355678174352	0.530156188407504	-5.12209622410979
MLC1	0.826386389969713	-1.61353027921276	1.24086248505322	0.242369417844856	0.530156188407504	-5.29846880222403
NID1	0.410544695781671	6.46304506948666	1.24074843446301	0.24240983436827	0.530156188407504	-6.17514337368711
LRRN3	0.775315820420987	2.36604408572278	1.24070818918065	0.242424097538332	0.530156188407504	-5.72555314331871
ENSG00000228335	0.46302183844551	0.139370886734568	1.24065290381499	0.242443692112306	0.530156188407504	-5.47827062046667
EIF5-DT	0.786517588953765	-2.0704098835575	1.24062320980664	0.242454216971882	0.530156188407504	-5.25549286226702
FOXK2	0.24275488420421	6.68867201108575	1.2405418992517	0.242483038894158	0.530165800140679	-6.18498321953111
UCKL1	0.275090889595203	4.5733197224997	1.2404854798539	0.242503039348715	0.530165800140679	-6.02634338074372
KCNIP4	0.61056500249755	-2.8980871860942	1.24039378451443	0.242535547835368	0.530188305567569	-5.18316176173037
FAM192BP	0.536791650879997	2.56687718387516	1.24001841262043	0.242668664149064	0.530329273382278	-5.75199234525026
PGDP1	1.44748403687019	-2.51634439203881	1.24000457840754	0.242673571238796	0.530329273382278	-5.21630996382548
NPB	-0.821334212009049	-1.51411341134597	-1.23998158845219	0.242681726110536	0.530329273382278	-5.3091651778257
ZNF526	-0.420480219823295	3.97631611691728	-1.23996132351327	0.242688914563256	0.530329273382278	-5.94859372303228
GLA	0.306898224033139	5.42642576280876	1.2397074024233	0.242779000986881	0.530477562625093	-6.11356313406462
PCBP3	0.339982289072573	3.52702303448486	1.23951236895678	0.242848213569507	0.530545471558645	-5.88516185091164
CHAC2	0.374037916733417	3.53875576627406	1.23949454748486	0.242854538768098	0.530545471558645	-5.88685897810576
NPM1P12	1.12444292852856	-3.67548307214513	1.23910736665057	0.242991989950157	0.530785325434927	-5.12137536172282
UHMK1	0.290875801993201	5.31175620904218	1.23906000112152	0.243008809277557	0.530785325434927	-6.10472582346706
RPL9P7	1.85131193733523	1.10244412290044	1.23885849938678	0.243080372342536	0.530893049661357	-5.58119068461676
ENSG00000285664	-0.89128591895923	-2.91067173302828	-1.23867947339641	0.243143967484528	0.530943317195996	-5.18396313689197
BCAS1	-0.911700969553666	-2.1276440217782	-1.23866845996542	0.243147880209169	0.530943317195996	-5.25239759544586
URB1-AS1	-0.608447644222096	-0.997222279744101	-1.23840588262792	0.243241180744296	0.531074548200839	-5.36304788702774
MUC20-OT1	0.430417255485968	3.14803184463981	1.23837408601788	0.243252480870305	0.531074548200839	-5.83256243703745
B3GNT7	0.753638598220261	6.89023516631645	1.23824865891528	0.243297060269998	0.531123290722039	-6.19552082665967
NPIPB3	0.627376751660764	2.2074968013233	1.2381550266284	0.243330343440287	0.531147366644351	-5.70879433125424
FAM85B	-0.565511985353674	-0.892527524074811	-1.23785957086726	0.243435392310499	0.531328075745283	-5.37453521504626
ENSG00000294512	1.40545359700434	5.77510566441519	1.23764593411001	0.243511373405767	0.53139590360749	-6.14142266454262
ENSG00000255320	-0.586629105776105	-1.19622666545539	-1.237626975529	0.243518117056748	0.53139590360749	-5.34352887612933
ENSG00000308628	-0.900190264522133	-3.04372133140241	-1.23753271899345	0.243551646765397	0.53139590360749	-5.17407117881031
CTBP1-DT	0.29743987167356	4.29480955534738	1.23747072321325	0.243573702449243	0.53139590360749	-5.99469256646956
LASP1NB	1.08741431628609	2.70501795418818	1.23739731695416	0.243599819626114	0.53139590360749	-5.7731243583352
TLR5	0.709475831815157	0.291410658860855	1.23732684653329	0.243624894393682	0.53139590360749	-5.49762776070954
HAUS1P1	1.24265507822618	-3.56587243485066	1.23730007815947	0.243634419656902	0.53139590360749	-5.13193041765426
CASP9	-0.301102566842412	4.5193903511121	-1.23719141865582	0.243673088168604	0.53139590360749	-6.02363567670207
GBA2	-0.292681269950292	6.74385930869909	-1.23706149259344	0.243719331298417	0.53139590360749	-6.19126353836877
PDIA3P1	-0.238217307813732	5.4186798699557	-1.23704974935627	0.243723511287191	0.53139590360749	-6.1160422398348
BACE1-AS	0.347769912112629	3.54016526580439	1.23703961103249	0.243727120055936	0.53139590360749	-5.88990884751114
PAFAH1B2	0.312585929294491	7.51744232056338	1.23695604875364	0.243756865962232	0.53139590360749	-6.21843307079191
RPL21P97	0.885199687469157	-2.42460920042059	1.23693579048285	0.243764077799712	0.53139590360749	-5.227709772513
LINC01526	0.815252660934898	-2.96182687852155	1.23689618701963	0.243778176922043	0.53139590360749	-5.18159893721248
TRMT61B	-0.245413873909777	4.6629758641401	-1.23650490643318	0.243917511120576	0.531651071955689	-6.04165951862478
ENSG00000302422	-0.907692471603596	-3.82283860235711	-1.23634954748241	0.243972851977047	0.53172313561649	-5.11289629442178
SEC62	0.252767691218365	6.64958719219665	1.23618706241448	0.244030742110046	0.531800741594272	-6.18848417076539
SIAH2	-0.571820742158534	4.6276625291574	-1.23600330683714	0.244096223876588	0.531866234187249	-6.03806227078617
ENSG00000288857	-1.07528751260271	-4.25497636777787	-1.23597766011546	0.244105364280686	0.531866234187249	-5.08170156689972
TTC7A	-0.311234489468172	4.88225371497092	-1.23590143663128	0.244132531703844	0.531876872129223	-6.06702455874818
AGO2	-0.246161961790526	6.63985548371231	-1.23577375847552	0.244178043975957	0.531911433000739	-6.18856383298223
TP53RK-DT	0.918091303982764	-2.95309410713963	1.23573189496851	0.244192968173172	0.531911433000739	-5.18359189395242
TMEM179B	0.452459635793521	4.46885670761554	1.23552710137387	0.244265987018134	0.531978815332453	-6.01924022447647
PCBP2	0.188754636508245	7.88957979198552	1.23543168450819	0.244300013783981	0.531978815332453	-6.23131659196659
ENSG00000258311	-0.837979539732851	-1.77324400255632	-1.23536721165508	0.244323007723698	0.531978815332453	-5.28913369761421
ENSG00000288903	-2.21358771291036	-2.53876307556411	-1.23525978457102	0.244361324973941	0.531978815332453	-5.21953353135987
ARMC1	-0.228659256803957	5.93868144553737	-1.23525106627666	0.244364434841086	0.531978815332453	-6.15448048834114
SLC24A3	-0.451438290333677	2.51024841448511	-1.235219702215	0.24437562285189	0.531978815332453	-5.7502178432217
GKAP1	0.505576728598873	3.13200423429921	1.23520763483535	0.244379927569658	0.531978815332453	-5.83398436768759
PFN1	0.386554373919198	10.03738986976	1.23499700659644	0.244455073481973	0.532092191283778	-6.28098225876765
SACS	0.536959710914746	6.17975028629182	1.23493668405783	0.244476598215859	0.532092191283778	-6.16825731018542
CAPN1	-0.284029658960065	7.53121375145977	-1.23477601118002	0.244533938173449	0.532168460142766	-6.22141186013838
MBP	-0.33497250481643	4.27734157408628	-1.23467225846737	0.244570970584633	0.532200524703085	-5.99564658676251
ENG	-0.571022012785206	2.43853460467779	-1.2344662511931	0.244644514107021	0.532312026455673	-5.74190012279128
AP1G2-AS1	0.774722718628271	-0.809546328821253	1.23429712949686	0.244704903028133	0.532341688515562	-5.38715056014874
PRADC1	-0.391274690573135	2.7970638905829	-1.23425751466183	0.244719050187669	0.532341688515562	-5.78902693151104
HPS4	-0.269516079458837	5.67880455384998	-1.23421357277883	0.244734743385864	0.532341688515562	-6.13887801165235
STMN4	1.57925767223126	-2.64967590602557	1.23417823461645	0.244747364481555	0.532341688515562	-5.21109193545116
NRK	0.469372003117953	2.34355700740693	1.23402143934525	0.244803370571821	0.532364457828782	-5.73042805283499
CD79A	-0.655898106194635	-1.72155134834672	-1.23391581631209	0.244841104161301	0.532364457828782	-5.29569399702838
EIF1	0.251017667284584	8.421146565184	1.23379325355882	0.244884895317795	0.532364457828782	-6.24748821670258
HMGN1P30	0.923186712032382	-2.52526398141919	1.23376672546379	0.244894374527678	0.532364457828782	-5.22233678193848
PLD5	0.629102260538981	2.07799128775713	1.23366647705378	0.244930198688227	0.532364457828782	-5.69818169772885
PKDCC	-1.06969180071146	6.02878692719149	-1.2336425584253	0.244938746729054	0.532364457828782	-6.16157826209697
BEX1	0.340594580268514	5.92809236694388	1.23361851181638	0.244947340750501	0.532364457828782	-6.15575093913208
CKS1BP2	-0.842648455141802	0.743387462700918	-1.23353713044531	0.244976427459248	0.532364457828782	-5.54889873547518
LAMP5	-0.78261352555419	0.888570304387795	-1.23352888395648	0.244979375012071	0.532364457828782	-5.56427730403082
ADGRE5	0.538051228575773	2.76997785637991	1.23345102445057	0.245007205845057	0.532364457828782	-5.7863231037379
ENSG00000286369	1.0222324787277	-1.35878260389474	1.23342098642972	0.245017943600111	0.532364457828782	-5.33183194499541
SNHG20	0.440338567816665	1.51624795662461	1.23335240603018	0.24504246060595	0.532364457828782	-5.63317126212179
FCF1	-0.305331183207571	5.98127475622471	-1.23333746042331	0.245047803817279	0.532364457828782	-6.159227602041
MCUR1	0.307386221302955	5.46170021197739	1.23321541267409	0.245091440691391	0.532390528589565	-6.12393676869318
C10orf95-AS1	-0.362844585399801	3.72292842268954	-1.23317912179843	0.245104417318563	0.532390528589565	-5.92057155653608
LINC02367	0.875880363038135	-0.587788855488425	1.23265937977474	0.245290323786902	0.532745851107652	-5.41222252504048
RXYLT1	0.315234421326649	3.50296394021861	1.23258839100583	0.245315724589904	0.532752538561168	-5.889753477216
COPG2	-0.253324346564891	6.89177292689109	-1.23200727245715	0.245523737051169	0.533088031178127	-6.20286986113778
EOGT-DT	-0.780398307432948	-2.06558954518265	-1.23194978004354	0.245544324307746	0.533088031178127	-5.26546198128225
DNAAF8	-0.61965855583169	-2.29226133761774	-1.23189107210444	0.245565348266015	0.533088031178127	-5.2449652237931
ENSG00000275665	-0.686826510661378	-0.113323016943875	-1.2318322115922	0.245586428321601	0.533088031178127	-5.46232163880802
HEY2-AS1	-1.86156592282236	2.5408658292388	-1.23179742628102	0.245598886873136	0.533088031178127	-5.75809803375141
LINC02986	1.39950866240592	-3.64324674995372	1.23178252774945	0.245604223020685	0.533088031178127	-5.13172897192887
ZMYND11	0.280696843738109	5.51754947768044	1.23160627691757	0.245667357181905	0.533176576690055	-6.13013243560353
STX17	-0.249905321443033	5.20775875975937	-1.23139176442655	0.245744214589422	0.533254043996538	-6.10447899626001
ENSG00000289396	-1.51826669805365	-2.87490997393179	-1.23138141413512	0.245747923473056	0.533254043996538	-5.19488531878925
IL20RA	0.486992441345513	1.61842140482623	1.23131958688098	0.245770079354838	0.533254043996538	-5.64706530642877
ENSG00000293411	-1.05262744100148	-3.86617274258951	-1.23118947811588	0.245816709277826	0.533306735781646	-5.11505752687452
NCKAP1L	0.630689956018782	-1.86160722994943	1.23104947874259	0.245866891891339	0.533367124956424	-5.28548133556155
PTMAP12	1.50406218626021	-0.33969826263322	1.23085888368707	0.245935223761619	0.533432642067415	-5.44010768418105
RANBP1P1	0.253125233595496	5.4217035267317	1.23084056034304	0.24594179382871	0.533432642067415	-6.12352321611421
ENSG00000253476	0.763018081615511	-2.31314215113818	1.23043258351455	0.246088115786446	0.533682596165769	-5.24468874815471
SLC25A37	0.293231707048762	5.71327849658963	1.23039455665138	0.246101757799491	0.533682596165769	-6.14570068583288
DLG5-AS1	0.38327030323862	0.686952774836925	1.23032660541075	0.246126136605096	0.533686972140805	-5.54660659754388
ENSG00000304524	-1.12079087682709	-4.01128235936932	-1.23001233844532	0.246238911234694	0.533883002765119	-5.10527399832487
ENSG00000270933	-0.692529317657901	-1.03442810676824	-1.22980066662513	0.246314893119082	0.533999232816162	-5.36879407705832
PRR14L	-0.302031438317234	6.50358920589868	-1.22967185665427	0.24636114010721	0.534050983736493	-6.18988701332607
PPP4R3A	0.231413181759598	6.86254590338564	1.22957513418607	0.246395871239107	0.534077763950937	-6.20460807825167
BCL2L13	-0.219881382727083	6.26378583894834	-1.22943908779259	0.246444729503885	0.53413515792492	-6.1789438252248
ZC4H2	0.221127894279261	5.6064344585359	1.22916688493031	0.246542509030818	0.53428504893389	-6.13963194711995
HSPE1	0.752764749032316	6.53329624485446	1.22912193262801	0.246558659611927	0.53428504893389	-6.19180638131161
LGI3	-1.01318750891013	-2.91101845775977	-1.22892822403707	0.246628265506812	0.534339470221418	-5.19448434539319
PTPRVP	-1.41404164812688	-1.77898363885498	-1.22890920544846	0.246635100368406	0.534339470221418	-5.29569116357531
ZPR1	-0.288084759472491	6.03261802971002	-1.2288651367933	0.246650938259076	0.534339470221418	-6.16736026985076
ABL2	0.514452986454958	5.13451878319212	1.22879389532112	0.246676543558642	0.534346439019251	-6.10066560668224
PTGES3P4	-0.695524771919588	-1.40296030360625	-1.22828537689411	0.246859375318281	0.534693956867358	-5.33310522489381
ATP2A3	-0.395888173260603	5.39000692043549	-1.22815852952452	0.246904998811472	0.534744247425899	-6.12405229378816
ENSG00000299154	1.06160408005474	-2.14951390754108	1.22797231199617	0.246971988429347	0.534810499135881	-5.26212094382927
EPN3	-0.897155295157615	1.27902859936184	-1.22794891906283	0.24698040480478	0.534810499135881	-5.6128986439477
TMEM8B	-0.452033065151346	4.03553284231933	-1.22779220990715	0.24703679203104	0.534816111720584	-5.97091537588426
CYP27A1	0.372020316156889	2.66121377322451	1.22778225820042	0.247040373213452	0.534816111720584	-5.77840054718028
TLR8-AS1	-0.815117923977011	-2.71862127810487	-1.22757876935195	0.247113609097929	0.534816111720584	-5.21231486763737
ENGASE	-0.707136076713762	3.87405177191065	-1.22752892613064	0.247131550403051	0.534816111720584	-5.94863255378327
ZNF14	-0.29544410072249	3.37231093344706	-1.22750621634198	0.247139725248038	0.534816111720584	-5.87686138869205
RCE1	-0.327958517691253	4.54848154221413	-1.22748130625424	0.247148692385669	0.534816111720584	-6.03846978998232
BMS1P14	0.573174025370034	-0.266889548196345	1.22745936430682	0.247156591268964	0.534816111720584	-5.45143095395016
GLIPR1	-1.08565015708194	-3.17006151738923	-1.22744361159418	0.247162262214692	0.534816111720584	-5.17447861040879
MAST4	0.413687681181715	2.60971005625717	1.22728439688337	0.247219585088292	0.534891654183869	-5.77221269174617
ENSG00000287264	0.787538901838361	-1.56652381667055	1.22715909056724	0.247264707289447	0.534940787606711	-5.31819380427787
MCM9	0.342183734758527	3.66209342590116	1.22684470961388	0.247377943584679	0.535137259089599	-5.9192215365805
FBXO15	0.551327553656786	0.485420023239586	1.22660330973355	0.247464921333823	0.535253957779696	-5.52976990609436
WASIR1	1.01297338438343	-3.89737375454082	1.22657050503764	0.247476742954663	0.535253957779696	-5.11756578749612
ASB3	0.253361536306416	4.81481868621318	1.22647947411115	0.247509549578349	0.535276406287283	-6.07059236552026
TMEM255B	-0.44162593231115	1.23831771750152	-1.22640598691537	0.247536036176435	0.535285183965116	-5.61017089367807
INHA	-0.669554289292126	-0.787928792551203	-1.22628934984683	0.247578079743775	0.535327598228363	-5.3983434236924
STRADB	0.34956362854495	5.74091417651956	1.22618932723367	0.24761413896761	0.535357066286796	-6.15248401688684
CNGA4	0.772358975854614	-2.03972516868919	1.22609848079366	0.247646893750935	0.535379385249416	-5.27424747923443
NOC3L	-0.27408526900668	5.23271596765049	-1.22595377152026	0.24769907604937	0.535403730481666	-6.11306512139755
CTDNEP1P1	0.703612821659338	0.781715577949585	1.22594283377284	0.24770302057144	0.535403730481666	-5.56153431869995
RAC1	0.372588403390338	8.10719036131645	1.22559897389244	0.247827053901983	0.535594522550216	-6.24882269074377
MRPL4	-0.290320497441864	6.14053349739926	-1.22549706035631	0.247863824638466	0.535594522550216	-6.17720227736348
SIGLEC10-AS2	-0.754208537690784	0.253353938579548	-1.22545826654841	0.247877822726187	0.535594522550216	-5.50710366653513
ENSG00000267904	-1.36141703068474	-0.949870062520933	-1.22540825892264	0.247895868069758	0.535594522550216	-5.3824297594555
STAM2	0.325736761069484	4.00559298033144	1.22538712674988	0.247903493971267	0.535594522550216	-5.96957172757238
TMTC3	0.401037116691654	5.96258604382772	1.22524393434364	0.247955172350084	0.535627772692267	-6.16755181320898
ENSG00000288762	0.709097750957635	0.731511723738339	1.22522011840755	0.247963768403103	0.535627772692267	-5.55705905544102
STK32A-AS1	-1.10890143701686	-3.42785513749978	-1.22514192903759	0.247991991529572	0.53564025898971	-5.15594135901482
SEMA5A	-0.237427813680188	4.62229864269207	-1.22500238068081	0.248042369142625	0.535672427366539	-6.05018687965464
FIGNL2	0.629302810329144	4.63969143504512	1.2249555274978	0.24805928521082	0.535672427366539	-6.05230934334742
PARP3	0.408873906653284	1.21800485504996	1.22491417210403	0.248074217106564	0.535672427366539	-5.60963314622138
GABRA4	-0.582826082218366	-1.73315654442559	-1.22480039388886	0.248115301928359	0.535712675151452	-5.30459827770862
NUTM2B-AS1	0.323598062598022	4.32515485303092	1.22455759075034	0.24820299542313	0.535853540638972	-6.01366788812231
ARL15	0.336652339516893	4.37265780866453	1.22434188077787	0.248280924590147	0.535925232604897	-6.02008425818817
ENSG00000305286	-1.11669689002947	-3.94187796893901	-1.22430851001325	0.248292982148505	0.535925232604897	-5.11656173578998
SLC35F3	0.45311878165851	1.85954708761078	1.22427921754754	0.248303566520507	0.535925232604897	-5.68293526963052
CTR9	0.236022598292126	6.41983969216065	1.22417850347658	0.24833996073979	0.535929816869184	-6.19249531815744
CARD19	-0.331856514554963	3.43104060620192	-1.22414906308879	0.248350600183231	0.535929816869184	-5.88915044346221
TNS3	0.43020914960701	5.72904552844037	1.22404072532762	0.248389755460814	0.535965852416892	-6.15416224415857
FXR2	-0.364024762038975	5.48910674486365	-1.22381347639315	0.248471903596579	0.536094641397538	-6.13698628081022
CENPV	0.273104684682153	6.60255281538316	1.22351893449944	0.24857840999726	0.536275956919878	-6.20126826086976
VAMP1	0.490795460607583	2.99943135493013	1.22338431388189	0.248627101076561	0.536332521817994	-5.82911376697018
IRAG1-AS1	-0.976115523514214	-4.49002939193564	-1.22303452612565	0.248753652098558	0.536539488455486	-5.08343078362058
ENSG00000298196	1.08170858371255	-3.57471007540457	1.22299486321763	0.248768005163967	0.536539488455486	-5.14649520122552
CDK2AP1	0.477632190849269	7.52281093074353	1.22287387766701	0.248811791083575	0.536585435781303	-6.23500786405076
NUTF2	0.516581960503646	7.68140641714736	1.2227674092445	0.248850328237313	0.536620056382359	-6.23998106441877
SLC35A1	0.469169711136624	2.53181670258453	1.22266806045996	0.248886292711447	0.536649123511077	-5.76738734245602
CDC42EP1	-0.508647643031118	4.17910124311213	-1.22255918724465	0.248925709855415	0.536685629369393	-5.9965882091611
RASA4B	-0.977236550066407	-0.943300957546004	-1.22245330052634	0.248964050569801	0.536719808052519	-5.38638869613469
ANKH	0.468197268859717	3.74644795063747	1.22236182350448	0.248997177478436	0.536742741589401	-5.93641741844931
ENSG00000295873	-0.823121737395224	1.27647010991658	-1.22224799123337	0.249038404930115	0.536783131081644	-5.61907910039606
HNRNPA1	0.362770542238449	9.25876358218423	1.22192824511864	0.249154239073113	0.536951988279965	-6.28071781354677
ENSG00000293234	0.811023817781199	0.0310723937012594	1.22190754134415	0.249161740905879	0.536951988279965	-5.48827082062382
ENSG00000288868	-0.468389556657061	-0.0877401365521443	-1.22176884180724	0.249212002166386	0.536954918219217	-5.47622069180738
TNPO1P3	1.53604187789533	-2.67157533332658	1.22175082535077	0.249218531480637	0.536954918219217	-5.22265826735334
SCN11A	0.691074852256278	-0.596368379727208	1.22160217428864	0.249272409121206	0.536954918219217	-5.42364574653033
DHFR2	0.344231886215137	2.91071533995909	1.2215928230191	0.249275798743289	0.536954918219217	-5.81897727658374
ENSG00000247134	0.285817259474706	3.76662923168621	1.22154979270856	0.249291396728211	0.536954918219217	-5.94024119350844
ST13P3	-0.384259752186674	2.07228536529556	-1.22147592871835	0.24931817339322	0.536954918219217	-5.71141598695929
ENSG00000286989	-0.494749478768138	-0.22493632405972	-1.22146927638947	0.249320585063282	0.536954918219217	-5.46245575291948
ZNF644	0.230070688279928	6.39313841056426	1.22113553223563	0.249441601493976	0.537158838590623	-6.19479418257886
NPIPB5	0.553964151405299	3.30222135473527	1.22089092321133	0.24953032732593	0.537158838590623	-5.87448611038081
ZCRB1	0.300417735196594	5.7181287863555	1.22083216178111	0.249551645353728	0.537158838590623	-6.15712720206887
FAM117A	-0.285334854087541	5.55042599231273	-1.22080976637231	0.249559770557756	0.537158838590623	-6.14516251447166
MRPS9-AS1	-0.916850901230718	-3.04634925007626	-1.22080315871341	0.249562167901241	0.537158838590623	-5.19186222734122
ENSG00000287406	0.401774980551173	0.811313155823778	1.22079416548624	0.249565430789294	0.537158838590623	-5.57047140654213
TUBAP2	0.58440670344823	2.60722084804416	1.22077381502066	0.249572814393573	0.537158838590623	-5.77933451776905
OVCH1-AS1	1.95997104903451	-2.53720127258945	1.22047093268138	0.249682727659123	0.537346948696148	-5.23571367163257
EVA1CP5	-0.943601265142359	-3.85514986736818	-1.22036551418318	0.249720992214762	0.537380842231515	-5.12736157291456
VSIR	-1.15254003316005	-0.251317810111846	-1.22020736719217	0.249778404880175	0.537455931236488	-5.46113743648601
SBNO1-AS1	0.654194808973173	-0.0742424707740063	1.22006344159705	0.249830663929956	0.537519918508633	-5.47951067839959
CDS2	0.191213721663374	6.8373689672857	1.21959642528757	0.25000029704046	0.537836406117241	-6.21523512540894
APOA5	-1.27744201065316	-3.40933848534318	-1.21931181826992	0.250103719522712	0.53797161458962	-5.16364377565251
MRPL42	0.249316166848291	6.85406046867481	1.21929941846513	0.250108226232305	0.53797161458962	-6.21621718474456
CBLB	0.345620802042823	5.16001658804601	1.21914654326886	0.250163794095109	0.537993107566825	-6.11423710300489
ENSG00000245651	-1.69598193357359	-2.86563471119378	-1.21906124513688	0.250194803013736	0.537993107566825	-5.20894337130151
CBX1P1	0.805955046624477	-1.46511998454383	1.21904179710351	0.250201873501409	0.537993107566825	-5.33710433767377
ENSG00000288029	-1.20714871559781	-3.19009579101869	-1.21902389056231	0.250208383709379	0.537993107566825	-5.18183885159045
ENSG00000290023	-0.910015923996043	-3.52077376127454	-1.21873312974739	0.250314113493946	0.538171961693542	-5.15531161825265
SYN1	0.633705360942372	3.20637641755421	1.21854502046548	0.250382535086031	0.538270578715393	-5.86357622175864
GOLGA6B	-0.559209232177353	-0.557548079518097	-1.21809773466722	0.250545288168112	0.538571952869343	-5.43161408597619
PKD1L3	-1.22106063341237	-3.50304822459899	-1.217896759482	0.25061844433463	0.538680692627398	-5.15761466562258
ENSG00000295009	-0.397342647426424	1.84387860355109	-1.21780475533222	0.250651940122973	0.53870417423818	-5.68845681016997
MMAA	0.473461375441914	3.08662562239538	1.21773541060898	0.250677188712038	0.538709928236108	-5.8477013433208
ZNF836	-0.633465969244889	2.61119909245167	-1.21754598552332	0.250746169283869	0.538809653578654	-5.78353569113883
LRCH3	0.239221167978209	5.73246811482516	1.21743625176585	0.250786136636638	0.538840855562934	-6.1620369287704
RAB30-DT	0.514228671861554	2.60497492455182	1.2173821503465	0.250805843400873	0.538840855562934	-5.78290891293715
TBC1D16	-0.421594862300644	7.51981831013584	-1.21724651108796	0.250855256280244	0.538877256857021	-6.24143153063706
RAB8B	0.257747353086805	6.14920389992435	1.21721168865809	0.250867943224467	0.538877256857021	-6.18725670215956
GPR68	-0.791457962060731	-1.30015972072607	-1.21692000128982	0.250974234673803	0.53905706074151	-5.35591789377792
WDR62	-0.356633697090265	5.85715085173463	-1.21670644649652	0.251052077403693	0.539137792311823	-6.1709981490146
H3-3B	-0.198567996418902	8.95923700381656	-1.21666335416921	0.251067787314165	0.539137792311823	-6.28023882973834
CAPS2	-0.46574701081336	0.965346724787502	-1.21660516125343	0.251089003608885	0.539137792311823	-5.59161895394609
DRAIC	-0.604938736909998	-1.81394270377623	-1.21656902603121	0.251102178712793	0.539137792311823	-5.30584708743744
ARL3	0.233372694647239	5.3508090514405	1.21640365020251	0.251162482752069	0.539218761882129	-6.1343507934147
PDE6G	0.543932252607399	2.35407015965004	1.21613657119572	0.251259897266117	0.539377962129597	-5.75218155659836
FCHSD2	0.372345387514657	4.20877049248764	1.2160237960075	0.251301040051027	0.539377962129597	-6.00809911792261
TMEM182	0.375047783949635	2.27607373533473	1.2160144921761	0.251304434528056	0.539377962129597	-5.74256444930039
NCMAP-DT	-0.688456455759648	-1.91221008796365	-1.21585976765922	0.251360890737807	0.539445809726059	-5.2973019640351
TMCC1	0.218853263190978	5.22944017973811	1.21580397745494	0.251381250084771	0.539445809726059	-6.12450062193362
PABPC1L	-0.511727214590114	4.53919411780006	-1.21572264396718	0.251410933236426	0.539461003645939	-6.05090885801458
CCDC18	0.384857743574109	4.34308493789895	1.21564211420467	0.25144032583737	0.539475571445569	-6.02629438535071
RBM41	0.361018682003484	5.27173703928473	1.21530957114084	0.251561730140331	0.5396487617659	-6.1288439148611
PRX	-0.729784617989787	3.27769323909059	-1.21529714323942	0.251566268211648	0.5396487617659	-5.87739777474851
XKR7	-0.336747276487339	4.02208945755668	-1.2150506499026	0.251656289296702	0.539749702120725	-5.98374230334997
TEKTIP1	-0.976829661073571	-1.20036986742634	-1.21504445231746	0.251658553031358	0.539749702120725	-5.36807613029741
TANC2	0.361755475173305	3.69994963981702	1.21497399236213	0.251684290437983	0.539756398587775	-5.93825757373588
DYNLL1P1	1.74919780970141	-2.77345689024004	1.21460216464229	0.251820145592329	0.539985988329821	-5.22158673384764
TLL1	0.626603435878046	-0.356764981928305	1.21455715183188	0.251836595973488	0.539985988329821	-5.45651492241238
ENSG00000260368	0.924204725540371	-3.69006579806493	1.21449210342702	0.25186037008719	0.539988452467748	-5.14639339184551
ENSG00000294779	-0.952528782070055	-3.14188506584868	-1.21437263683781	0.251904037839105	0.5400025287836	-5.19078337134869
GACAT2	-0.579888302999305	-2.08252884161123	-1.2143503454741	0.251912186511778	0.5400025287836	-5.28307955582712
LRRC75B	-0.541433184388169	3.2421077768478	-1.21426820725272	0.251942214203542	0.540018394826758	-5.87351724508161
ENSG00000290606	-0.749610440320311	-2.5936668059051	-1.21410964258883	0.252000189630987	0.540094156422663	-5.23764256197709
KMT5B	-0.336337767542856	5.42722735341498	-1.21396682052066	0.252052418317517	0.540157588936355	-6.14349632590448
DNAJA1	0.35291379560814	7.70680220146686	1.2138951636596	0.252078625830897	0.540165250736759	-6.25100613094744
CHGB	0.500287399777611	2.84025871940756	1.21365869036318	0.252165128214379	0.540302102082107	-5.81844647428833
ENSG00000279602	0.639504503076141	-1.66268066560777	1.21340900226513	0.252256490457573	0.540449340911211	-5.32386686996874
CLSPN	0.291528845895675	5.67415998761693	1.21327444912388	0.252305735204551	0.540482911994698	-6.1628138019786
STIM2	0.302864702760376	4.69569047728833	1.21324244047295	0.252317451101727	0.540482911994698	-6.0724319437434
ENSG00000284691	0.399864781825377	4.31323694202781	1.21299289764372	0.252408804447307	0.540630075899118	-6.02540554235496
DMXL2	0.492309419732653	4.6837796498181	1.21287091568201	0.252453469607151	0.540672734288417	-6.07146240852683
MTCL1	-0.512516282299809	5.19101567341013	-1.21281477618346	0.25247402788974	0.540672734288417	-6.1244082473096
RTCB	-0.197855977252009	7.17203436584688	-1.21261650976299	0.252546643797362	0.540758094701216	-6.23540466678686
NBPF26	0.476434679440947	2.14281911165876	1.2125822253295	0.25255920231426	0.540758094701216	-5.73007616818344
ENSG00000249258	-0.771975193826174	-3.6319108339128	-1.21249920738926	0.252589614173738	0.540774696939775	-5.15307684967049
ENSG00000302400	-0.971102516225129	-3.53127612231155	-1.21221680536624	0.252693088156827	0.540947702488024	-5.16137254526445
USP12PX	0.624673433879857	-0.922812901473708	1.21188233118546	0.252815685715824	0.541057432768626	-5.4001937915034
ASMT	0.755295897127799	-0.161565824675435	1.21185333942063	0.252826314551582	0.541057432768626	-5.47968238513399
PSKH1	-0.379764907706918	5.77063353546155	-1.21185295590911	0.252826455155324	0.541057432768626	-6.17103609074311
ENSG00000291018	-0.967142655980197	-2.58277305276402	-1.21173767292126	0.252868723272715	0.541057432768626	-5.2411404019458
TAF6	-0.225916979546231	7.10044943129026	-1.2116730717411	0.25289241155501	0.541057432768626	-6.23400110914089
MARCHF7	0.20794244249115	7.21354945838869	1.2116544127803	0.252899253846947	0.541057432768626	-6.2379263755225
UBE2D3P2	0.393040219468171	2.22222557527921	1.211644103604	0.252903034313772	0.541057432768626	-5.74085952648176
TRIM9	0.62947297309709	3.39698529809702	1.2115435353922	0.252939915951439	0.541087834903021	-5.89869006216384
STIM1	0.367540419850061	5.21086912101541	1.21140905849959	0.252989239747845	0.541144845407942	-6.12786867727617
PRTN3	-1.62104579706569	-1.71189663771137	-1.21129009103948	0.253032881384093	0.541189692624263	-5.32140426632295
ENSG00000280351	1.1202630662207	-2.86085165900058	1.21118861049099	0.253070112950528	0.541220823099486	-5.2177809095148
POU4F1	0.571256620533258	-1.86550922818717	1.21111713477393	0.253096338868336	0.541228413204066	-5.30687402923057
ENSG00000275576	-1.05679531527265	-4.10681817514174	-1.21089666442512	0.25317724772734	0.541336917486428	-5.11818880852422
ENSG00000273394	0.888032665452057	-2.72257470074755	1.21085526789413	0.253192441861189	0.541336917486428	-5.22997133766506
SOX9-AS1	1.01178865343749	-0.466584787973228	1.21063920805826	0.253271756076972	0.541418887346324	-5.44939839604886
H3-3A	0.320499349150492	7.03132937682118	1.21053955090387	0.253308346309392	0.541418887346324	-6.23286618786332
VPS52	0.266175291405313	5.81590121566655	1.21051525371546	0.253317267934989	0.541418887346324	-6.17551435900943
ENSG00000307957	0.648274584905504	-1.9247262686876	1.21050367419168	0.253321519880856	0.541418887346324	-5.30193610447251
TIAM1-AS1	0.609195415227645	1.13579622088854	1.21017826746391	0.253441031080632	0.541573743636405	-5.61727095626213
ZC3H15	0.252706192437876	6.78539948407687	1.21017199607918	0.25344333479814	0.541573743636405	-6.22409346339936
FRA10AC1	0.297447376774232	4.40567988244019	1.21012105311348	0.253462048704011	0.541573743636405	-6.04062849996242
H3P6	0.321224559296756	8.10631354405773	1.20994962626391	0.253525030518937	0.541577666122024	-6.26690380139012
LYRM1	0.372632967008992	4.66238057060805	1.20983498139333	0.253567157771347	0.541577666122024	-6.07240689368835
ENSG00000277662	0.568686418071095	-1.77111904219554	1.20978629826054	0.253585048508309	0.541577666122024	-5.31732935683029
ENDOD1	0.33073398519343	2.9523726403905	1.20975367061325	0.253597039524385	0.541577666122024	-5.8381940856553
GATAD2A	-0.319415984105703	7.32452010894141	-1.2096909206841	0.253620102085153	0.541577666122024	-6.24389049602671
ENSG00000301626	0.553152024662603	-2.27882202987168	1.2096822434676	0.253623291365818	0.541577666122024	-5.27026167713023
UBE2Q2P13	0.741937407402855	-0.948013538227272	1.20965427095474	0.253633572784257	0.541577666122024	-5.40000785526887
ENSG00000300698	0.632780217165937	-0.47715993708426	1.20962204946887	0.253645416345246	0.541577666122024	-5.44941321122358
KIF9-AS1	-0.378053040280305	1.08175898010357	-1.20950770221377	0.253687450222704	0.541618961845001	-5.61215133584872
SEC61A2	0.307110636236411	5.04720551130047	1.20941856537819	0.253720220660939	0.541640474643527	-6.11463076166381
ENSG00000288106	0.687832936074508	-2.24975997836654	1.20928982716408	0.253767556215625	0.541691632615808	-5.27330636347158
HDGFL3	0.263854131479806	7.21520314571001	1.20913722568438	0.253823675185507	0.541691632615808	-6.24087934693247
ENSG00000272855	0.948337524335714	-3.76000544369984	1.20912324039713	0.253828818751869	0.541691632615808	-5.14657130190054
HLA-DOB	0.876761246312262	-2.31258131949331	1.20910651665315	0.253834969588771	0.541691632615808	-5.26784612182696
NAP1L2	0.282020770414696	4.83471586182134	1.20901561438747	0.253868404682829	0.541711282709368	-6.09290825208599
MIR3171HG	0.70406377278576	-0.203691740056365	1.2089200900197	0.25390354365251	0.541711282709368	-5.47859300732983
ENSG00000304160	-0.818131418915528	-2.31868341936978	-1.20889637255199	0.253912268809222	0.541711282709368	-5.26752590994336
ENSG00000272054	-1.57577560550171	-2.95586319156161	-1.20853207416991	0.254046316702508	0.541893660504789	-5.21256463715724
ZNF333	0.42862394218501	3.50579978703579	1.20847542908394	0.254067165024645	0.541893660504789	-5.91783309768506
ENSG00000236754	0.85451538359851	-4.1378155028865	1.20835621908566	0.254111044949916	0.541893660504789	-5.1185200076406
ENSG00000295355	-0.990111076999625	-2.3676462546084	-1.20833482502654	0.254118920516912	0.541893660504789	-5.26375924930828
EXTL3-AS1	0.777321606347134	-0.490395255919912	1.20828109725881	0.254138699609821	0.541893660504789	-5.44950675937981
NUP133	0.26327438847336	7.17945545037754	1.20812871953498	0.254194801953378	0.541893660504789	-6.24082484533112
NCOR2	-0.370529996495862	7.26845855695692	-1.20806588527094	0.254217939126344	0.541893660504789	-6.24389698836191
SEPTIN11	0.281991127704062	8.2246423780694	1.20806539813957	0.254218118507088	0.541893660504789	-6.27224180122409
ENSG00000280339	0.998050239261649	-2.26780597730481	1.20805412595114	0.254222269394198	0.541893660504789	-5.27300847976922
RAB2A	0.298122550126562	6.39435762651494	1.20804725217147	0.254224800631505	0.541893660504789	-6.2099449725133
LPIN3	-0.459997081942102	2.28224073999001	-1.20784424242035	0.254299567130661	0.542004623031567	-5.75258803351348
COIL	0.26079739813671	5.16056142279927	1.20770099807482	0.254352333217055	0.542068679068797	-6.127453284262
HSPD1P5	1.05031174209087	-2.05582183521088	1.20761077952969	0.254385570999367	0.542091109200169	-5.29283789852055
ENSG00000297733	-1.45418651660552	-2.42201575443774	-1.20753683346839	0.254412816364117	0.542100766731753	-5.25978471329195
ENSG00000300242	-0.930897285681169	-3.00455674676229	-1.20740528497426	0.254461291075406	0.542111971655699	-5.20966312700647
ENSG00000308813	0.589398401510901	-1.47885922472671	1.20739928370044	0.2544635026798	0.542111971655699	-5.3484658049906
ENSG00000310372	-1.21624611811443	-3.43178906373658	-1.20703224489933	0.254598794003962	0.542351786548784	-5.17483830957112
SCAF8	0.215290454331685	6.32099810983636	1.20685636769385	0.254663643150376	0.542441514597949	-6.20786050086595
RIC1	0.215112248790216	5.21361286747865	1.20658587452743	0.254763404751655	0.542605584616077	-6.13365565259084
HASPIN	-0.322056305316682	4.66158663828805	-1.2063965807123	0.254833237527471	0.54269270511611	-6.07624954647078
ENSG00000272788	-1.23995208001357	-3.6631118458641	-1.20635172970374	0.254849785852489	0.54269270511611	-5.15708345134527
SPPL2A	0.325899955893494	5.25006742934282	1.20594081951914	0.255001436219483	0.542948593470267	-6.13768257570671
MYLK3	-0.497660579738729	-0.396056624671628	-1.20585190921131	0.25503425893239	0.542948593470267	-5.46205297797108
ST6GALNAC6	-1.16753800039203	-3.09188825591665	-1.20581733054927	0.25504702513179	0.542948593470267	-5.20403611525105
HECA	-0.384953514905303	3.33818831533418	-1.20574798918157	0.255072627019869	0.542948593470267	-5.89688303966846
ENSG00000299902	-1.04598491939558	-3.63482622920356	-1.20571801045834	0.255083696257682	0.542948593470267	-5.15998441898941
CTNNA3	0.498712302497482	0.30758532451355	1.20536037344268	0.255215778546547	0.543137832149515	-5.53514176850783
ENSG00000288045	-0.849513163429614	-2.5475188053094	-1.20535404422045	0.255218116544049	0.543137832149515	-5.25106433453189
TTC28-AS1	0.299215196656101	3.64268522742368	1.20514951114208	0.255293679737285	0.543250200988747	-5.94128216674683
ATXN1-AS1	0.743424944520289	0.235441659326523	1.20466350502781	0.255473302836582	0.54358396351972	-5.52848290796173
MUTYH	-0.477210747995504	0.988243435602053	-1.20446264780932	0.255547567229567	0.543693509276884	-5.60769053593838
ENSG00000291081	0.544268650694815	1.07559224226434	1.20428413845275	0.255613583284538	0.543750255077843	-5.61732944572277
LINC02373	0.59964387104962	-2.21532850735476	1.20426731936772	0.255619803996037	0.543750255077843	-5.28182924355306
STX2	0.23125218591561	5.25582640723214	1.20419257269367	0.255647451287325	0.543760602430673	-6.14019649355603
CNTNAP2	-0.395486660974226	7.62882394082459	-1.2040639451447	0.255695033632033	0.543813345900529	-6.25996257242642
ENSG00000277879	-0.536386938804407	-1.26714508003942	-1.20396447435764	0.255731835065915	0.543821411967584	-5.37343277966607
SLC25A38	-0.266427265121846	5.27042630144409	-1.20393052272759	0.255744397197979	0.543821411967584	-6.14179082320607
RN7SKP173	-1.12027299099306	-3.8859225766208	-1.20370974535123	0.255826097059766	0.54393066779399	-5.14247802238007
TC2N	-0.622753374702546	5.01684527236579	-1.20361082746367	0.25586270893196	0.54393066779399	-6.11821293143974
GRM2	0.446333434578819	2.89620998921899	1.20360694109438	0.255864147455613	0.54393066779399	-5.83746500819452
CLPB	0.261293269573822	4.83378234286602	1.20316618065878	0.256027335104678	0.544186695099561	-6.09949776135144
C4orf51	-2.03045885554677	-2.06411800490225	-1.20315848820795	0.256030183905517	0.544186695099561	-5.29687133250191
CD63	-0.228133268477722	8.03702734549921	-1.20298131805166	0.256095803625547	0.544277697696433	-6.27302014161036
ATG5	-0.222223023657245	5.75812247408528	-1.20277923930762	0.256170665330263	0.544388324230913	-6.18061208305252
PWP2	-0.85340704819055	-1.28381279504679	-1.20270950945939	0.256196501377732	0.544394755910107	-5.37310717408114
ENSG00000285601	0.729924026499367	-1.91937195829308	1.202541165879	0.25625888401212	0.544478837774171	-5.31105205866768
ENSG00000224985	0.839512639458639	-3.11223098458985	1.20224597197943	0.25636830255936	0.544658883853828	-5.20612363609519
HEPH	-0.244399601105639	6.61269618118442	-1.20213928803057	0.256407855935841	0.544658883853828	-6.22633311208633
ELMOD1	-0.851645142905875	-0.066566105460465	-1.20206195179212	0.256436531616151	0.544658883853828	-5.50028995867213
SYNGAP1-AS1	1.10423203794817	-3.50880822735239	1.20201441186849	0.256454160325533	0.544658883853828	-5.17391943221466
TMED5	0.325012459971521	5.784301390555	1.20190855057295	0.256493419192061	0.544658883853828	-6.18334619124737
PLCL2	-0.767634211675742	3.15423067284532	-1.20176923279357	0.256545092783511	0.544658883853828	-5.87534177499233
ENSG00000251689	-0.983586226470952	-1.54538076691588	-1.20174015947308	0.256555877258573	0.544658883853828	-5.34803784888481
SAMD13	0.498519768956924	1.30940853597842	1.20170540860184	0.256568768243289	0.544658883853828	-5.6458219870671
ENSG00000197585	-0.922879244582538	-4.35130329903134	-1.2016635950796	0.256584279835101	0.544658883853828	-5.1123131135385
PDP2	-0.254511569501443	4.73996066022732	-1.20163919565086	0.256593331654779	0.544658883853828	-6.09080183259526
TDRKH	0.447826094265399	5.59178172105406	1.20163564450037	0.256594649099277	0.544658883853828	-6.17029597573667
QKI	0.278335291001368	7.88595680891892	1.2015395335167	0.256630307452997	0.544686131434475	-6.27043497394109
ERICH5	-0.716942401996062	0.374744233990242	-1.2012301585748	0.256745116251522	0.544849322700358	-5.54666395712172
EPS15	0.396131917783072	6.47890434658198	1.20115595160089	0.256772660505776	0.544849322700358	-6.22169721750568
ZNF319	-0.322872510169752	3.10657778585887	-1.20109829332175	0.256794063821711	0.544849322700358	-5.86941660976703
ENSG00000287352	-1.81468381019669	-2.16177640230707	-1.20108631707045	0.256798509701945	0.544849322700358	-5.29011558286486
HTR1F	-1.154047542575	-2.44043974029868	-1.20078106543144	0.256911847418686	0.545014782559128	-5.26538928369024
LINC01766	0.641608370963634	-2.23035182487678	1.20060522807072	0.256977152699985	0.545014782559128	-5.28439939487551
FN3KRP	-0.287034819658875	4.61746566269538	-1.20056302824134	0.256992827519073	0.545014782559128	-6.07766618964169
TRIM55	-0.719265677954035	-2.541421999207	-1.20053804942033	0.257002106080113	0.545014782559128	-5.2567453883482
NPEPPSP1	-0.601327143175326	-0.0593526676536682	-1.20052426176592	0.257007227717253	0.545014782559128	-5.50273035629564
TYW5	-0.285391893906851	4.15150345608092	-1.20050617465725	0.257013946576764	0.545014782559128	-6.01808161937358
GPNMB	-0.577422695216346	0.274382900696562	-1.20044588708361	0.257036342752987	0.545014782559128	-5.53716659625111
HLF	0.575343133861993	-0.49339216110144	1.20008100270929	0.257171926606719	0.545163965177839	-5.45821892606635
ENSG00000256673	0.754094082482572	-1.56569064763974	1.20008087652922	0.257171973502632	0.545163965177839	-5.34783549849884
DEPDC1P1	0.538830474884757	-0.311174700447641	1.2000293176313	0.257191136384778	0.545163965177839	-5.47728941480839
ZNHIT1	-0.24153998563274	5.52211239013084	-1.20001067308346	0.257198066279904	0.545163965177839	-6.16690341927902
KPNA6	-0.247432348244233	7.04106545109962	-1.19987604276413	0.257248110752406	0.545221619689875	-6.24544426317263
PSME2P2	0.322847400030688	2.48342260566902	1.19976129417471	0.257290770975495	0.54526361488831	-5.78713603398015
ENSG00000306831	-0.953296460340597	-1.8969807758621	-1.19959283850953	0.257353408183271	0.545347935106998	-5.31634998881388
ENSG00000289365	0.839830714871595	-1.72810887447458	1.19921160074054	0.25749520957209	0.545599979301941	-5.33292603063255
ENSG00000226877	-0.809245144322832	-3.89412149447795	-1.19894748702	0.257593483263861	0.545759757217805	-5.1468117144933
PRPF38B	0.331086474535967	6.08415708955209	1.19859903361762	0.257723184619354	0.545986086216059	-6.20510918748154
DAP	-0.27478395388239	6.18523641556907	-1.1984796758602	0.257767623965323	0.546031763662055	-6.21063149186778
ENSG00000288833	-0.822891624701156	-1.94022082494033	-1.19815353992974	0.257889082280851	0.546234391841128	-5.31380847054192
B4GAT1	-0.367546584975292	4.89955712977923	-1.19809992765307	0.257909052736317	0.546234391841128	-6.11241699931346
ENSG00000284431	-0.944466201499083	-3.57077057120657	-1.19790694559783	0.257980948351729	0.546299755719758	-5.17326778107716
TRIM52	0.398354898638917	2.34571956689665	1.19778533097337	0.258026264194669	0.546299755719758	-5.77186930595078
ENSG00000301889	-1.24372208025306	-3.45381339052174	-1.19774745064569	0.258040380398637	0.546299755719758	-5.18282677503185
ENSG00000232545	-1.29335704662295	-3.11677790582374	-1.19765710853105	0.258074049114732	0.546299755719758	-5.21059330649844
CHRDL1	0.283040361136335	5.8793780753209	1.19760819386064	0.258092280106816	0.546299755719758	-6.19428908459783
ESRG	-0.557730774017067	9.41395857818211	-1.19755598117256	0.258111741437984	0.546299755719758	-6.31205770284637
IPO7P1	1.13376466023028	-1.48193768025908	1.19752206314545	0.258124384394303	0.546299755719758	-5.35888298844588
ERCC4	0.26341910950582	4.02491702934595	1.19749104222384	0.258135947886418	0.546299755719758	-6.00416172499315
B4GALT3	0.353425517551817	5.68540203636918	1.19746429442696	0.258145918842227	0.546299755719758	-6.18171608943107
ENSG00000278041	-0.674944159792998	1.26557783512956	-1.19696007972449	0.258333935876952	0.54654374212786	-5.64627352478159
UBXN7-AS1	0.934730661493404	-3.81525569509617	1.19693090250598	0.258344819138859	0.54654374212786	-5.15501697189286
ZNF554	-0.466761829957366	2.86533746320784	-1.1968708805155	0.258367208820063	0.54654374212786	-5.84086253745461
ENSG00000293982	-0.76402841587194	-4.65379952397258	-1.19682272303198	0.258385173867714	0.54654374212786	-5.103529789006
YBX3	-0.287646079496859	7.66608612394663	-1.1968204627688	0.258386017078623	0.54654374212786	-6.26938312833679
CCDC126	0.34327167147538	2.0136325575715	1.19672544080996	0.258421467836916	0.54654374212786	-5.7323193461603
ENSG00000310074	0.829214863910357	-4.07022843900252	1.19672533333407	0.258421507936184	0.54654374212786	-5.13568249306949
ATOX1	0.282283815476807	4.27100894662558	1.19661918086357	0.258461115857483	0.546579076038503	-6.03851312803609
PRPF6	-0.322783247915956	6.87052263991449	-1.19628929245444	0.258584235714518	0.546790994400496	-6.24327160192596
ATG14	-0.365010963602747	4.33468183394391	-1.1960879887057	0.258659388623476	0.546835601374528	-6.04752809643771
MESTP3	-0.79810694342827	-2.64417296488848	-1.19601856462699	0.258685310818695	0.546835601374528	-5.25258072104641
DLL4	-1.19032638017414	-2.53182250674465	-1.19595558804102	0.258708827383452	0.546835601374528	-5.26247177107337
ENSG00000298184	-0.671910030130321	-0.966058143450942	-1.19592858383827	0.258718911750238	0.546835601374528	-5.41313037455922
ENSG00000280120	-0.434917012011252	1.49062624811699	-1.1959088403892	0.258726284881897	0.546835601374528	-5.67253838617742
CIAPIN1	-0.236096936526526	6.5406436310478	-1.19576138148265	0.258781358269588	0.546835601374528	-6.23055152168547
CSRP1	0.586478262029761	2.93905413979082	1.19569856555059	0.258804821790204	0.546835601374528	-5.85226391360488
IGSF22-AS1	0.959564994477329	-2.20742589170579	1.19569796193924	0.258805047264284	0.546835601374528	-5.29173571958333
ENSG00000308875	-1.21656120399799	-4.28793488516948	-1.19568058865124	0.258811536981048	0.546835601374528	-5.12176581109529
ENSG00000283761	-1.0392988438204	-3.17644504126475	-1.19556833220054	0.258853473023791	0.546875793631834	-5.20783203887758
RIC3-DT	0.737184366693619	-3.30146585708312	1.19533243342286	0.25894161623838	0.547013591322484	-5.19776422906245
CTTN	-0.332937413369233	7.23401544671301	-1.194948835263	0.259084998223674	0.547224703633477	-6.25775835723033
CCDC14	0.262184552851317	5.97355468604738	1.19484282660142	0.259124633492472	0.547224703633477	-6.20314537224649
ENSG00000236449	-0.726166265376575	-2.67549276445646	-1.19480289992671	0.259139562814047	0.547224703633477	-5.25115061509376
RPL21P118	1.52384294691231	-2.40248646229992	1.19474680279129	0.259160539728882	0.547224703633477	-5.27520218854569
LYRM7	0.273758387797015	4.39187985385433	1.1947311377924	0.259166397727081	0.547224703633477	-6.05643500589507
AARS2	-0.397241731602713	5.21707690308877	-1.19469711866462	0.259179119699704	0.547224703633477	-6.147541069975
EPM2A-DT	0.669582562233305	1.13292336193256	1.19460522705506	0.259213486461069	0.547248852840896	-5.634348291194
RWDD3-DT	-1.029660036421	-3.20058641345115	-1.19412092446921	0.259394671994879	0.547476153360709	-5.20735368344362
ENSG00000274825	-0.60361571670852	-1.24008653283934	-1.19411505745105	0.259396867561533	0.547476153360709	-5.38687551924213
C1orf162	0.725735314385643	-1.73365607502247	1.19405884419878	0.259417904542547	0.547476153360709	-5.33794315682732
ZFYVE9	-0.234335558810775	5.78940402523016	-1.19402412060964	0.259430900013669	0.547476153360709	-6.1926771713781
FLJ40194	-0.634288439656374	-3.90645830696559	-1.19401091011519	0.259435844241405	0.547476153360709	-5.15099191386217
PGGT1B	0.284365986971705	4.96702930192686	1.19383327554243	0.259502333970376	0.547568049232691	-6.12427199941799
TSG101	0.269712193035856	6.1854417910312	1.19350100126287	0.259626742785158	0.54778213136964	-6.21631685862492
SNX18P3	0.893182750234944	-4.07465077323119	1.19337471847315	0.259674037554334	0.547833488403544	-5.13881627040388
ENSG00000267568	-0.515417729234658	1.0279275307456	-1.19323545281107	0.259726202564861	0.547895110183448	-5.62446915040296
LINC00391	0.912261409703093	1.41829074050558	1.19312293852249	0.25976835336224	0.547910587295114	-5.6675172578465
ENSG00000256218	1.23059494216894	-2.55347365713364	1.19309030803539	0.259780578616796	0.547910587295114	-5.26361722373303
ZNHIT3	0.214330640289762	5.43542902123089	1.19298170943322	0.259821269193763	0.547910587295114	-6.16816335057429
HAS3	0.550537238397013	6.54796761579934	1.19297077440097	0.259825366699045	0.547910587295114	-6.2340460230341
CIAO3	-0.385191334889846	3.97944258735526	-1.19288047316699	0.259859205768434	0.547911274074001	-6.00306632031755
PAX6	-1.17742774733134	-1.77523104825943	-1.19282955398789	0.259878288536498	0.547911274074001	-5.33525186264224
TET3	0.246275408097404	5.23470736830649	1.19278613080371	0.259894562944307	0.547911274074001	-6.15130739573894
FAM53B	-0.522365001838002	4.63449426117955	-1.19270012340839	0.259926799722453	0.547926206676912	-6.08863740113058
ENSG00000273017	0.806593500138537	-2.71255516974121	1.19264473705323	0.259947560992277	0.547926206676912	-5.25022833170223
KRT8P36	-1.26433336371229	-2.91898838243252	-1.19239449746675	0.260041378397914	0.548075554417433	-5.23279554315843
TCF7L1-IT1	-0.980276871913496	-3.88503694205318	-1.19223725481164	0.260100344098322	0.548151427160676	-5.15448476271551
BRD2	0.195576719363215	7.87408470432465	1.19203598674222	0.260175834794492	0.548209179107433	-6.28094662598442
TMC7	-0.394421835527723	2.97677906679086	-1.19201769887167	0.260182694989596	0.548209179107433	-5.86159860569747
CHST9	-0.779783884761833	3.7272845594167	-1.19196869313357	0.260201078864318	0.548209179107433	-5.96831829751254
GABPB1	0.245510436059623	5.42448582940078	1.19191925762742	0.260219625009767	0.548209179107433	-6.16848615073316
SCRT2	0.920209876884721	-0.150736822012295	1.19182234592927	0.260255985304049	0.548233302021249	-5.50289398837198
ENSG00000306815	-0.776294771920911	-2.13381315424486	-1.19176629690606	0.260277016181455	0.548233302021249	-5.30265505859477
FHIP1A-DT	-0.50277785378459	0.850254197201057	-1.19145892160886	0.260392374510927	0.548283838586922	-5.6073596020979
CLINT1	0.290431598724335	6.98968714254257	1.19144914666855	0.260396043726353	0.548283838586922	-6.253204552086
ERGIC2	0.358690779956451	4.96930828063452	1.19142738845755	0.260404211245198	0.548283838586922	-6.12723754059273
FIRRE	0.309313460524595	4.96941375569722	1.19138560448815	0.260419896533408	0.548283838586922	-6.12729580316215
BDH1	-0.383559442968731	3.98336041679162	-1.19135672959959	0.26043073632036	0.548283838586922	-6.00534214869339
HLA-C	-0.181281779759623	7.74278580404871	-1.19129397151596	0.260454297278903	0.548283838586922	-6.27796849649654
CDCA7	-0.247153622844134	6.53478789104013	-1.19127394531079	0.260461815975972	0.548283838586922	-6.2354076621975
TAS2R14	-0.551255896353911	-1.00862418028443	-1.19120488924481	0.260487743913642	0.548290059439713	-5.41382928354345
NIPBL	0.301014674735336	6.6126594620801	1.19105705181943	0.260543258181317	0.548312656655219	-6.23897324524456
RPL35	0.249923093589052	8.71287821442577	1.19105393947249	0.260544426996558	0.548312656655219	-6.30391680430254
CHL1	0.882192363167306	-0.952913370107407	1.19081772419015	0.260633147812157	0.548393781117286	-5.42006254315511
HNRNPA1P27	1.02709560670128	-2.37409091026456	1.19073864204396	0.260662855892231	0.548393781117286	-5.28200151527346
PPP1R26-AS1	-0.525218956682988	0.361485881231073	-1.19073544610752	0.260664056537692	0.548393781117286	-5.55688804581233
ENSG00000307045	0.840480189331324	-2.43406151019723	1.19070662664826	0.260674883595576	0.548393781117286	-5.27669257711609
SLC16A12	-1.13834752350783	2.69627083552047	-1.19060571987523	0.260712795647159	0.548417393280016	-5.82519145521529
NTNG2	0.577896322563797	1.70630480951271	1.19055444078636	0.260732063583539	0.548417393280016	-5.70308115870276
NDRG4	-0.377175418237819	5.31879395340113	-1.19037596379767	0.260799134524783	0.548510128983344	-6.16139327901921
COX7C	0.475977689033265	7.82508034076473	1.19026191223129	0.260842001844757	0.548522771834852	-6.28154831138185
PHLDA1-AS1	-0.880271105207036	-3.2383355412212	-1.19023767925519	0.260851110752318	0.548522771834852	-5.20830677513411
BRD3OS	-0.292376978336987	4.72717386017309	-1.19003081225188	0.260928880081818	0.54858686950239	-6.10253382240701
ENSG00000285872	-0.584204445748573	-1.81092753449498	-1.18997977076284	0.260948071396754	0.54858686950239	-5.33487631815607
PMPCAP1	1.01174281283042	-4.06114388657775	1.18991595143989	0.260972068687237	0.54858686950239	-5.14341112725107
IRF2BP1	-0.48803385842861	4.47914043579289	-1.18991205687104	0.260973533176777	0.54858686950239	-6.07287069103183
U2AF2	-0.354916364089147	7.78457041072849	-1.18973468327625	0.26104023858073	0.548678764791394	-6.2809675132902
ENSG00000307592	-0.926960358194717	-2.40693828758324	-1.18947774159115	0.261136891464768	0.54882643414472	-5.28041162669907
CCNQ	-0.399184096622912	3.4815427009318	-1.18932689921477	0.261193646603561	0.54882643414472	-5.93604934942515
POLDIP2	-0.332147141802769	7.14366872949292	-1.1893139635683	0.261198514157285	0.54882643414472	-6.2610904889135
DHTKD1	-0.195762816301803	7.09294039945721	-1.18920763216762	0.261238528331187	0.54882643414472	-6.25943642792183
LNX2	-0.28586098395314	4.86396755527802	-1.18919320351489	0.261243958435546	0.54882643414472	-6.11871410926629
THAP5	0.2603620204293	4.43287475237104	1.18918122857271	0.261248465174432	0.54882643414472	-6.06787709458912
ENSG00000307361	0.81021246576549	-2.31707014505869	1.18883248890055	0.261379739608481	0.549038317488129	-5.28913542081948
HLA-DRA	0.396580406763555	2.06476411021809	1.18879107447017	0.2613953325352	0.549038317488129	-5.74732783952369
NUDCP1	0.84739113344004	-3.79488985046867	1.18855071082578	0.261485846352381	0.549140791780015	-5.16531013454553
ENSG00000227598	0.606595855395551	-0.919444548779475	1.18853931858937	0.261490136949758	0.549140791780015	-5.42604222039268
GAB4	1.24618237545409	-1.7158706395588	1.18833346993258	0.2615676742883	0.549251310719045	-5.34581732264623
UMAD1	0.421666655845947	3.86857775992301	1.18827741988697	0.261588789916763	0.549251310719045	-5.99265359032024
USH1C	-0.788652578416831	0.70476493180205	-1.18814346606964	0.261639259582302	0.549308955704679	-5.59561032692087
RPS28P4	1.55096968463797	-1.57719549688567	1.18799581130282	0.261694900321327	0.54931479480848	-5.35973782324547
PXN-AS1	-0.413648771544348	2.38656581145727	-1.18799015273685	0.261697032825815	0.54931479480848	-5.78798770029699
ABHD2	0.320756028240825	5.71334412318415	1.18795285909333	0.261711087768351	0.54931479480848	-6.19444789168583
CFAP53	0.653452686275479	-0.990868940511083	1.18785305464527	0.261748704258638	0.549345438316999	-5.4193068591032
ZNF511	-0.289231873527318	4.00865049908147	-1.18772079174821	0.261798561030027	0.54940176348401	-6.01296792435289
ATXN2-AS	-0.529125637641531	-1.42382540286403	-1.1870892672632	0.262036719668432	0.54985320804699	-5.37593737734563
WAC-AS1	0.266952370580083	4.67495990383907	1.18671809808421	0.26217677428762	0.550098731597593	-6.10020567278471
IZUMO4	-1.08415930051664	-2.39815242196025	-1.1864456978138	0.262279597955037	0.550266100948739	-5.28441273064
ENSG00000213939	1.2521964626214	-1.07452127937881	1.18637885282559	0.262304835014257	0.550270677444429	-5.41224013669156
HNRNPA1P35	-0.72313386430407	3.66894581740755	-1.18627180571089	0.262345254249329	0.550307099944518	-5.96641121708452
KBTBD4	-0.377262761959818	4.17552855734882	-1.1861181945219	0.262403263969242	0.55038041138535	-6.037653084766
LINC02249	0.719717452653983	-0.50399519950066	1.18589198205842	0.262488709401842	0.550421592696992	-5.47261646532145
RAPGEFL1	-0.365101547208973	4.07033853998695	-1.18587171393847	0.262496366197304	0.550421592696992	-6.02352095781322
POLR1E	-0.240231763285251	4.89850324829569	-1.18577625140094	0.262532431976103	0.550421592696992	-6.12628336520349
PLEKHA3	0.306927629924464	3.71155016904702	1.18577436743935	0.262533143777071	0.550421592696992	-5.9730488936505
EMC4	0.357441871280398	6.18615991428012	1.18576096370493	0.262538208038822	0.550421592696992	-6.22514084722068
CELF5	0.477216491492115	4.42282842890101	1.18547408307285	0.262646617248056	0.550553231242722	-6.07079848853214
ENSG00000267655	0.773139102188993	-0.380276271747928	1.18547272206589	0.262647131643258	0.550553231242722	-5.48603837971793
FABP7	1.10902516569674	3.94416250284254	1.18535672349739	0.262690976469308	0.550596780134625	-6.00657805343774
CREBZF	-0.249706134810444	5.43494173507321	-1.18522021091381	0.262742582581176	0.550636725280761	-6.17692252555363
SF3B2	-0.228272708056108	8.5297172192719	-1.18510519853763	0.262786067184362	0.550636725280761	-6.30624093680994
RASGRF1	-0.580220977604978	0.799824993052897	-1.18504322126803	0.262809502312793	0.550636725280761	-5.60907927905172
TARDBP	0.283484309834414	8.28415715682198	1.18496464861192	0.262839214952926	0.550636725280761	-6.30017483990096
GAPDHP65	1.15148365896597	2.58415375866676	1.18494991542466	0.262844786678168	0.550636725280761	-5.81676670296503
TNFRSF14	1.74423188305574	-2.41083040050432	1.18494020047218	0.262848460683107	0.550636725280761	-5.28487744159423
RPL13P8	0.741776568978397	0.241181615174272	1.18483371486133	0.262888734133756	0.550672759133786	-5.55094109377819
LRRC37A	0.4148595410076	0.871695837887277	1.18467081034644	0.262950355019776	0.550724662999492	-5.61714417586475
ENSG00000272502	-0.664883963756379	-0.59610216729842	-1.18442289378075	0.263044154920844	0.550724662999492	-5.46451808853364
ZNF28	0.33170721477263	4.80320910728007	1.18440801734218	0.263049784307193	0.550724662999492	-6.11742068831088
ZBBX	0.644451567564934	0.137919077052956	1.18436249578699	0.263067010692968	0.550724662999492	-5.54081282823513
DOC2B	-0.456411883895806	2.79588573194767	-1.18435345986214	0.263070430197896	0.550724662999492	-5.84550822354265
ENSG00000269973	0.357075868667541	1.87863503461223	1.18434732964957	0.263072750101411	0.550724662999492	-5.73006911071523
RAB14	0.255361278490968	6.42521119645119	1.18434128948509	0.263075035943236	0.550724662999492	-6.23839464232081
ENSG00000289015	1.00323141255508	-3.07772553650576	1.18407508872275	0.263175792726197	0.550887269338374	-5.22813612263463
RGS11	-0.723626858089557	0.573253793598845	-1.18392257963482	0.26323353111475	0.550954350309849	-5.58643500848072
VGLL2	-1.35739182144316	-3.13371517302401	-1.18374631421307	0.263300275949555	0.550954350309849	-5.22379238489777
ENSG00000259985	-0.441893890518652	1.85114534190124	-1.18373508147073	0.263304529806382	0.550954350309849	-5.72752285707973
ENSG00000259780	1.07067479137818	-3.78138296381524	1.18369395628974	0.263320104441749	0.550954350309849	-5.17139388509462
ARC	0.977070654623247	4.54390678068523	1.18359329328995	0.263358229904259	0.550954350309849	-6.08806352517016
KCTD19	0.810825659648799	0.035281924710149	1.1835655254308	0.263368747573789	0.550954350309849	-5.53110807018295
LINC00665	-0.721379282312412	6.2481521237546	-1.18347690758395	0.263402315707594	0.550954350309849	-6.23088755215938
STAM	0.25107599503438	5.60684928066202	1.18347663296642	0.263402419737044	0.550954350309849	-6.19203395042019
ENSG00000299042	1.5394495107983	-2.89723771093325	1.18344184407201	0.263415598583219	0.550954350309849	-5.24406994061051
FRMPD4	1.05340197198553	0.74091294170695	1.18280466771863	0.263657068556086	0.551245451700141	-5.60530346171269
ENSG00000288862	-0.794284182700463	-0.484231573984886	-1.18277828197297	0.263667071721448	0.551245451700141	-5.47807709172563
NUDC	-0.275078609931638	7.32164438680477	-1.182688620376	0.263701065804274	0.551245451700141	-6.27460546425228
ENSG00000228973	-0.677814551085068	-2.12434157234577	-1.18263477410246	0.263721482624406	0.551245451700141	-5.31325438384456
ZNF625	-0.736799428836231	-0.523099962620637	-1.18259930648207	0.263734931520897	0.551245451700141	-5.47419205046133
KCNN4	-0.728324070671189	-0.716280375135904	-1.18258005235224	0.263742232684265	0.551245451700141	-5.45384872157901
ENSG00000299654	0.471043427167805	1.90735381404025	1.1825701254589	0.263745997023569	0.551245451700141	-5.73542937144698
PINLYP	-0.386811865335674	1.7516813629838	-1.18248473166034	0.263778380642309	0.551245451700141	-5.71729580184703
PDE6B	-0.460504974859486	2.96663707992552	-1.18247098025842	0.263783595837969	0.551245451700141	-5.87090335193289
AIFM3	-0.82292961154607	-0.466025976311406	-1.18246532138114	0.263785741981284	0.551245451700141	-5.48033231109563
EGFL8	1.13668301607179	-1.95917671411326	1.18235469293528	0.263827700881002	0.551246583658469	-5.32892743848173
MTND5P11	2.78548714803277	-2.35239239199726	1.18234210152881	0.263832476856358	0.551246583658469	-5.29285109943339
XRN1	0.301277835141458	4.26720067930402	1.18220628117415	0.263883998474207	0.551277365393994	-6.05429356717167
JOSD2	-0.956877918069761	-0.209038404878954	-1.18218148585994	0.263893405104386	0.551277365393994	-5.5074092647629
ENSG00000289201	-0.711341571851168	0.0125356783808832	-1.18199061207658	0.263965826052321	0.55137849213947	-5.53048595995039
ENSG00000287778	0.594712944963554	-0.99677569974642	1.18188411815739	0.264006238620543	0.55137849213947	-5.42514439144964
MYO3B	-0.832218351546486	0.524195340829183	-1.18180465276829	0.264036397538132	0.55137849213947	-5.58362537849199
ITGAX	-1.0587175695273	-1.3720558051198	-1.18178375983997	0.264044327332512	0.55137849213947	-5.38682256602945
NOP9	-0.328586291083585	5.90907002477749	-1.18174951664529	0.264057324554998	0.55137849213947	-6.21412591279217
ABITRAM	0.400383576445901	4.28396172253774	1.18162971923677	0.2641027984214	0.551416358120534	-6.05716401969716
CLDN12	-0.198691170915053	6.34002154390157	-1.18158001845907	0.264121666151337	0.551416358120534	-6.23754461173844
NDUFC1	0.362364674613948	5.08193975451381	1.18136367333951	0.264203808951359	0.551502758886856	-6.14993759625146
LIME1	-1.19752122195657	-1.19166524593842	-1.18134840852922	0.264209605522966	0.551502758886856	-5.40559078644293
ASAH2B	0.343685416272277	2.83798463865685	1.18123130431255	0.264254077365886	0.551502758886856	-5.85468347294432
ENSG00000272347	-0.88652789307511	-3.93440705885403	-1.18122761007591	0.264255480396786	0.551502758886856	-5.16204826236132
LINC01118	0.692927203444926	-1.6697296847801	1.18101838972441	0.264334949663588	0.551620376289312	-5.35813706288617
FGF12-AS3	-1.01533429033412	-2.6109271198785	-1.18077468795536	0.264427540107852	0.551732833175476	-5.27160634328378
ULK3	-0.415842207768794	4.64021140484451	-1.18062251149108	0.264485370087157	0.551732833175476	-6.10295679776264
DMRT1	0.933220024185625	-2.53068582799502	1.18059985569135	0.264493980584707	0.551732833175476	-5.27883792158616
TSPOAP1	-0.883418127978045	3.02715438136182	-1.18058035174755	0.264501393375258	0.551732833175476	-5.881383690045
SSR2	0.508517243633315	7.78926120148501	1.18055973266288	0.264509230172522	0.551732833175476	-6.29150380309981
VEZF1P1	0.97608080190352	-2.8396656349894	1.18051155887989	0.264527540538273	0.551732833175476	-5.2520680324271
GPRC5B	0.353664229026505	7.617399765218	1.1800780679492	0.264692351300344	0.55201125172107	-6.28691776393261
TOP2B	0.214109460162625	8.28772667050091	1.18001391155107	0.264716750115932	0.55201125172107	-6.30587052967321
ATP1A4	-0.594011748873359	-1.52997469156177	-1.17996856019075	0.26473399841212	0.55201125172107	-5.37300693012249
EFNA5	0.46321926446337	4.47463297440667	1.17991717532747	0.264753542483391	0.55201125172107	-6.08357490645659
ENSG00000269886	-0.595373428711769	-1.93591374731966	-1.17977720396269	0.264806785959611	0.552074035682917	-5.33386826997261
NIBAN3	0.609586212516722	-1.64936562811098	1.17966313649504	0.264850182178526	0.552116280728	-5.36157370536346
MORF4L1	0.319934112611711	8.11105483178044	1.17910129229351	0.265064014470527	0.55251378457363	-6.30220868488808
TRAPPC12	-0.273919486674188	4.87889292753758	-1.17885314166672	0.265158501717214	0.552635580539118	-6.13199188504892
ENSG00000298669	-0.517020427588441	-1.53752361366043	-1.17882621862059	0.26516875469619	0.552635580539118	-5.37348114118136
CCDC59	0.406551238955841	5.56993502054382	1.178317022975	0.265362728542153	0.55299155174326	-6.1951401449825
BATF2	-0.591899120282697	1.44334968546622	-1.17818205685393	0.265414161627517	0.553050444872006	-5.68687845164055
RAF1	-0.217340290273762	7.30461591298503	-1.17807121150815	0.265456408645578	0.553059574198185	-6.27925553546093
LINC01234	0.34285270433738	3.2160205269247	1.17804896552856	0.265464888004961	0.553059574198185	-5.91070541856979
RNF139-DT	0.569820580190666	-0.579792546455496	1.17782801220862	0.265549119046989	0.553155522593809	-5.47339236398862
EXOSC6	0.314421354483947	4.61504769104271	1.17780656616777	0.265557295758992	0.553155522593809	-6.10312029130491
CTSL	0.233140408407047	5.24144370009715	1.17761751587088	0.265629383426916	0.55317325420327	-6.16906050230042
ZNF654	0.319447934366482	3.50311065761777	1.17760476714777	0.265634245261592	0.55317325420327	-5.95228322492033
HSPA4	-0.278453109915267	9.02679854810812	-1.17757891145359	0.265644105768533	0.55317325420327	-6.32641255158442
LARS2	-0.339548994420806	6.49936933865315	-1.17754112287544	0.265658517604973	0.55317325420327	-6.24942199732958
SRRM2-AS1	-0.779647253308787	-0.625431899053714	-1.17741245383074	0.265707594151653	0.55322045005214	-5.46901193652586
ENSG00000272510	0.952807893496016	-3.57732726740222	1.17736016049106	0.265727541768875	0.55322045005214	-5.1941133133033
ENSG00000303327	-1.2412321684477	-2.80046881639602	-1.17727646802555	0.265759469247233	0.553238661362731	-5.25882750852019
GLI1	-0.372766752464011	3.98041183111456	-1.17642221558245	0.266085528308066	0.55386911775062	-6.02172141620063
PRRG4	-0.687384148141662	1.16978210776342	-1.17624808310435	0.266152031710442	0.553959234397236	-5.65866120254527
RPSAP56	0.941191325953081	-3.6176128317783	1.17599609470196	0.266248292602013	0.554111266091057	-5.1922972451548
RNF25	0.241999199971626	4.66291839721372	1.1759169023676	0.266278550186533	0.554125918327838	-6.11093646703198
GON4L	0.33303315053322	5.80508555935479	1.17572655771104	0.266351287683986	0.554182183109444	-6.21439013311484
NSA2P7	0.881780663697641	-1.63669000864	1.17564668160701	0.266381815888111	0.554182183109444	-5.36709767407422
MAP4K5	0.29256650745371	5.51727348611968	1.17554384975875	0.266421121732666	0.554182183109444	-6.19425134443972
ST13P18	-0.295330747067164	3.71474967555231	-1.17551233112177	0.266433170152317	0.554182183109444	-5.98500785929901
KLF2	-0.810051277811507	-2.6497232793703	-1.17544893208634	0.26645740658737	0.554182183109444	-5.27381084478855
CD101-AS1	-0.566214046229923	-1.61459860844341	-1.17535776759595	0.266492260372708	0.554182183109444	-5.36958002144011
ENSG00000305607	0.901248907301162	-1.88559164955048	1.17531487333036	0.266508660853159	0.554182183109444	-5.34338987669493
CYB5RL	-0.266779257844251	3.92756410053049	-1.17530841849478	0.266511128907399	0.554182183109444	-6.01551320423003
ZNF563	-0.40046493458992	1.79833063943633	-1.17529943472818	0.2665145639473	0.554182183109444	-5.73067796405716
UBE2V1P2	0.438457102355571	2.20796333952038	1.1752292286248	0.266541409215151	0.55418972155571	-5.77987222050505
TBCEL	0.266551541614474	3.55827509843861	1.17516618494099	0.266565517557101	0.554191568600639	-5.96290624425618
SUGT1P4-STRA6LP	-0.636331807790735	0.139505924146925	-1.17505767483168	0.266607016621171	0.554229567607132	-5.55113066918632
MCCC1	-0.30083851056393	4.51078727579363	-1.17492450008487	0.26665795552865	0.554249713682168	-6.09372892201896
ENSG00000291046	-0.469768480683204	1.28804107814295	-1.17491091408539	0.266663152562632	0.554249713682168	-5.67315430730735
C11orf54	0.290484087693157	3.68885665140158	1.17484528876398	0.266688257257828	0.554253625563618	-5.9820562619
ENSG00000289612	-0.73820865896029	-4.21838663163865	-1.17469067029152	0.266747413316863	0.554328298966788	-5.14758752965893
PANO1	-0.80821763083643	-0.975548276041593	-1.17424357723582	0.266918526801437	0.554592055516342	-5.43558612797913
ENSG00000309777	-0.353456611865506	6.15561097471765	-1.17423761647025	0.266920808719832	0.554592055516342	-6.23656061397209
DUOXA2	-1.0364552933166	-3.8632680298337	-1.17385285905608	0.267068135410621	0.554698138179717	-5.17513191835246
CROCC	-0.766646874131174	4.49658379780859	-1.17378084153245	0.26709571864972	0.554698138179717	-6.09322144954385
PRR12	-0.514195642612525	5.79436284236674	-1.17375245757467	0.267106590533224	0.554698138179717	-6.21592022657836
MZT2A	-0.307603187617179	4.76845938367538	-1.17363283286091	0.267152414137441	0.554698138179717	-6.12565436413158
MXRA8	-0.899062111132139	2.7717596514057	-1.17363159132292	0.267152889755293	0.554698138179717	-5.85420168874809
NOS2	-0.957794751258098	1.02024245351856	-1.17356739372877	0.267177483973543	0.554698138179717	-5.64532179321809
ATG2B	0.296311063549561	4.60637274703075	1.17354879184666	0.267184610724322	0.554698138179717	-6.10685612288007
GUCA1B	-0.467930077558102	0.33942320651044	-1.17351458044159	0.267197718186592	0.554698138179717	-5.57346157635097
CGGBP1	0.239535928155167	6.84221984581055	1.17350181790057	0.267202608046726	0.554698138179717	-6.26800909570327
ENSG00000286881	0.813301220657438	-2.77675416918888	1.17349746027853	0.267204277649147	0.554698138179717	-5.2648267198007
ENSG00000254238	1.1498641066287	-3.46416043404082	1.17303818179947	0.267380294360019	0.555015262262182	-5.20770652175632
PLEKHG2	0.220246757638723	5.95124575545087	1.1728052790299	0.267469588521388	0.555112481709446	-6.22674107002599
HINFP	-0.283437671899075	4.71318698416653	-1.1727946941745	0.267473647281126	0.555112481709446	-6.12033591728045
MLLT1	-0.402492396103538	5.87684395969212	-1.17252708401197	0.267576278519312	0.555250859374842	-6.22251168663594
HGH1	-0.321091911959575	4.8850044951387	-1.17249951968688	0.267586851490738	0.555250859374842	-6.1397785131945
ENSG00000270062	1.04318372821887	-2.35885042980505	1.17189975369261	0.267816988298392	0.555593707688251	-5.30328676634055
CDK20	0.353996494153546	2.08521629562017	1.17188670749384	0.26782199600843	0.555593707688251	-5.76855280904745
TOLLIP-DT	-0.541940783461091	-0.331253081413519	-1.17176947121675	0.26786699981893	0.555593707688251	-5.50601981480337
RPL4P4	-0.317408251183752	7.91103923460331	-1.17169441991624	0.267895813108534	0.555593707688251	-6.30500675874677
ENSG00000273674	0.592893326366287	-1.3796976710608	1.17166850389614	0.267905763216513	0.555593707688251	-5.39687568452183
ENSG00000232537	1.08476140075656	-2.82989971704241	1.17166587281506	0.267906773401118	0.555593707688251	-5.26215948069492
ZNF460-AS1	-0.617906371625464	-1.38938889818556	-1.17164437262636	0.267915028356479	0.555593707688251	-5.39592650379263
NLRC3	0.680957120568243	-0.666913030730852	1.17136143980646	0.268023678610909	0.555770733050092	-5.47115507010594
GAL3ST3	-0.480840358978336	4.25769073322229	-1.17127517380784	0.268056812924007	0.555791152294091	-6.06528223082321
OPTN	-0.593966967794548	3.92242449960567	-1.1711149018085	0.26811838115358	0.555870517980585	-6.01947081157061
EGFL6	-0.574394904284946	1.38717931268073	-1.17098446231651	0.268168497530945	0.555926129642236	-5.68849385271375
COMMD1	0.250348492966084	3.90758308067033	1.17085179582825	0.268219477147598	0.555983521024989	-6.01767207808903
GIHCG	0.590996644791257	2.31371687922972	1.17072191263541	0.268269394656707	0.556010401280688	-5.79799916580532
ENSG00000285955	-0.790677455546676	-4.07022843900252	-1.17062903033823	0.268305096259955	0.556010401280688	-5.16250514271641
FAM3A	-0.35844010518862	4.08186646477093	-1.17054152604707	0.268338734131838	0.556010401280688	-6.04228729574628
YBX1P6	0.533633512527334	2.8207089684283	1.17051187234377	0.268350134186341	0.556010401280688	-5.86425684557354
ENSG00000279233	-0.829751169367673	-1.45819856997799	-1.17047145782023	0.26836567174188	0.556010401280688	-5.39028301770939
ENSG00000217060	1.06721896391133	-3.18641858946649	1.17045442055739	0.268372222011712	0.556010401280688	-5.2332318493275
PEBP1	-0.328410363838259	8.77446586589618	-1.17012662707726	0.268498272496824	0.556223267917863	-6.32903203465398
ENSG00000259531	0.565522525071937	-0.323457750844417	1.17003102680622	0.268535043670446	0.556245178540342	-5.50870719950435
ENSG00000253596	-0.827052972393784	-2.68305948716029	-1.16997794836901	0.268555461194132	0.556245178540342	-5.2766307177424
PSMC2	0.312161619118205	6.85891248679879	1.16983178119879	0.268611693227596	0.556313370553891	-6.27276433924081
UTS2B	0.80864381918552	-3.93765931891689	1.16962245393035	0.268692239823318	0.556401133868801	-5.17369505653497
DNAL1	-0.265415962683976	3.95840399795355	-1.16960048522793	0.268700694220966	0.556401133868801	-6.02623089139031
REXO6P	0.533905310669191	-0.86816094898267	1.16943962392561	0.268762606216887	0.556481055138235	-5.45199946661885
ENSG00000269559	0.622764667630735	-3.31905053307387	1.16911075231859	0.268889216803966	0.55665837698672	-5.22362921765225
ENSG00000301802	0.557103402944805	-2.38832455570243	1.16909600938469	0.268894893714329	0.55665837698672	-5.30358875201593
SCARB2	0.251378656320492	6.87346636278475	1.1688978357655	0.268971211594718	0.556740214150064	-6.27435777140862
RARA	-0.370167310332782	4.37777752665414	-1.1688101356603	0.269004990910058	0.556740214150064	-6.08379657212042
WDPCP	-0.436673527629827	3.67805952738802	-1.16877814206399	0.269017314669395	0.556740214150064	-5.98727575331825
YBX2P2	-0.598430801428703	-1.80538440398135	-1.16875109752918	0.269027732425218	0.556740214150064	-5.35801840085152
ANKHD1-DT	-0.473085644857356	0.654487464606886	-1.16848254334132	0.269131198801098	0.556852989874052	-5.61185294935293
TRIP11	0.321026947078965	4.86986260923941	1.16841650688803	0.269156645606626	0.556852989874052	-6.14272125159425
PTCHD1-AS	0.486530663284091	-0.394573005409938	1.16832123857057	0.269193360110378	0.556852989874052	-5.50312684440832
PXK	0.413486035144801	3.87685823729195	1.16831266452173	0.269196664571414	0.556852989874052	-6.01617721657042
EIF5A	-0.389528016994124	9.49757594336404	-1.16830690228226	0.269198885371719	0.556852989874052	-6.34690808127124
RWDD1	0.453812290676876	5.68636422012332	1.16815057448015	0.26925914053297	0.55691534047165	-6.21489358760798
MED14OS	0.596037523183527	-1.3757124865417	1.16805364006127	0.26929650839618	0.55691534047165	-5.40112733068447
PDCL3	0.272340345303671	5.02814186039032	1.16804709975944	0.269299029806147	0.55691534047165	-6.15955626386859
TTYH3	-0.424748030826406	7.93121861645088	-1.16788302507761	0.269362289801847	0.556997900771157	-6.30985234901962
OPHN1	0.389086782962313	3.28898818447732	1.16777031217976	0.269405753751924	0.557002332160425	-5.93251755060006
NECAB2	0.831949327108549	3.86326472121351	1.16768007479074	0.269440554769845	0.557002332160425	-6.01497181540315
MAT2A	0.351910312599776	8.00932008782656	1.1676391469042	0.269456340219612	0.557002332160425	-6.31231550531825
C1D	0.570841433105816	3.39134848943645	1.16762790040019	0.269460678004367	0.557002332160425	-5.94729574765175
TUBE1	0.442604814449657	4.35320424546297	1.16757489852302	0.269481121609604	0.557002332160425	-6.08200978716243
BTG3-AS1	0.472979867568899	0.0526232984658487	1.16736701234223	0.269561318203917	0.557024972104887	-5.55051090619653
DCLRE1A	0.222267493244405	5.11180650705797	1.16728726157207	0.269592088793865	0.557024972104887	-6.16858828857857
RGPD2	-0.39734331357477	0.837339585467932	-1.16726412490908	0.269601016233476	0.557024972104887	-5.63254841596261
CACNB1	-0.394711415448084	3.24216636885723	-1.16725210680294	0.269605653594074	0.557024972104887	-5.92642053304416
TAF1B	-0.233694877735352	4.80813632302328	-1.16724403436022	0.269608768498582	0.557024972104887	-6.13723095295381
B4GALT4	-0.364964347761288	5.13922130814625	-1.16714421173646	0.269647289293259	0.557056336324957	-6.17133957747851
CCDC65	-1.25030145141491	-3.36318346890657	-1.16706308613305	0.269678598251966	0.557072797687353	-5.2221142008965
EIF4A1P7	-0.608136294529469	1.7753207824697	-1.16692824843077	0.269730642776718	0.557111489116889	-5.7372031597703
ZNF773	-0.308033477514134	2.91239192974245	-1.166893610901	0.269744013417471	0.557111489116889	-5.88075473058801
ENSG00000300273	-0.767424625330742	-3.27468717936048	-1.16668359985008	0.269825092254593	0.557212896598499	-5.22979802681512
ENSG00000279587	1.05351728466829	-3.37192832450328	1.16660916110593	0.269853835395157	0.557212896598499	-5.22186453197921
NLRP7	-1.55326052450822	-0.0123376043056442	-1.16658503188955	0.269863152963592	0.557212896598499	-5.54464605819082
RAB28	0.327550949128487	5.16344031870387	1.16646410778402	0.26990985199328	0.557261110512422	-6.17437908717954
ENSG00000277728	-0.541989155090872	-2.41484552969072	-1.16639867764925	0.269935122765994	0.557265078717755	-5.30404148459042
NDUFAF8	0.497622344831187	3.26454256893268	1.16605967884897	0.270066082598687	0.55748721617219	-5.93092599595057
ENSG00000259370	-1.23296901131671	-3.49160251004638	-1.16574861701412	0.270186294141153	0.55764305252871	-5.21298882980258
ZNF417	-0.364777465853721	3.28260862922816	-1.1656813682124	0.270212288361209	0.55764305252871	-5.93392087482132
IL1A	-0.45835305986438	-0.323949305884095	-1.16556481721409	0.270257344432648	0.55764305252871	-5.51347002885453
NUDT21	-0.231730723267312	6.72111603829489	-1.16551292872146	0.270277405299305	0.55764305252871	-6.2722142592138
ENSG00000289532	-0.609183591471571	-1.89717929518855	-1.165503723005	0.270280964489652	0.55764305252871	-5.35266327939948
EEF1A1P4	3.15593139013915	0.0445880745599388	1.16545048951473	0.270301546788318	0.55764305252871	-5.55175234462115
ZNF350	0.393474534707874	2.64754466906876	1.16544122914919	0.270305127360148	0.55764305252871	-5.84673051009488
ENSG00000278627	0.64245038577691	-3.21710188420631	1.16537039140378	0.270332518407231	0.557651358411874	-5.23593384112073
SRRM3	-0.510807439245562	4.22272163777533	-1.16518548378783	0.270404027524999	0.557750663290912	-6.0674302931564
ENSG00000307179	-0.85473286993363	-3.56367651764828	-1.16488656919013	0.270519658018516	0.557898875356386	-5.20805103962549
MIDN	-0.372965657146469	7.02382794316761	-1.16487887965142	0.270522633112643	0.557898875356386	-6.28440761745162
UTRN	0.424380383681292	5.8036977617047	1.1645390590493	0.27065413600915	0.558121847600689	-6.22683852909487
CEP97	0.278084862464996	4.35085680388603	1.16427944777133	0.270754633701904	0.558280850329447	-6.08537545699712
BCL7B	0.308074473292791	4.98635359841984	1.16420569626872	0.270783188895215	0.558291497007782	-6.159593225845
NKAPD1	0.244074755341965	5.32055800918553	1.16405544321207	0.270841371403277	0.558363221152459	-6.19114958480398
ZNF207	0.367271862526826	7.96651508980265	1.16399187360603	0.270865990438773	0.558365744843859	-6.31520219418692
ENSG00000304102	-1.09525340145583	-3.85403961430842	-1.16357367897991	0.271027991550597	0.558651444368088	-5.18636035854268
DLX4	-0.56725472455842	0.17472657219218	-1.16330668455265	0.27113146039076	0.558725122474612	-5.56751190131709
CAMTA2-AS1	-0.501103690221143	1.33569721272696	-1.16326824820313	0.271146358265578	0.558725122474612	-5.69119248466257
NINJ1	-0.312586420385528	4.93736691445686	-1.16319980235893	0.271172889377155	0.558725122474612	-6.15566931862499
CATSPERG	-0.883507157549328	-1.09544152018444	-1.16319536941793	0.271174607753002	0.558725122474612	-5.43494233439156
TLE5	-0.28237849503375	7.57208191430294	-1.16317943148625	0.271180785969996	0.558725122474612	-6.30451410836995
VPS18	-0.380681361093363	5.43010323360721	-1.16290973519974	0.271285348506035	0.558892310124603	-6.20158007944592
UFSP1	-0.746624932068851	-0.0834138847929196	-1.16271530099979	0.271360751299658	0.558929019675912	-5.54147170209898
ENSG00000289640	0.715465958141534	-2.27467425891867	1.16268596932636	0.271372127740179	0.558929019675912	-5.32055176682736
DXO	0.271909271132472	3.7512748565602	1.16268263057031	0.271373422717747	0.558929019675912	-6.00451270577749
ENSG00000304977	-1.1207555187614	-3.31249941483941	-1.16250957263038	0.27144055204086	0.55894340736608	-5.23097325074348
CDAN1	-0.506677703155206	3.52228556721639	-1.16250744498615	0.27144137743737	0.55894340736608	-5.97181207119147
ENSG00000299214	-0.86056186021911	-2.54806921424744	-1.16248132298094	0.271451511347454	0.55894340736608	-5.29629376408389
CDC40	-0.255309133902529	5.34509111373358	-1.16242313894966	0.27147408464355	0.55894340736608	-6.19506029232652
RNF181	0.368601151458343	5.75162908972217	1.16232498527012	0.27151216807036	0.558973597458404	-6.22587108603546
ENSG00000289489	-0.833075548619761	1.08782381644157	-1.16214081275505	0.271583637999368	0.5590307667004	-5.66513655501057
KDSR	-0.265781795381137	5.49397975871082	-1.16211083572002	0.271595272282097	0.5590307667004	-6.20748589032113
ENSG00000267249	0.419830241224505	0.525035781999779	1.16207236052532	0.271610205331958	0.5590307667004	-5.60521717851727
SDK2	0.649820512790673	5.79105948469042	1.16193291623797	0.271664332082196	0.559093956523737	-6.22892897836557
CCKBR	-0.286055676293242	3.78457193666208	-1.16177563002032	0.271725394570585	0.559171408192459	-6.01030143112119
ENSG00000271401	-1.11896418675219	-3.48738386002427	-1.16167483570419	0.271764531163354	0.559203730086711	-5.21751133096636
GPR83	-0.764909942684289	-1.28614755899118	-1.16152928819156	0.27182105244783	0.55927181541141	-5.41713098385436
ENSG00000270681	0.671711915305584	-0.788761724860915	1.16136821710873	0.27188361289101	0.559352313496228	-5.4690022363262
ENSG00000272079	-0.496002866037691	0.359183247891937	-1.16116336436154	0.271963194649467	0.559467813023515	-5.58891083983081
ENSG00000286074	-0.782101992219785	-3.05328490495666	-1.16099304144097	0.272029376146375	0.559555728732701	-5.25419187672673
NLN	-0.300012867061551	7.95167667736363	-1.16082839932113	0.272093362350647	0.559639114031617	-6.31831790768255
FAM174A	-0.420171776322153	1.90703816110713	-1.16071142377349	0.272138830716145	0.559660216731215	-5.75947321207602
NF2	-0.257194526744065	5.29460274009321	-1.16068135191036	0.272150520609314	0.559660216731215	-6.19267294103211
ACYP1	0.356540412347748	3.01353884625841	1.16058689446947	0.272187241806011	0.5596686998015	-5.90166898065837
RASSF8	0.273233520725382	5.55932248702708	1.16052378546239	0.272211778187603	0.5596686998015	-6.21426078762173
ENSG00000272983	1.29001424167234	-2.46305625486073	1.16048979502616	0.272224994175875	0.5596686998015	-5.30590754202349
SEC11C	0.219113725804537	4.91427435236359	1.16010025972992	0.272376487413377	0.559931922919471	-6.1567268823391
FAM241A	0.470971865519938	0.684843850518547	1.15991220053851	0.272449648838066	0.559952196044354	-5.62435997887295
ENSG00000283897	-0.921698705519817	-3.15673519898805	-1.15990888454635	0.272450939010766	0.559952196044354	-5.24660404036132
PRR15	-0.412843925572876	2.96273252227386	-1.15989399236894	0.272456733257765	0.559952196044354	-5.8954088445049
TBP	0.35014728530725	5.01289137191289	1.15965318604357	0.272550439640146	0.560036009723346	-6.16735728296497
ZNF252P-AS1	-0.594741558377346	-2.51281496679282	-1.15963905984803	0.272555937438156	0.560036009723346	-5.30237149233886
MT-TP	-1.03348889230341	-0.28631594035479	-1.15958938311692	0.272575271903359	0.560036009723346	-5.52381108487502
PSAT1P3	1.30496281212963	-1.06059710912704	1.15952023553903	0.272602186331382	0.560036009723346	-5.44246376006613
ENSG00000306711	-0.867691768582271	-3.99777547271589	-1.15948773077353	0.272614838939365	0.560036009723346	-5.17937333996441
SPACA9	0.566354951340272	1.52226392274642	1.15907605020985	0.272775127260977	0.560317063631787	-5.71671908168925
KLHL24	0.299489896874125	5.24575588307931	1.15898606146279	0.272810174373649	0.560340828896375	-6.19028027193484
AZU1	-0.899470522745469	-0.936696133532158	-1.15838732965906	0.273043447411349	0.560745255386708	-5.45661459870037
ENSG00000291078	-0.474046001132382	0.84163855554043	-1.15836008875093	0.273054064528609	0.560745255386708	-5.64268007481543
NCOA4	0.390223760784393	7.29779552399451	1.15816077052489	0.273131758504773	0.560856549964159	-6.30134137124299
ZNF763	-0.478764661967193	0.101520291846485	-1.15796626784297	0.273207592170315	0.560908852920913	-5.56569911553391
ARPC3P2	0.808115832580001	-3.45332498252988	1.15796330207275	0.273208748607762	0.560908852920913	-5.22408269078394
ABCF2	-0.265712832538605	4.65400555192564	-1.15789745736027	0.273234424310783	0.560908852920913	-6.12997646856702
ATN1	0.312559369445752	6.62650270283574	1.15771270806776	0.273306476200076	0.560908852920913	-6.27705520151299
LRRC3B-AS1	0.7412397456019	-2.09414983064203	1.15765892525013	0.273327454212682	0.560908852920913	-5.34238070586337
PHF3	0.223699393142568	6.81684247746288	1.15764485809567	0.273332941321869	0.560908852920913	-6.28476413466848
ENSG00000277182	0.430934465487434	0.388387629139035	1.15761789576799	0.273343458633424	0.560908852920913	-5.59577152894444
PLK5	-0.813861597817881	-1.52150525441615	-1.15758714823457	0.273355452845376	0.560908852920913	-5.39762124729836
SYNJ2BP	0.2459957219034	5.07884528399465	1.15750009178298	0.273389414679742	0.560908852920913	-6.17632802309397
SNX29	-0.297328688673216	3.62581734722882	-1.15745498472763	0.273407012824999	0.560908852920913	-5.99230091085593
ENSG00000294035	0.756816558199329	-1.254217089831	1.15743260255556	0.273415745375703	0.560908852920913	-5.42473148721916
KIF27	0.31651129443722	2.90177739086883	1.15711308806117	0.27354042998632	0.561057421487116	-5.8900803455038
NUDT14	-0.509113579914099	3.15227609569387	-1.1570960591856	0.273547076445587	0.561057421487116	-5.92494031082025
ENSG00000306476	-0.94107862035156	-4.30158563492343	-1.15706630924559	0.273558688307939	0.561057421487116	-5.16027328189861
ENSG00000286391	-0.754486163506815	-0.2460378721668	-1.15696672293885	0.273597561209183	0.561088932237461	-5.53080812947342
NFKB1	0.287682070711945	3.75225649192478	1.15686580256993	0.273636959289113	0.561096609965652	-6.01108665446923
SMCO4	-0.229853394257354	3.98429063429157	-1.15683669431348	0.273648323626773	0.561096609965652	-6.04405084846787
ELFN2	-0.550230551640611	2.50823601056129	-1.15665114037302	0.273720775641012	0.561125934156944	-5.83822154385205
NDUFB2-AS1	-0.626244913338047	-1.68833467967526	-1.1565170218313	0.2737731534165	0.561125934156944	-5.3822884578658
UBA2	-0.176233461931693	8.08710746365826	-1.15651526645797	0.27377383900078	0.561125934156944	-6.32687908134263
MRAP2	0.312010319928194	3.02070114251633	1.15650021247315	0.273779718589205	0.561125934156944	-5.90716105840861
FAM201B	-1.15718362157088	-3.2389901056923	-1.156452164395	0.273798485243681	0.561125934156944	-5.24328909201167
CPEB1	0.589720329703921	1.50251724709996	1.15628639821343	0.273863238094891	0.561125934156944	-5.71752242683744
SNHG29	-0.248527284189079	8.2882826615418	-1.15622832418845	0.273885926264234	0.561125934156944	-6.3325550506569
CREB3L3	1.02628893535248	-1.0038674593164	1.15622434676657	0.273887480204471	0.561125934156944	-5.45186115309718
HEY1	0.627579856578384	1.82737366830286	1.15621986499187	0.273889231198785	0.561125934156944	-5.75500166924432
SLC34A3	-1.04974562629625	-4.05593043686803	-1.15619811094044	0.273897730461658	0.561125934156944	-5.17824227713832
AFF4-DT	1.01485730149591	-3.74095353633865	1.15598979804273	0.273979128389454	0.561163089916127	-5.20297467185871
EMC1-AS1	0.457403476704369	-0.323570662127202	1.15595409892167	0.273993079673596	0.561163089916127	-5.52382121613877
ZNF775	-0.344467908147274	3.98835424280393	-1.15590573837875	0.27401197995692	0.561163089916127	-6.04564903866457
COL17A1	-0.579997433641597	1.46433551737743	-1.15589384374773	0.274016628777722	0.561163089916127	-5.71363984247798
PARVG	-0.885227638711385	-1.00226826721058	-1.15585086341448	0.274033427450977	0.561163089916127	-5.45242421132136
APELA	-0.497001712126751	4.65725240529638	-1.15574670594839	0.274074140297398	0.561171570159988	-6.13274480306097
ZNF213	0.330705925071208	3.92676893215127	1.15571996499328	0.274084593512171	0.561171570159988	-6.03716510224101
ENSG00000213204	0.601338723418823	-2.66172322708584	1.15543511159664	0.274195964042093	0.56127184145365	-5.2936167193002
ENSG00000228157	-0.940435261888304	-2.63304762000104	-1.15540532767575	0.274207610863352	0.56127184145365	-5.29616212509421
RORC	-0.643627047988334	-0.723506385498387	-1.15537544777514	0.274219295607974	0.56127184145365	-5.48229885274415
GSS	-0.210315808677286	5.61611280647235	-1.15535412541653	0.274227634105292	0.56127184145365	-6.2241993563222
COPZ2	-0.795711707154728	-2.45986815857634	-1.15498111112707	0.274373540417757	0.561522319426394	-5.31192156148053
ARHGAP28	0.32757685881155	5.42166937245549	1.1547562527086	0.274461524352827	0.561566107084049	-6.20996163603758
NIFK-AS1	0.351967191915418	2.72974136305213	1.15474903355541	0.27446434947351	0.561566107084049	-5.86939474655848
POLR3H	-0.443364036233947	5.1038643305244	-1.15474603462813	0.274465523070995	0.561566107084049	-6.18178951767676
LINC01852	0.607669565616877	-0.476414415109701	1.1546508646985	0.274502768835136	0.561566159408518	-5.50918208899527
PRKCQ-AS1	-0.453412607377363	3.46423935458732	-1.15460490122261	0.27452075855377	0.561566159408518	-5.97220684045426
LRP11	-0.424264097702245	1.01084876464528	-1.15450574388198	0.274559571062343	0.561566159408518	-5.66505873370459
ZNF579	-0.469541152731064	3.67820532539544	-1.15450550502049	0.27455966456354	0.561566159408518	-6.00309471408909
GTF2B	0.318402035888226	4.00226735609734	1.1543983306011	0.274601620008921	0.561590211531989	-6.04925198638388
ENSG00000265417	1.02382969479301	-3.50881761421478	1.15427317168185	0.274650622207337	0.561590211531989	-5.22333721462964
INTS13	-0.258056685569794	6.346661346406	-1.15424086935045	0.274663270326871	0.561590211531989	-6.26846817198782
ENSG00000269514	-0.737287225767793	-3.14460207070696	-1.15419832333346	0.27467993010537	0.561590211531989	-5.25349124650749
CS	0.330110342388264	8.15383467848491	1.1541749723386	0.274689074011163	0.561590211531989	-6.33128208131297
PJA2	-0.188821345881817	6.98674432020472	-1.15402153861258	0.274749162352984	0.561664947141642	-6.29515750456897
ENSG00000271781	0.650632259236565	-1.53570187711744	1.1537406678812	0.274859184871128	0.56182333775407	-5.40026130474795
SLC1A1	-0.579934699301755	4.11792044212943	-1.15370356427484	0.274873721663983	0.56182333775407	-6.06591606276612
ENSG00000293287	-0.671421049531218	-2.16297744690502	-1.15361776795797	0.274907338050604	0.561843931945005	-5.34023077523251
RBPMS	0.36225390272477	7.69894223232298	1.15336850659656	0.275005021025461	0.561995447967692	-6.31929714277668
ENSG00000287262	0.832176141400285	-3.34583689091577	1.15321443425455	0.275065414042806	0.562070739465722	-5.2377528172994
CSTF1	0.291108100204776	6.17243661951663	1.15306107065391	0.275125539602173	0.56211655915228	-6.26107204429164
CRLS1	-0.808787982290387	0.114177496365981	-1.15302195244173	0.275140877387398	0.56211655915228	-5.5723183081002
C12orf57	0.370615518619567	5.84656681799959	1.15292525546268	0.2751787940056	0.56211655915228	-6.24247662581938
ELK4	0.39399541011315	4.54710035193379	1.15282975604053	0.275216245071194	0.56211655915228	-6.12277830085125
CDC25B	-0.269538966266018	5.73601206701422	-1.15281486409918	0.275222085457856	0.56211655915228	-6.23538331356833
ENSG00000233461	0.613189470844746	0.220105422801784	1.15276098547006	0.275243216627944	0.56211655915228	-5.58355066115826
TRAPPC2L	-0.250518040557109	5.44591920792099	-1.15273680271933	0.275252701504701	0.56211655915228	-6.21415503038426
EIF4EBP2	0.336442554297426	8.92469478333799	1.15255346213653	0.275324619085026	0.562169195608878	-6.35212543547568
SNORA50A	0.876670115111887	-3.55002576789433	1.15255100100936	0.275325584592625	0.562169195608878	-5.22175443216896
ENSG00000289065	0.485741765739882	-1.89670730196249	1.15248290064163	0.275352301627352	0.562175652946109	-5.36637893815396
NDUFB9P2	1.21844883443448	-3.81525569509617	1.15240038867937	0.275384675327105	0.562193657174922	-5.20075114384879
IL1R1	-0.450943103970312	-0.507922547253459	-1.15222849460776	0.275452127846029	0.562283265078786	-5.50844256227841
PCIF1	-0.267566195041036	5.53261829494618	-1.15196465388819	0.275555686173065	0.562438934017214	-6.2217220233232
ZNF691-DT	-0.427495918615333	1.28832712529314	-1.15191413557031	0.275575518263598	0.562438934017214	-5.6982691817745
ENSG00000260668	0.461424778027226	0.0629310252170005	1.15173880814372	0.275644355648902	0.562442639938115	-5.56839901929871
ENSG00000261101	0.670393815815554	-2.0029314799263	1.15168885768971	0.275663969762997	0.562442639938115	-5.35714030899763
RAP1B	0.388717260098358	5.68638855486169	1.1516232992895	0.275689714334958	0.562442639938115	-6.23328803696689
C16orf87	0.284817684431433	5.02357102010119	1.15147721596532	0.275747087578308	0.562442639938115	-6.17750498736982
RABEP1	0.218705716513167	6.27445329433239	1.15147418306932	0.275748278827203	0.562442639938115	-6.26802951227095
ENSG00000281100	0.813438491219852	-1.51797593267148	1.15147309176397	0.275748707466793	0.562442639938115	-5.40440777107429
ZNF18	-0.272264158390301	3.72668402672434	-1.15142993821613	0.275765657605333	0.562442639938115	-6.01340950669109
LINC02897	0.662047970737236	-0.735937101347661	1.15136899195214	0.275789597879951	0.562442639938115	-5.48524555776377
SDF4	-0.324067907620112	6.32684631450117	-1.15130293188407	0.275815548749514	0.562442639938115	-6.27079068826711
SMAD1-AS2	0.659228586124525	-1.21986386796899	1.15129695265403	0.275817897709738	0.562442639938115	-5.43471476519376
CCDC150	0.469781733411099	3.54538246414545	1.15124945781503	0.275836556771929	0.562442639938115	-5.98753707188702
VPS33B	0.354406649235278	2.18439144293037	1.1509008343351	0.275973549103969	0.562638592098443	-5.80368104505544
PARPBP	0.244140155138953	5.52940756887488	1.15088491820847	0.275979804654815	0.562638592098443	-6.22267157955427
TMEM223	-0.390818066693668	4.30212726402354	-1.15033342855835	0.276196626655062	0.563032532317762	-6.09440042445436
GRK4	0.377600362873051	1.12340238388102	1.15016925569846	0.276261198190781	0.563062512234149	-5.68199546328783
PEX11A	-0.395740079401679	1.93062934437443	-1.15012666488068	0.276277951705372	0.563062512234149	-5.77381954367383
SAMD8	0.235309894169064	5.38438668709438	1.1500741715791	0.276298601556316	0.563062512234149	-6.21208095077714
SH2B1	-0.503403040923559	4.8840640914027	-1.15005612742452	0.276305700058087	0.563062512234149	-6.16463446294974
ACAP3	-0.711765048448917	4.23971889471578	-1.14996988503982	0.276339629461906	0.563083576911749	-6.08652503326244
PCNT	0.399305252954074	5.46271353524036	1.14951069697296	0.276520337910315	0.563378905717359	-6.21903328972628
STT3A	0.290804277419772	7.71646839924772	1.14943016828251	0.276552038655981	0.563378905717359	-6.32418646375879
ENSG00000225616	1.11341487847196	-2.80296468645109	1.14942168023956	0.276555380206334	0.563378905717359	-5.28752937446345
CCDC3	-0.464597147223686	1.73658942499929	-1.14919938453957	0.276642904275744	0.563486869960131	-5.75202963124953
IFT80	0.296297129912254	4.25287972593087	1.14916715092778	0.276655597360071	0.563486869960131	-6.08915684824229
ENSG00000297832	-0.78854686313146	-3.12536136032683	-1.14885729245951	0.276777638022383	0.563610534787058	-5.26058071473539
LIN7A	0.345597792976136	4.42647584106486	1.14873628531684	0.276825309290571	0.563610534787058	-6.11220404590521
ANXA7	-0.224156349410382	6.31525364694397	-1.14872126784679	0.276831225934935	0.563610534787058	-6.27308550796056
LINC02966	-0.543564560616653	-2.06600268832111	-1.14868434007242	0.276845775312809	0.563610534787058	-5.35436556063105
CD9	0.41148851767931	7.5299197250494	1.14861180331404	0.276874356218162	0.563610534787058	-6.31940784643922
GYG1	-0.327806963081432	5.58737767871144	-1.14860900341443	0.27687545947993	0.563610534787058	-6.2295612612378
KIAA1671	-0.214569730210969	5.41621144292341	-1.14859338024919	0.276881615635742	0.563610534787058	-6.21633530700017
B3GAT3P1	-0.625736916797609	-0.962523276781336	-1.14844943940099	0.276938339176323	0.563642386717834	-5.4644273355568
COPS9	0.340566018690768	4.12934520340086	1.14838262665769	0.276964671530285	0.563642386717834	-6.0733442343636
PALM3	-0.393291459355452	4.92324056549504	-1.14834641287019	0.276978944991893	0.563642386717834	-6.17067334986431
GOLGA4	0.404120568852813	5.91767305675	1.14820926137659	0.277033007717903	0.563642386717834	-6.25211777588203
RGS10	-0.439984785718954	3.02849651160097	-1.14820792731219	0.277033533623471	0.563642386717834	-5.91733330579807
RPS6P25	0.803595678200543	0.130323350671725	1.14814768323399	0.27705728344056	0.563642386717834	-5.57920698009173
ENSG00000289182	0.600396894952412	-1.78766883972168	1.14811709910472	0.2770693411287	0.563642386717834	-5.38141973539726
ARMC10P1	-0.390856177704764	0.416156778086639	-1.14806438312715	0.277090125188636	0.563642386717834	-5.60893510202121
RRM2P3	0.749859523099811	-1.25956293260959	1.14799647657141	0.277116900163236	0.563642386717834	-5.43414191382591
GPR87	1.07075384795789	-3.15884025173541	1.1478925056086	0.277157898958572	0.563642386717834	-5.2587521252773
WDR54	-0.460234989184506	5.28639266213444	-1.14782954584406	0.277182728150763	0.563642386717834	-6.20620532656818
FXN	0.324344500859238	4.44579582437753	1.14779810136137	0.277195129439876	0.563642386717834	-6.1156735480793
RALB	-0.265230139142543	5.46296143836748	-1.14771513980526	0.277227850472272	0.563642386717834	-6.2210351397409
ENSG00000306530	-1.19244108107816	-3.30743722416232	-1.14763207862554	0.277260613832963	0.563642386717834	-5.24662193413992
GPR89B	0.312770308281022	2.38202167145311	1.14761219117532	0.277268458859269	0.563642386717834	-5.83193337863322
ENSG00000288766	-0.710308723382821	-1.10026150751799	-1.14759530809186	0.277275118886081	0.563642386717834	-5.45096468984038
GLE1	0.25333944337704	5.19159900438304	1.14734256745882	0.277374834833888	0.563775139575267	-6.19821361472489
ENSG00000289575	-1.1346050682068	-3.64978023368886	-1.14731004647917	0.277387667659629	0.563775139575267	-5.21904257025684
ENSG00000272505	0.646342059621015	-2.27190107095144	1.14711330950954	0.277465310283669	0.563884925114129	-5.33701857069849
NEPRO-AS1	0.607713331044228	-0.956849146739147	1.14701465869436	0.277504249434058	0.563916042677111	-5.46653964986044
AQR	0.222712766947126	7.17264036568169	1.146880481438	0.277557218352448	0.563975662388719	-6.30963885033241
TRH	0.910142563338142	-2.15924329568036	1.14665724568627	0.277645362305675	0.564017835864394	-5.34781143386311
ENSG00000290164	1.21753329116973	-3.24929494634567	1.14665145746118	0.277647648060567	0.564017835864394	-5.25245242784766
ENSG00000257327	-0.632981579268737	-0.678028674759313	-1.14657054275506	0.277679602610667	0.564017835864394	-5.49644202211877
CLN5	0.277936116883258	3.32236769816298	1.14654588977926	0.277689339050015	0.564017835864394	-5.96065134558717
ENSG00000258824	0.634667267157318	-1.68821988445843	1.14652868949286	0.277696132284849	0.564017835864394	-5.39276721436929
ENSG00000301105	-0.837803269686508	-4.36981995118795	-1.14635425728702	0.277765031461342	0.564109769051041	-5.1676340338626
NPPC	0.682764128742601	-1.58721115671424	1.14577283793884	0.277994783756779	0.564525097186749	-5.40350922494341
ENSG00000296294	-0.613704988776084	-0.985777229891525	-1.14571703380805	0.27801684301894	0.564525097186749	-5.46486450414361
SNORA3B	1.16866097897608	-2.95347061805609	1.1455022789666	0.278101747983363	0.564638872689172	-5.2786012318649
ENSG00000306812	1.15846942637181	-0.282258591501677	1.14545563800863	0.278120190528089	0.564638872689172	-5.53932205804558
TRAPPC3	0.305025447177789	5.61189765727375	1.14513268910497	0.278247915741607	0.564803539124405	-6.23519260423343
SMARCB1	-0.207195247803527	7.42875107630458	-1.14508350562119	0.278267371678636	0.564803539124405	-6.32010291496765
UGP2	-0.326678387074395	8.9599598280409	-1.14507106528193	0.278272292980428	0.564803539124405	-6.36121128215967
AURKB	-0.252931244006601	7.05759825504346	-1.14500866194181	0.278296980287413	0.564805614670042	-6.30767737134078
SGTA	-0.268147332294279	7.08582495085846	-1.14469840048865	0.278419747914193	0.565006727613981	-6.30902015339438
SOCS2-AS1	0.466307342763686	2.38349668721572	1.14459439716603	0.278460910576674	0.565042216692186	-5.83540010468117
COG7	0.222221916127958	4.14668382495532	1.14449906719119	0.278498644671294	0.565070743209195	-6.0799906281604
DDX12B	-0.62690290984344	2.6764737729024	-1.14435731437793	0.278554761546555	0.565079073767217	-5.87365208867763
MFSD12-AS1	-1.45075141995514	-3.02349934987542	-1.14430589374939	0.278575120051852	0.565079073767217	-5.27385343803259
TMEM109	0.359458658748729	5.48395210922444	1.144279819953	0.278585443660144	0.565079073767217	-6.22645472764525
ENSG00000310533	-1.10911591329432	-3.09978281377682	-1.14424948422614	0.278597455106165	0.565079073767217	-5.26744491653201
MALT1	0.259619192600392	4.85439431128515	1.14407160657634	0.278667894014714	0.565106861047712	-6.16800668487652
SPCS3	-0.242464200257973	6.9887956673944	-1.1440258213821	0.278686027044469	0.565106861047712	-6.30629137607053
AACSP1	-1.23769718931792	-1.92887560567299	-1.14393471144103	0.278722113495761	0.565106861047712	-5.3722177560794
TMEM233	0.832880857583421	-0.665805852931965	1.14388904865767	0.278740200800534	0.565106861047712	-5.50057235072841
AP2B1	0.17253629433195	8.80786419185599	1.14387650799683	0.278745168393108	0.565106861047712	-6.35903465495133
DNAJB13	-0.635639024418011	-2.52795110406638	-1.14385618494641	0.278753218884431	0.565106861047712	-5.31736558780703
ENSG00000305890	-0.808673320147581	-3.85383593010187	-1.14377167920555	0.27878669576992	0.565126725661685	-5.20642872539025
FTCDNL1	-0.393528075513896	-0.306921105717555	-1.14363534462827	0.278840711249011	0.565188217017422	-5.53868067395756
NHSL1-AS1	0.411234058418656	1.71876607642083	1.14327975957474	0.278981631890551	0.565334781457181	-5.75636781251327
ENSG00000253668	1.00815264867984	-3.85170156813488	1.14325712300014	0.278990604798748	0.565334781457181	-5.20711399648826
ZNF391	0.441623250479879	4.13137098402315	1.14322505403988	0.27900331699573	0.565334781457181	-6.07928366982977
KIF25	-1.13576254997321	-3.56789516767039	-1.14321382664975	0.279007767661798	0.565334781457181	-5.22978037841348
ENSG00000260669	-1.04197789036442	-2.13795391478973	-1.14304374699178	0.279075195988173	0.565350903774994	-5.35352069960523
DST-AS1	-0.875249889590324	-3.15251654896593	-1.14302924447849	0.279080946120998	0.565350903774994	-5.26424411055339
DYNC1I2	0.178860103916191	6.63174173373972	1.14301451302069	0.279086787123517	0.565350903774994	-6.29354466543329
ELAVL1	0.233916945064962	7.67334594834231	1.14281643696527	0.279165333302118	0.565421479894364	-6.33020103312462
ENSG00000250746	1.64719618461116	-2.95873254458285	1.14272544436465	0.279201421815483	0.565421479894364	-5.28099082935116
ZNF823	0.281327196300278	2.79651462572941	1.14261749104955	0.279244241844284	0.565421479894364	-5.89160518602635
PPP2R5CP	0.332604876221715	2.1238532682343	1.14257608065449	0.279260668774913	0.565421479894364	-5.80529665776686
ENSG00000272148	1.05795949671549	-3.49122355136164	1.14254624045123	0.279272506439653	0.565421479894364	-5.23668056368075
SKA1	0.252525473950043	5.18348736806922	1.14251777886665	0.279283797569873	0.565421479894364	-6.20277023939944
MSH5	0.703481737523725	1.19174078722165	1.14250854519181	0.279287460781609	0.565421479894364	-5.69774218044185
CLIC2	0.428931021241359	-0.752744035330038	1.14236679781612	0.279343699956049	0.565445933625349	-5.49299521987943
EDN2	0.702695667677404	-3.67793266978385	1.14234532985679	0.279352218278797	0.565445933625349	-5.22180430936739
ENSG00000225450	-1.25170474742008	-2.82903415187214	-1.14226340152555	0.27938472868573	0.565445933625349	-5.29261869530044
SLC37A1	-0.445020088429036	4.53591630531906	-1.14223926813623	0.279394305746166	0.565445933625349	-6.13306737612482
MIR4292	-1.0041218436742	-1.06779740932486	-1.14203537349333	0.279475229270207	0.565561751483129	-5.46018930645826
ENSG00000306206	-0.746935893290177	-4.68174827586102	-1.14138372192766	0.279733985593066	0.56603497213468	-5.15851358771606
ETAA1	-0.232655225985599	5.27804968076154	-1.14132702861416	0.279756506108882	0.56603497213468	-6.21264517385399
MICALL2	-0.681659305624566	2.4049151998535	-1.14107365991101	0.279857170132826	0.566190648432667	-5.8419317521593
ENSG00000279453	0.600472209171694	1.33431650230002	1.14074367312575	0.279988317211913	0.566407964646273	-5.7154323787849
SDHAF2	-0.325714957178563	2.92145800765612	-1.14050844783989	0.280081832459838	0.566516272913404	-5.91092314802368
ADAT1	0.226680889983665	4.8451036546228	1.14048959340036	0.280089329215157	0.566516272913404	-6.17091196994124
SLCO6A1	1.01915638794014	-1.88765506271534	1.14036212239168	0.280140017363204	0.566559568607963	-5.37986710924701
TBC1D14	-0.276296243929874	6.6476594230248	-1.14031637255822	0.28015821128383	0.566559568607963	-6.29717590649056
MIR635	-0.665063931737246	-1.65901787406843	-1.14020139982276	0.280203938040935	0.566583082079773	-5.40222908671689
ACTG2	0.684927566247172	1.60372522494348	1.14015402676602	0.280222780869472	0.566583082079773	-5.74649575632893
TSPAN11-AS1	-1.21390824668318	-3.02927007930502	-1.14005348399127	0.28026277545701	0.566583082079773	-5.27770062306814
MICA-AS1	-0.549086194402934	2.01505516663613	-1.14004840683835	0.280264795199807	0.566583082079773	-5.79484286795239
PSMB10	-0.859515408352262	-1.99126178286067	-1.13978285359564	0.280370450839717	0.566748670296564	-5.37061088537169
LINC01018	-0.571151171555712	0.326836602658149	-1.13969066220693	0.280407138302565	0.566774828071419	-5.60858619773976
TPT1-AS1	0.420733947875382	3.26180771980324	1.13940775535621	0.280519744218064	0.566871819639205	-5.95979589931999
ENSG00000235078	-0.452711192303918	-0.63808568990043	-1.13940664488498	0.280520186290572	0.566871819639205	-5.50824424429467
SNTA1	-0.643599798496794	3.34912420716988	-1.13939109187065	0.28052637791757	0.566871819639205	-5.97227722501381
ACAN	-0.532346695122139	1.33608109353353	-1.13924290924487	0.280585374514467	0.566902105490037	-5.71724137206935
ENSG00000297373	1.02574560936804	-3.01768467473098	1.13923412909837	0.28058887049708	0.566902105490037	-5.27952092300817
P3H2	0.39157956343429	6.22045721995867	1.13907873638061	0.280650748704939	0.566979128097239	-6.27897592387307
PCDHGA5	-0.873783185699061	-2.34462435582599	-1.13877159639023	0.280773084875401	0.567064210481764	-5.33902877780812
PEBP1P2	0.664782784548711	0.125064085040713	1.13876924647578	0.280774021024729	0.567064210481764	-5.58865751230524
LGALS4	-0.643766806438201	-3.11068405389737	-1.13871944830982	0.280793859988719	0.567064210481764	-5.27215497295352
ENSG00000304194	1.31679767192751	0.499043353900964	1.13870013962176	0.280801552622461	0.567064210481764	-5.62760249230974
TOR1A	0.238674201769809	5.61776793194724	1.13866275362412	0.280816447773828	0.567064210481764	-6.24273432445999
HEXD	-0.642195895376233	3.4319368179273	-1.13857119386464	0.280852929186897	0.567064210481764	-5.98508114196379
CPLX2	0.767624039681771	1.89807176860098	1.13844748360067	0.280902226652895	0.567064210481764	-5.78258621196641
ESCO2	0.283634113860229	4.73308575874597	1.13842057483581	0.280912950457803	0.567064210481764	-6.16068288911627
ENSG00000308697	-0.789193831321717	-3.22798878188926	-1.13840398184221	0.280919563333575	0.567064210481764	-5.26261577248825
GGA2	-0.272253129163069	7.0583668275099	-1.13837664738649	0.28093045731497	0.567064210481764	-6.31500641134455
PDP1	-0.26623439484996	4.40443663463586	-1.13812859976457	0.281029330287066	0.567185992691658	-6.12106666797246
EIF1B-AS1	-0.391017552042373	1.7135173876988	-1.13810605376057	0.281038318580951	0.567185992691658	-5.76133683245296
MAFF	-0.394363413400792	2.37773149451226	-1.13790823747175	0.281117190570578	0.567297200249258	-5.84191452608128
NAA35	0.20467537862832	5.80930275385006	1.13784018134134	0.281144329456399	0.567303999926943	-6.2567407445341
SMIM43	0.872925837518203	-0.986820039641185	1.13772481648533	0.281190338419969	0.567313819758128	-5.47315629114981
ZNF606	0.229034619674178	4.47411699148665	1.13770877717592	0.281196735565368	0.567313819758128	-6.13030632764171
RPS3AP21	0.954441407107157	0.774701489299495	1.13763519450892	0.281226084859214	0.567325075423451	-5.65783589002803
MIR124-1HG	0.663168549861117	3.6140356710758	1.13706888708927	0.281452043217596	0.567732920510004	-6.01294002560434
TUBB3	-0.540674405075209	0.371535642224879	-1.13695854869724	0.281496085076654	0.567773773559072	-5.61614321715963
RASA4	-0.922995432707161	-2.13840313292759	-1.136889280622	0.281523736362275	0.567781562933785	-5.35983755559577
SNRNP40	-0.250177335057	6.71558165243788	-1.13678522115688	0.281565280093548	0.567817367130774	-6.30381397537292
ZNF227	0.247273455413339	4.62499017841104	1.13668690990809	0.281604533360823	0.567848546613954	-6.14987816937285
MYF6	0.665636238122308	-2.09446946248436	1.13658595307602	0.281644847394188	0.567881725579296	-5.36423992028371
ENSG00000305499	-0.779583549486859	-4.04359362438039	-1.13652653952476	0.281668574492299	0.567881725579296	-5.1989402959387
PLXNA2	0.443110116413365	2.50747469652755	1.13639736034425	0.281720168231469	0.567908354933335	-5.86016224690878
MGMT	-0.363977482917381	3.76752001704406	-1.13637431801653	0.281729372037151	0.567908354933335	-6.03574554776953
MALRD1	-0.625578216082911	-2.28328541192452	-1.13628241908473	0.281766081598952	0.567934386413494	-5.34715903921374
RENBP	-0.602890769190399	3.25774659515863	-1.13599130490076	0.281882393516744	0.568080539651362	-5.96292994794016
AREL1	0.277898756190387	6.15088711014003	1.13598179027174	0.281886195629576	0.568080539651362	-6.27878103664576
LINC02523	-1.3826673026377	-0.839929812330503	-1.13586590403049	0.281932507803827	0.568125900350721	-5.49057709540339
ENSG00000299828	-0.807394919782038	-3.53689783992563	-1.13559117408874	0.282042323192642	0.568159486272436	-5.2399840859445
RPS2P7	0.962200611177357	1.04026283224706	1.13556076645703	0.282054479821571	0.568159486272436	-5.68862346508841
PUM2	0.183376073011724	7.23682410943076	1.13553855365878	0.282063360506966	0.568159486272436	-6.32429993736797
LRRC38	-0.64780485405097	-2.14710767059804	-1.13553079719395	0.282066461596069	0.568159486272436	-5.36043211351864
FRMPD2	-0.607416380433123	-2.20289101907669	-1.13552644665887	0.282068200982197	0.568159486272436	-5.35529846922958
GCSH	0.523551371361259	1.85350070355552	1.13539557404118	0.2821205290406	0.568177802084571	-5.78061416337078
ENSG00000296013	0.5297244262118	-0.959463428780822	1.13538462800787	0.282124906041993	0.568177802084571	-5.4784897490946
UBE2V1	-0.397635247972626	1.68957241834	-1.13517088447218	0.282210386514174	0.568301999235048	-5.76172456522957
SMAD4	-0.201546766053832	6.0666088795813	-1.13505320894334	0.282257456029888	0.568348831778059	-6.27520403932213
HNRNPAB	0.357556874912905	8.96275546648946	1.13482437635301	0.282349005263523	0.568389096401692	-6.37255348331601
LINGO3	-0.591645792747427	1.17217854728864	-1.13477646498848	0.282368176135605	0.568389096401692	-5.70388180657118
NPY2R	-0.575879220694391	-0.875410630569223	-1.13476844049293	0.282371387092751	0.568389096401692	-5.48798974246322
ENSG00000306748	-1.04547483450746	-3.7834350179171	-1.13469396423772	0.282401189711084	0.568389096401692	-5.22109394891482
SLC25A45	-0.646027351284536	-0.945477227536903	-1.13469265996837	0.28240171165289	0.568389096401692	-5.48069036250051
GLYATL1	-0.30567229289296	2.99243481316986	-1.13447206459319	0.282490000227761	0.568389096401692	-5.92726566741299
ACTC1	-0.50535186175707	3.47610110905248	-1.13446791200171	0.28249166242019	0.568389096401692	-5.99592990355889
ENSG00000272905	-0.913347549405326	-4.46404182969406	-1.13446760273867	0.282491786211793	0.568389096401692	-5.174836211954
C20orf203	-0.913347549405326	-4.46404182969406	-1.13446760273867	0.282491786211793	0.568389096401692	-5.174836211954
ENSG00000279489	0.510922152130783	-2.13605977040414	1.13436066017303	0.282534595649514	0.568427311334988	-5.36265937442552
LINS1	0.312534422585971	2.76189744277897	1.13419568469137	0.282600645774002	0.568511444861573	-5.89606980804767
ENSG00000262879	0.253468085753754	4.5964936360475	1.13409913336935	0.282639306968594	0.568511444861573	-6.1492853487105
GRHL3	0.774367595875556	0.747803239987192	1.13406027683882	0.282654867111538	0.568511444861573	-5.65878931453155
PSMA3	0.281390730468887	7.18897077219669	1.13398274063031	0.28268591857495	0.568511444861573	-6.32438861431032
PAIP1P1	0.988044108889063	-3.63433252502431	1.13395878250611	0.282695513789632	0.568511444861573	-5.23374166836425
HEATR4	-0.532055370374502	-2.66094385020933	-1.13380355499782	0.282757688474926	0.568588571137506	-5.31592050053499
ENSG00000230107	-1.16390864725697	-2.53181033813301	-1.1336680710755	0.282811963804519	0.568649801189759	-5.32747675095986
ENSG00000269292	-1.54067929532063	-3.16982612125473	-1.13333598091848	0.28294503466372	0.568813224811243	-5.27262757779958
ENSG00000305096	0.651990608761244	-1.12716290301065	1.13331747602213	0.282952451142652	0.568813224811243	-5.46313676241265
LTN1	0.206096963089721	5.68066214548065	1.13321144307691	0.282994950447459	0.568813224811243	-6.25314149734238
ENSG00000295510	-0.939547139579873	-0.441584238689866	-1.13312129712589	0.283031085967464	0.568813224811243	-5.53566232971254
FBXO4	0.521443905760117	0.27761911723485	1.13310964810727	0.283035755805874	0.568813224811243	-5.61046653596659
BORCS8	-0.299986230351228	2.55463816022276	-1.13309386970491	0.283042081120349	0.568813224811243	-5.86984494138333
MEOX2	1.06225434782751	-2.7288391995437	1.13304900026658	0.283060069178495	0.568813224811243	-5.31074056623396
AFG3L2	-0.314945298736248	7.00601376685855	-1.13293782536181	0.283104642793917	0.56884756605481	-6.31909868645001
ZNF286B	0.32195242545974	1.95843956657179	1.1328699745543	0.283131849068338	0.56884756605481	-5.79578430787415
LRRC23	-0.519184305181258	1.20843556410956	-1.13282804992215	0.283148660691798	0.56884756605481	-5.70995299384124
PDLIM4	-0.48648506620372	3.15200350790466	-1.13254581987246	0.283261854173723	0.568906347953852	-5.95169491684017
TMEM201	-0.358322611298409	5.06774065248189	-1.13253077299366	0.283267889988531	0.568906347953852	-6.20272579821487
KIF16B	0.26861884642755	3.8366862070528	1.13245110034295	0.283299851070385	0.568906347953852	-6.04994498984247
TSPAN5-DT	0.618478739760641	-0.919015914727296	1.13236679793121	0.283333672467006	0.568906347953852	-5.48591684563542
CCNC	-0.397539099614824	6.73199800093214	-1.13234700116123	0.283341615216116	0.568906347953852	-6.30933529643269
PKD2	0.193832098505465	5.59729149071907	1.13231942811573	0.283352678208334	0.568906347953852	-6.24818249986027
PGAM1P5	0.569768587524261	1.99940065018702	1.13231774371075	0.283353354044463	0.568906347953852	-5.80128715272885
GRAMD1A	-0.315041275602892	7.39525837400285	-1.13224823942665	0.283381242440429	0.568906347953852	-6.33313430581946
LINC01484	0.525440443558487	2.82482405043841	1.13222031259839	0.283392448603651	0.568906347953852	-5.90670155380423
RASSF6	-1.23776214405865	-2.99314667808953	-1.13176801082648	0.283573991302647	0.569165990924224	-5.28919928357236
ENSG00000268670	-1.3235261150625	-2.92908451383896	-1.13158614315631	0.283647014031197	0.569165990924224	-5.29487376192976
ENSG00000302040	1.44690263406166	-2.2628002580305	1.13158312521995	0.283648225903766	0.569165990924224	-5.35385648323601
DYNLT3	0.298945689314142	2.9840547274519	1.13151020326305	0.283677509431682	0.569165990924224	-5.92930859096274
ZHX3	0.310289899948247	3.50629513930932	1.13147754184303	0.283690626157946	0.569165990924224	-6.00350829725067
PRSS36	-0.726742322002657	-0.09469073073705	-1.13146876083601	0.283694152664142	0.569165990924224	-5.57361348476833
LINC03126	0.542165791924557	-0.250754158037035	1.13136570045244	0.283735544900453	0.569165990924224	-5.55750814411336
MAMDC4	-0.663406360447648	1.98825630911176	-1.13135865795923	0.283738373555343	0.569165990924224	-5.80097927265085
UPF3AP1	0.410125198478852	2.29136261573949	1.13131606139982	0.283755483158938	0.569165990924224	-5.83814226465315
FAM76A	-0.258345043153945	3.81461560892586	-1.13125662100837	0.283779359707241	0.569165990924224	-6.0480914529252
ZNF781	0.772284086293672	-0.831898490526727	1.13124480207566	0.283784107428595	0.569165990924224	-5.4962655708198
ISY1	-0.309065705175246	3.04155415422176	-1.13094796404797	0.283903368985249	0.569357340355511	-5.93790851309672
ZNF318	0.197940336669332	5.46586548708826	1.13071729362514	0.283996073151817	0.569480986396135	-6.2399108137861
RSL1D1	0.245179962410059	8.40777294224718	1.13067581665666	0.284012744839033	0.569480986396135	-6.36381733569008
PSENEN	-0.33613526611449	4.33401314125921	-1.13048823145108	0.284088154329874	0.569584339666591	-6.12034276843537
MAST3	-0.352081101046403	3.56862170629317	-1.13036298076384	0.284138513954338	0.569637455904929	-6.01366431789248
RPS18	-0.371418769427157	9.36604955378575	-1.13023493916568	0.284190002914657	0.569692827109367	-6.3863642361785
ESS2	-0.395714659890382	4.33714800978575	-1.13016307720908	0.284218903720537	0.569702912160751	-6.12110757024733
SSPOP	1.25954936692152	-0.720445926105691	1.12999907840659	0.284284867887043	0.569787280975818	-5.5094029095177
ENSG00000255310	-0.486243156005709	2.0396203010999	-1.129819725585	0.284357021459362	0.569884039900126	-5.80880707647868
PKD1P6-NPIPP1	-0.445686494549573	2.73193831604023	-1.12946678604274	0.284499050577825	0.570120809415697	-5.89715751607806
SLC66A1LP	-0.630812935373617	-1.00027257938352	-1.12905090332007	0.28466648008245	0.570381394084674	-5.48081284643093
STX11	-0.749468167196996	-3.46945463914217	-1.12902506954131	0.2846768829906	0.570381394084674	-5.25208555472331
HEIH	0.348496769009894	3.87691425730692	1.12869284993503	0.284810689662513	0.570453029113009	-6.0597018433761
LINC02777	-0.870764926797177	-2.41571768475054	-1.12853435355156	0.284874543834159	0.570453029113009	-5.34310939797491
TBC1D4	-0.242038577942973	5.70015075108647	-1.12851694378484	0.284881558467135	0.570453029113009	-6.25961102318818
ZNF749	-0.284420464144967	3.86947478559198	-1.12847171204456	0.284899783582395	0.570453029113009	-6.05889478477208
RPL10AP2	0.930448104448729	-0.24879619656363	1.12836937272937	0.284941022266038	0.570453029113009	-5.56086452245847
C4orf19	0.42183195441097	0.221625532233752	1.12831884392166	0.284961385085201	0.570453029113009	-5.60972781518025
TMEM43	0.221322764329556	5.93584375088829	1.12828974397594	0.284973112710438	0.570453029113009	-6.27506905698265
USO1	-0.347795839000869	7.96444691960855	-1.12828905381434	0.284973390858357	0.570453029113009	-6.35459142841863
PRKAR1B	-0.494438687760762	5.38611016251172	-1.12826367405912	0.284983619517126	0.570453029113009	-6.23615243374189
ST3GAL3	-0.609837574494216	0.371513941243208	-1.12825549124665	0.284986917450575	0.570453029113009	-5.62536933954859
INPP1	0.596145147815482	1.04165557031345	1.12822091790227	0.285000851935103	0.570453029113009	-5.69659913610117
DHX33	-0.322936131651404	6.65571431595929	-1.12815753509448	0.285026399200421	0.570453029113009	-6.31082407889278
PDZRN3	-0.36709417061928	3.55855590823353	-1.12800153772497	0.285089283566452	0.570453029113009	-6.01477137362638
ENSG00000296830	-0.970688471952002	-1.17498976918027	-1.12798084534799	0.285097625717479	0.570453029113009	-5.4637372415658
UVRAG	0.261464858483914	4.99955135024309	1.127924326322	0.285120412384128	0.570453029113009	-6.20088461883365
DLG1	0.235024613919813	6.33406645476951	1.12791498055326	0.28512418043633	0.570453029113009	-6.29682919686966
DDX51	-0.405901543581653	4.25225993034083	-1.12789441372244	0.285132472763121	0.570453029113009	-6.11232253444078
VSTM2B-DT	-0.536179579654818	-1.75919776395029	-1.12782670387541	0.285159773978085	0.570453029113009	-5.40523471789779
RIDA	0.264736474414042	4.83927699305549	1.12780937556933	0.28516676123297	0.570453029113009	-6.18411247757267
GOLT1B	-0.237889338387372	5.39854245430694	-1.12759031630607	0.285255103516085	0.570577646742528	-6.23791760722684
COMMD3	0.727200317244809	-0.769963955114941	1.12753635059261	0.285276870095889	0.570577646742528	-5.50672425311083
MCTP2	-0.86660390921184	1.42912201853263	-1.12721249913432	0.285407519804699	0.570791124114191	-5.74054265041471
YTHDC1	0.215972744038322	7.10537154776594	1.12652644629787	0.28568444439258	0.571234094435705	-6.32963055154207
TMA7B	1.11639614006881	-3.06548085675949	1.12643640339519	0.285720805647408	0.571234094435705	-5.28842384554844
ENSG00000285407	0.506459957195512	-0.116878939011659	1.12624585000983	0.285797767067492	0.571234094435705	-5.5768134530747
NMD3	-0.207650629182614	6.04039830905916	-1.12624045487673	0.285799946309042	0.571234094435705	-6.28336219863722
ENSG00000266998	-0.821569927029701	-3.34306535872551	-1.12621506346114	0.28581020276866	0.571234094435705	-5.26532737558753
RUFY3	0.237356372959797	5.59588995658967	1.12621260447179	0.285811196053622	0.571234094435705	-6.25473663315571
PLEKHA3P1	0.760546970903758	-2.64113647324694	1.12618970867226	0.28582044471933	0.571234094435705	-5.32541693547885
ENSG00000255367	0.529847810757598	0.681785361939294	1.12618960478008	0.285820486686688	0.571234094435705	-5.66014630598062
INTS15	-0.286338928204212	4.28520307677114	-1.12594177032886	0.285920613329435	0.571295386995172	-6.11881788022413
LIG4	0.265833164610131	3.27998538777366	1.12594097536451	0.285920934543836	0.571295386995172	-5.97697768534009
RHBDD2	0.380108088599945	5.94878880330249	1.12593595109188	0.285922964664907	0.571295386995172	-6.27840888880052
APBB1	-0.460736233732671	5.30107617517109	-1.12573757830394	0.28600312867025	0.571407724089474	-6.23166066449788
TRIM58	0.599419951590128	0.762508145404853	1.12557948314923	0.286067028688782	0.571451299672575	-5.66935827120785
KRTDAP	-0.900583416129808	-1.65797552445418	-1.12556514237099	0.286072825595506	0.571451299672575	-5.41748758242488
DCTN2	-0.208011690410423	6.94068144214574	-1.12528866777445	0.286184601515029	0.571626737330253	-6.32504848068448
PRPF31-AS1	0.626808948769393	-1.61924572366947	1.1251908491152	0.28622415675896	0.571643207016291	-5.42170114847416
PTMA	0.365086202709451	10.9985660741994	1.1251498191407	0.286240749447006	0.571643207016291	-6.42151361165487
AKR1E2	0.581024374898624	1.23192697183584	1.12489344128508	0.286344446637912	0.571752882413883	-5.72100099551022
BMP2K	0.324713919405185	4.89696004464648	1.12485492485698	0.286360027908075	0.571752882413883	-6.19359569781359
PSMC3	-0.309574758234439	7.17115915346954	-1.12483636828713	0.286367534938432	0.571752882413883	-6.33376392658718
ENSG00000298094	0.529131242277132	-0.20621211644722	1.12476383273049	0.286396880549388	0.571763642666017	-5.56908781353986
RSL24D1P2	-0.676400411264911	-3.22822177531543	-1.12467676628087	0.286432107992678	0.571786142644801	-5.27645232377319
COMMD9	0.282751560053947	5.06294605300859	1.12416361196025	0.286639800810001	0.572152891689578	-6.2113576458902
TPM3P5	0.336320550991659	3.31504680642989	1.12404695214788	0.286687033750519	0.572199317153675	-5.98402928941013
FHIP1B	-0.300290600075355	4.39931979496577	-1.12395994843195	0.286722263542839	0.572221779745542	-6.13583715341123
PAM16	-0.717190611943351	0.713643417839236	-1.12389748464297	0.286747558634043	0.572224413203905	-5.66594911180231
SGMS1-AS1	0.5332993512965	1.1395841435787	1.12366973513526	0.28683980187961	0.572360634684445	-5.71213222219824
ENSG00000258232	0.602653259464834	-2.57360764183776	1.12331722421257	0.286982621558428	0.572597745254556	-5.33430869742507
STAT6	0.217633015552453	6.27393636771757	1.12321107022712	0.287025640637727	0.572631344241241	-6.29900881222419
ENSG00000235121	-1.08005497537699	-3.24251977744992	-1.12315726707332	0.287047446369556	0.572631344241241	-5.27677922153446
ENSG00000288820	-0.670459153788474	-1.01671732710719	-1.12307074834856	0.28708251400529	0.572653436002028	-5.48531023573159
ZNF157	-0.528226789381567	0.27178580815997	-1.12291243070229	0.287146691690927	0.572733586042734	-5.6206300670988
RSPH3	0.394746013760225	2.61123033616376	1.1228172119508	0.287185296163878	0.5727627194404	-5.88829101338514
OLFML2B	-0.42190964425462	2.88015761834248	-1.12271376485171	0.287227241221945	0.572798509880028	-5.92447599383832
RDH5	-1.59966249648198	-2.42970040396004	-1.12257986599281	0.287281540731942	0.572817907157281	-5.34791678838825
PRICKLE3	-0.342455381218481	3.51770780117931	-1.122571413446	0.287284968729738	0.572817907157281	-6.01476443329803
EIF3I	-0.216890745358422	8.0014975960491	-1.1223619812049	0.287369915798485	0.572939418625214	-6.3620842727067
ENSG00000307674	-0.615090900658036	-3.1575263144691	-1.12221730413697	0.287428609149826	0.573008571214409	-5.28487113970066
PKIG	-0.305167948612599	4.56287534603115	-1.12210292475633	0.287475017769683	0.573053223846073	-6.1582877860832
GJA4	-0.978624712401071	0.790866284909348	-1.12189809723327	0.287558139628868	0.573171047145665	-5.67627282243883
ENSG00000264701	1.15123369009493	-3.64055181816357	1.12159050611115	0.287682999462647	0.573372037425887	-5.24560255328763
L3MBTL4	-0.45865633695752	0.661892025996797	-1.12151441463441	0.287713893617467	0.573385729706754	-5.66298125318736
FXYD7	-0.330744131414312	1.95791600870183	-1.12137216421746	0.287771656097762	0.573452961182708	-5.80802328210333
ARHGAP11B	0.500179645824352	-0.194364592067299	1.12129032775028	0.28780489085425	0.573470528655285	-5.5739600355612
CDC25A	-0.305913790303822	6.45549739527754	-1.121207045488	0.287838715826201	0.573470528655285	-6.30976742967803
ENSG00000287560	1.29737951720535	0.252075429480451	1.12117297319335	0.287852555130109	0.573470528655285	-5.62041325724302
ENSG00000280433	0.359188997624484	1.43443504626957	1.12087847317532	0.287972195126181	0.573643815375866	-5.74787805941796
HINT3	0.241354401858931	4.51779402144214	1.12081104833094	0.287999591756153	0.573643815375866	-6.15416779741523
RPL14P3	1.48857430912123	-3.32917246474276	1.12078139555233	0.288011641163489	0.573643815375866	-5.27192553352223
ENSG00000289960	-0.660129532704301	-1.29414518894715	-1.12071168420122	0.288039969914949	0.57365236665221	-5.45903206096745
FOXN3-AS1	-0.499150777741379	-0.226113217265925	-1.120617332335	0.288078315331928	0.573680863748613	-5.571359541506
TRPM5	-1.0267646500306	-3.78138296381524	-1.12036298595873	0.288181703653357	0.573838872108682	-5.23554007488697
GRAMD2B	-0.485332114424549	3.46306497258001	-1.12000913328416	0.288325587846641	0.574076763949038	-6.00966897577501
ENSG00000298621	-2.43190907074187	-0.818146417855366	-1.11995088261545	0.288349279181341	0.574076763949038	-5.50948825242048
RBM7	-0.276012118570712	5.47568613312972	-1.11974315343001	0.288433777755709	0.574197095145176	-6.25260132710812
RPL30-AS1	0.952489408503889	-2.48172429476545	1.11965657210486	0.288469002355894	0.574219322704597	-5.34621018606015
LINC01285	0.621119946675058	-0.832931722274062	1.11931440464461	0.28860824186553	0.574448578817831	-5.50858336927566
CNOT7	0.337205669234577	7.46712786963652	1.11915689015209	0.288672357371758	0.574528281637071	-6.34969265933579
ENSG00000248774	-0.495622550078197	3.1267774206447	-1.11886113398613	0.288792773343358	0.574692457592268	-5.96288912471791
RIIAD1	-0.779304431996005	-4.12547869039886	-1.11883600656496	0.288803005671499	0.574692457592268	-5.21018800484129
LRFN2	-0.583696217981268	0.650263033598178	-1.11864481435797	0.288880871718497	0.574724425949426	-5.66477534231066
WBP1L	-0.240960055701668	5.35057041133113	-1.11863275472546	0.288885783740538	0.574724425949426	-6.2435994899108
ENSG00000226310	0.778179597735657	-0.326715827221377	1.11861918289713	0.288891311774218	0.574724425949426	-5.56293233489644
ABCG1	-0.398031990436297	2.45570112943092	-1.11818586625742	0.28906785207319	0.575024775902997	-5.87303755316497
KMT5A	-0.389853971474854	4.53818951739316	-1.11813036162588	0.289090471616041	0.575024775902997	-6.15957296160704
FKBP1B	0.595661819774514	4.25896907372462	1.1177951923598	0.289227090763599	0.575228530773723	-6.12413433888425
ENSG00000289609	-0.55870061347212	0.324957090733312	-1.117760803146	0.289241111066135	0.575228530773723	-5.63157303473448
ENSG00000279197	-0.680024037534689	-2.38339493270008	-1.11769856022154	0.28926648852148	0.575231068283799	-5.35705027022959
KLHDC1	0.910937656428669	-2.69922460045213	1.11742542377266	0.289377871126058	0.575381758714289	-5.32917508569238
MED30	-0.291343339360657	3.14001623574954	-1.11739450430619	0.289390481904149	0.575381758714289	-5.96632731145764
ENSG00000284664	0.769407667230229	-2.5410073946424	1.11716920207286	0.289482386284218	0.575514320616335	-5.34343483193928
DSG3	-1.22592170131107	-3.52544300737406	-1.1170843524274	0.289517003677317	0.575514320616335	-5.25943254042716
ENSG00000299448	1.06303736553533	-3.61256361280484	1.11691798487021	0.289584888484478	0.575514320616335	-5.25250955391704
RTKN	-0.284443428724589	5.49424478511683	-1.11685694604277	0.289609797932052	0.575514320616335	-6.25716847847949
AIDA	0.205909176584483	6.38752817174755	1.11673448300552	0.289659779109594	0.575514320616335	-6.31149129565645
RPS2P17	0.945457076088027	-1.23145348844833	1.11672747549962	0.289662639304636	0.575514320616335	-5.46956474756494
YWHAE	0.311654254846847	10.2971261579887	1.11670846420315	0.289670399096736	0.575514320616335	-6.41904421541831
CA2	-0.43878030631974	2.61050146011308	-1.11669911637193	0.289674214636136	0.575514320616335	-5.89473683015886
FRG2KP	-1.02655601705575	-3.34705939025548	-1.11667312652192	0.289684823215693	0.575514320616335	-5.27454243421202
TIPIN	-0.283764556007569	4.05650179853285	-1.11664013950757	0.289698288343095	0.575514320616335	-6.0978658364391
LINC02972	0.335507852853004	7.55642307291813	1.11654138268493	0.289738603265026	0.57554650388068	-6.35533306019213
MIR570	0.593539543343967	-1.16440499116751	1.11637086342923	0.289808223586683	0.575594965194014	-5.47684635424321
CFAP54	0.753753952016216	-2.12040764610897	1.11632261939756	0.289827923217413	0.575594965194014	-5.38257226592679
DAPK1	-0.293782930437392	6.88859976155843	-1.11630443269656	0.289835349717252	0.575594965194014	-6.3328564924054
RS1	0.722111062558322	-2.84017752892269	1.1162284231881	0.28986638963177	0.575608712982898	-5.31806715907129
MRPS30-DT	0.562473798676603	1.37673190760069	1.1159728435603	0.289970779289381	0.575689619579808	-5.74658104982686
UNC5D	0.317268218704826	6.3407210028126	1.11596486703139	0.289974037714063	0.575689619579808	-6.31011568369758
TIMM23B	-0.361935442116358	1.75450166268627	-1.11593430474379	0.28998652271965	0.575689619579808	-5.78978520380757
PURA	0.474594873574635	3.05079279858056	1.11589246412909	0.290003615712407	0.575689619579808	-5.95538134035255
IPMK	0.338838227563936	4.8458654499688	1.11552850238288	0.290152336616551	0.575931456967475	-6.19813524951718
KRBOX4	0.264404006826005	2.95761909944447	1.11547622467813	0.290173703022327	0.575931456967475	-5.94288695903733
HSD11B1-AS1	-1.08944323204898	-2.38710938664267	-1.11530292452912	0.290244541198631	0.575997730000206	-5.35914132048554
SCAMP4	-0.40914206225183	5.49979869017511	-1.11521914361766	0.290278792293176	0.575997730000206	-6.25936994387828
PNMA2	0.532289089199538	4.85391602500345	1.11515522691537	0.290304924659727	0.575997730000206	-6.1994285228406
ZFPM2	0.659299004778228	-1.19784167301823	1.11512347449744	0.290317907324948	0.575997730000206	-5.47467718776023
XRCC6	-0.22650189151952	9.74515944668385	-1.11497584472524	0.290378274870633	0.575997730000206	-6.41064585276398
ENSG00000293060	2.15124275816595	0.0404574992345624	1.11492375988398	0.290399575294407	0.575997730000206	-5.60500542133046
ENSG00000259397	1.30633866396144	-3.0435560585991	1.1149229007104	0.290399926669003	0.575997730000206	-5.30186361773887
YKT6	-0.238108188638764	6.88316636663573	-1.11492232337506	0.290400162780931	0.575997730000206	-6.33414669334774
COL8A1	-1.22266233191354	-1.56475071003367	-1.11459528198752	0.290533936294848	0.576212178333421	-5.43800178869403
HELQ	0.251105065605447	3.36329374091817	1.11436841780901	0.290626761213425	0.576212178333421	-6.00131822837411
ENSG00000235494	-0.711972830789434	-4.08387918875647	-1.11430409348166	0.290653084667885	0.576212178333421	-5.21783805301893
ENSG00000290723	-0.489927777944544	-1.0712810809524	-1.11421633705572	0.290689000222613	0.576212178333421	-5.48877266413189
RPS2	-0.373211658674627	10.7210846136271	-1.11417763036081	0.290704842575911	0.576212178333421	-6.42900008576451
POLG2	-0.314366597792641	3.91498732495851	-1.11417465096662	0.290706062046819	0.576212178333421	-6.08072691056269
TTLL1	0.38563236503375	4.07692637489599	1.11414254017603	0.290719205297386	0.576212178333421	-6.10335526784609
GRM4	-0.380801636194466	5.3487767306702	-1.11412844463804	0.290724974879904	0.576212178333421	-6.24831190371004
RPL4P5	0.845964156978317	2.14430555336481	1.11407896064171	0.29074523036072	0.576212178333421	-5.83835456726427
PTGER2	-0.435703129919995	0.665896058719339	-1.11406802391814	0.290749707280739	0.576212178333421	-5.67124156183645
RAMP2-AS1	0.554131707972527	1.19087728472355	1.11400638613445	0.290774939549531	0.576214337614469	-5.72799064113419
ENSG00000280129	-0.676069998533435	-2.05304986523726	-1.1136777321978	0.290909507163416	0.576305466197896	-5.3915754849475
OGT	0.283899440343343	7.01827943843453	1.11367119214782	0.29091218548145	0.576305466197896	-6.34049012054948
ADGRF5	1.03292373610393	-3.05498009007637	1.11362437983255	0.290931356881592	0.576305466197896	-5.30218766912326
ENSG00000212371	0.903726638988978	-4.02376303495748	1.11360992546059	0.29093727668715	0.576305466197896	-5.22316638222929
ZDHHC23	-0.419794743536746	3.53378265667102	-1.11355752048836	0.290958739989333	0.576305466197896	-6.02675160340763
SYNM	0.610447614897343	2.40898494502068	1.11354027118175	0.29096580498951	0.576305466197896	-5.87200278294333
BRI3BP	-0.383186673330504	4.48119052880018	-1.11332643173149	0.291053400746723	0.576431127343958	-6.1576303920791
DNAJC10	-0.185666645226449	7.36292459800493	-1.11305689658735	0.291163840406131	0.576602006220804	-6.35294994510187
CDH8	0.458532842558805	2.6157133982528	1.11295722128761	0.291204689703307	0.576602995885418	-5.89940942789617
CLK3	0.294251050783693	5.42871185310675	1.11290727284127	0.291225161427894	0.576602995885418	-6.25627502143254
DIRAS2	1.00328429652947	-3.2581627601997	1.11287883550339	0.291236817170098	0.576602995885418	-5.28574422700553
ENSG00000270720	1.00258158103871	-3.50473043801508	1.11274393081202	0.291292116096427	0.576664642905891	-5.26543642878384
TMEM160	-1.03125572525826	2.59797843941253	-1.11263853882673	0.291335323094002	0.576702343558476	-5.89741753039925
ENSG00000308219	0.72280974696349	-2.72052264664569	1.11252300160047	0.291382694983758	0.576748281736386	-5.33224040360524
NOP56	-0.260845069172331	7.95081297676789	-1.11219149226358	0.291518651583054	0.576969537883137	-6.37168080394648
ENSG00000251550	0.900781036601103	-1.75308750528274	1.11213106002861	0.291543440975825	0.576970755038973	-5.42191985448036
ENSG00000298968	-0.780668103393889	-2.56623914167256	-1.11179074680637	0.291683068433602	0.577185229390205	-5.34661522514807
PKNOX1	-0.319776132780134	4.43150176586508	-1.1117490453848	0.291700181711344	0.577185229390205	-6.15305881188697
ENSG00000271797	0.737121248197859	-2.71358943953357	1.11164023165147	0.291744839954875	0.577190338572338	-5.3337361815859
HNRNPR	0.208932319927923	8.32786435355927	1.11158185419048	0.291768800828991	0.577190338572338	-6.38251056008327
PLK4	0.264127314381624	5.92617192133485	1.1115659847667	0.291775314655183	0.577190338572338	-6.29260900218988
EXOC3	-0.30379642564895	5.11615843654023	-1.11147992772936	0.291810639925631	0.57721237718424	-6.23018944449605
C3orf52	-0.279787477285801	3.56450592145771	-1.11113973830645	0.291950315566075	0.577432908916527	-6.03375790552246
TCP1P3	1.21104267678612	-2.22834654030555	1.1110584241409	0.29198370935493	0.577432908916527	-5.37792450837819
VTCN1	0.77066323251381	-1.24566796240027	1.11103163556718	0.291994711430577	0.577432908916527	-5.47396691192758
BMP2	-0.735082156887554	1.7011375649526	-1.11068691633087	0.292136316351539	0.577645238867261	-5.78913177625705
ENSG00000277459	-0.719840108634162	-0.707549600156524	-1.11060097174621	0.292171629228317	0.577645238867261	-5.53093394416845
LGALS9	-0.567992411696497	-0.868389014837205	-1.11059352307704	0.29217468989004	0.577645238867261	-5.51385301605875
CCS	-0.649465802499817	3.95310085298137	-1.11050824310861	0.292209733237452	0.577666669690903	-6.09004048393825
CTAGE3P	0.956895231213502	-3.04099493968174	1.11036714849702	0.292267719145028	0.57773344813934	-5.30663686392957
TAC3	0.593733213363243	3.74682144220879	1.11016370187616	0.292351345640184	0.577749695279883	-6.06105269329078
BRWD1-AS1	-0.62767886744723	-2.00472439457273	-1.11015868251517	0.29235340907656	0.577749695279883	-5.39970298056973
ENSG00000297575	-0.857623229710614	-2.72906661500867	-1.110134067428	0.29236352838954	0.577749695279883	-5.33388909018261
SEMA7A	-0.281579119527609	4.7429492024087	-1.11006760809979	0.292390851309284	0.577749695279883	-6.19254462150233
PPP1R42	-0.872381960027814	-4.22491401861469	-1.11005271707147	0.292396973615691	0.577749695279883	-5.21169728211419
DNAJB9	0.263345373167511	3.57495137167793	1.10988080878864	0.292467659270775	0.577797988489368	-6.03660852555704
GPATCH1	0.31496385707971	3.64462866222731	1.10987396147488	0.292470475039137	0.577797988489368	-6.04669817943698
ENSG00000299114	-0.783905725171325	-3.92010905671954	-1.10978207113411	0.292508264428344	0.577797988489368	-5.23501871420551
PER2	-0.364021504280727	2.9058330289973	-1.10975778905418	0.292518250928774	0.577797988489368	-5.94184186696313
PCOTH	0.636618946116462	-0.00137995538544068	1.10964716907254	0.292563748988249	0.577831866690291	-5.60616287512835
TIAM2	-0.362667057829943	3.46874726016524	-1.10959836656375	0.292583823226722	0.577831866690291	-6.0216419673739
SNORD4A	-1.10784873515797	-2.02892288599973	-1.10944950658252	0.292645061305183	0.577862783965275	-5.39813837911731
TMUB1	-0.392464257083988	4.8079022466467	-1.10944260262997	0.292647901696413	0.577862783965275	-6.20048500265455
RIBC1	0.393625120933179	0.654933966560151	1.10930074137064	0.292706270298548	0.577930224455283	-5.67507630433951
CDK3	-1.29453480074383	-1.85144728767657	-1.10881914193286	0.29290449081518	0.57826768055442	-5.41573053569447
ENSG00000273056	0.566224260821618	-2.3171408266397	1.10876777162851	0.292925640336152	0.57826768055442	-5.37209480670144
KLF5	-0.785315381744451	1.04032560700042	-1.10864861218646	0.292974703674253	0.578316702720487	-5.71712588517387
ENSG00000293468	0.615831744596662	-2.61350720814175	1.10854417139441	0.293017711901476	0.578353765295445	-5.34567960087459
LPP	0.362844733516898	5.40104516283165	1.10844601318701	0.293058137438514	0.578385724488961	-6.25882027037513
CRYZL1	0.269675348460613	3.96629947628624	1.10837908708365	0.293085702798054	0.578392299378299	-6.09418522244139
DPP4-DT	0.897026970260311	-3.39044497665988	1.10809180619206	0.293204050113048	0.578578012736513	-5.27947006295516
PLRG1	0.225233266729199	6.57547879479647	1.10763260282043	0.293393298757755	0.578903593043266	-6.3296753220624
NHP2P2	0.827973780562227	-4.12547869039886	1.10756376044947	0.293421678472493	0.578911730189551	-5.22124188605321
MIPOL1	-0.263879870334278	4.18566395769533	-1.10722704946945	0.293560515430119	0.578991631283189	-6.12568452470681
SZRD1	-0.325233168199218	7.23772676930971	-1.10721068415403	0.293567264678472	0.578991631283189	-6.35509113574519
ABHD1	0.794133681864979	-0.628898190694042	1.10720301690212	0.293570426784479	0.578991631283189	-5.54280009131138
SH2B2	-0.393689440764711	3.24786687630351	-1.10712901127883	0.293600949323852	0.578991631283189	-5.99254273002573
ENSG00000294531	0.584048098894707	0.443558535396714	1.10712581929171	0.293602265867511	0.578991631283189	-5.6550785832882
CARINH	0.624006662200185	-1.51067205639272	1.10708862155089	0.293617608511862	0.578991631283189	-5.45107831406489
ENSG00000282418	-1.06987813507105	-1.86827843291144	-1.10699429961697	0.293656515476019	0.578991631283189	-5.4159582134198
ENSG00000286885	-0.951479541449485	-2.85201255702053	-1.10688798161632	0.293700375486343	0.578991631283189	-5.32640042812297
ZBTB48	-0.492914057560338	3.54952197031871	-1.1068474396474	0.293717101843656	0.578991631283189	-6.03618150988848
TAL1	0.805548786740366	1.85097613085438	1.1067742578516	0.293747296242814	0.578991631283189	-5.81078886305848
ENSG00000305359	-0.613994285561948	-1.36438033176783	-1.10671041182258	0.29377364071525	0.578991631283189	-5.46624038219606
PATZ1	-0.285704946309515	6.53692407282816	-1.10670925843261	0.293774116649653	0.578991631283189	-6.32901273875012
PREB	-0.338876321670863	6.20868908260149	-1.10670095132064	0.293777544510807	0.578991631283189	-6.31354550659966
TCF19	-0.300459750082838	4.88447086951709	-1.10639117117172	0.293905394789792	0.579195777181733	-6.21216406992316
PRPH	0.443271930451542	0.854799329986987	1.10628655456557	0.293948581123465	0.579233056941359	-5.69952377944937
GPBP1	0.178699113611059	7.2663163395194	1.10609509347885	0.294027630047482	0.579340992845971	-6.35725097006664
MATR3P3	1.5824632800894	-2.87020717417652	1.10588784428103	0.294113215942517	0.579461790069346	-5.32581877452409
ARL1	0.211669131492461	6.11526126028374	1.10564619468463	0.294213032160685	0.579610601616102	-6.30976304148832
ENSG00000307961	0.434499688656939	0.257769486752845	1.10532686404161	0.294344975569105	0.579822675132704	-5.63756722479996
AP3S1	0.342718003278285	6.20762296556318	1.10505604379514	0.294456910886927	0.579897569686178	-6.31525555592364
ENSG00000309395	1.17867843200979	-3.57320285227954	1.10505036609073	0.29445925794511	0.579897569686178	-5.26744565412605
CFAP221	0.705096411768363	-0.199985930541514	1.10500551832245	0.294477797692099	0.579897569686178	-5.59031853507804
G2E3P1	0.919925774457944	-3.71170152971886	1.10499974668899	0.294480183709577	0.579897569686178	-5.25628117811496
CHERP	-0.306834659593239	6.49341161844031	-1.10490079661238	0.294521092407369	0.579930279060034	-6.32906574184751
SMNDC1	-0.212523406445602	5.76351334622872	-1.10477357602558	0.294573695361221	0.579986007852356	-6.28959304619609
SNORA66	1.11321627388189	-2.84419736997234	1.10469428126201	0.294606485694802	0.580002721609985	-5.32926956843549
TIMP4	0.762244119137791	3.98379553028277	1.10459790598994	0.294646343031188	0.580033344533601	-6.10069950209421
ENSG00000280399	0.664554697308257	-1.43531926259238	1.10447199034262	0.294698423471887	0.58005070405224	-5.46133931741212
GEMIN2	-0.218629244075504	4.62486473349789	-1.10442753423933	0.294716812823519	0.58005070405224	-6.18473308406462
SELENBP1	0.579234833342714	4.93499617014013	1.1044003169777	0.294728071732581	0.58005070405224	-6.21962172925297
ENSG00000269983	-0.525909100274901	-0.20260534121146	-1.10425165596256	0.294789573889324	0.580123908312706	-5.59082503200934
NRBF2	-0.211831330652895	5.24771165896471	-1.10388114971309	0.294942898153117	0.580377784666539	-6.25056614202546
CCNB1IP1	-0.290618072727638	7.32331212547484	-1.10363403559622	0.295045194029708	0.58053121565598	-6.36179072538854
TNS2	-0.484251975147281	2.47805098681316	-1.10345316275227	0.295120085878895	0.580630705603131	-5.89156016720516
MTF1	-0.296559113143116	3.82890869791691	-1.10328564608402	0.295189460576724	0.580677839292578	-6.08020003765142
RNF121	-0.308536261570197	4.77114218395476	-1.10327781931806	0.295192702230563	0.580677839292578	-6.20297234497236
CERS3	-0.519555397952984	-0.969677591116059	-1.1032150076938	0.295218718253994	0.580681156137142	-5.51072640722282
ENSG00000234203	-0.743219658573139	-2.49218236561931	-1.1029460570095	0.295330135267074	0.580852438271055	-5.36211440213418
ENSG00000303381	-0.862531969450487	-4.06114388657775	-1.102783926456	0.29539731604309	0.580925078856427	-5.23086672871371
H2AC8	0.519943145479129	-0.175995966358006	1.10273944622818	0.295415749029222	0.580925078856427	-5.59516575816823
IL17RB	-0.338760604871619	2.34802301152065	-1.10235990147498	0.295573071695889	0.581182918582339	-5.87611316629642
ZNF502	0.291738849973582	3.07644359508149	1.1023056385768	0.295595569140278	0.581182918582339	-5.97344141588764
KATNIP	-0.349835007495297	4.13407721251869	-1.10221523176187	0.29563305481633	0.581208741293357	-6.12396742260092
SPATA31C2	-1.31694053230681	-2.81297909000813	-1.10212374079364	0.295670993750032	0.581235450772754	-5.33455261191946
RPL5P30	0.860030099213635	-4.00987929177735	1.1019231042584	0.295754205664923	0.581340589831725	-5.23568772755794
SCAI	-0.238855547687035	4.23301889848205	-1.10187733053088	0.295773192371334	0.581340589831725	-6.13773721936497
C8orf34	-0.729378302007893	0.242111473285307	-1.10168094144824	0.295854664216595	0.581403985927392	-5.63972511825137
AK5	-0.373872804190151	2.14721907197527	-1.10166973060396	0.295859315547835	0.581403985927392	-5.85182992871903
RTL8A	0.467050445297588	5.37647459729264	1.10159652782654	0.295889688452288	0.581403985927392	-6.26410576210899
ADAM11	-0.663866774675439	2.93588421831205	-1.10154620193345	0.295910570796648	0.581403985927392	-5.9546899959256
SPTSSA	0.41416633737528	5.95235713002344	1.10150601298808	0.295927247707963	0.581403985927392	-6.30497840708135
C10orf88	-0.306237520397215	3.55243258061961	-1.1013463097736	0.295993525737279	0.581454888826488	-6.04245107873943
ENSG00000257252	0.552394715775134	-2.32064894697904	1.10132617838347	0.296001881226875	0.581454888826488	-5.37926168185213
H3C7	-0.657729282483039	-3.19849309930833	-1.10102005191139	0.296128960754866	0.581628752144822	-5.30253862569373
MANEAL	-0.726078362810266	2.77311455256174	-1.1009955612072	0.29613912917685	0.581628752144822	-5.93306270122978
VSIG10L	0.374747999460032	4.17560457914774	1.10067336334689	0.296272929229565	0.581843660159798	-6.13130808283277
RNF5P1	-0.593329527494467	4.48575210711021	-1.10060092996881	0.296303015264261	0.58185486797039	-6.17182409177594
FUNDC2	0.281107717394373	5.65469420085485	1.10043729990205	0.296370989556428	0.581872339900343	-6.28673250616813
CASQ1	-0.43182161254118	0.534093574096553	-1.10041410937203	0.296380624209489	0.581872339900343	-5.67157744474491
SLC25A53P1	-0.719164337316091	-2.83787121943458	-1.10040345190328	0.296385052003539	0.581872339900343	-5.33409409248833
NOP58	0.274671177419788	7.04436433038202	1.10026766597243	0.296441470624344	0.581906077351714	-6.35582736462623
CYB5R3	-0.37731303040728	6.51325102785301	-1.10018956808178	0.296473923796698	0.581906077351714	-6.33497749494751
RPL12P42	2.10141226204871	-1.26411378002307	1.10013646952494	0.296495990189072	0.581906077351714	-5.48320861275943
ZNF738	0.296638976028585	6.33001574604675	1.10012739499594	0.296499761456161	0.581906077351714	-6.32663624652404
ENSG00000301669	0.824015003104927	-4.31392244741107	1.10005334504153	0.296530537124007	0.581918626010415	-5.21595511446765
ACTL8	0.588088909255801	0.291840897374933	1.09958562151429	0.296724983089666	0.582209434364307	-5.64707092480304
ADTRP	-1.01341304305181	-2.37758254965117	-1.09957953689366	0.296727513286439	0.582209434364307	-5.37583409562184
TSPAN14	0.272813755348361	6.71467097619335	1.09948221317159	0.296767986132094	0.582221373608332	-6.34417729231448
TSC22D4	-0.546657016402227	4.50574775904729	-1.09944758626415	0.296782387033099	0.582221373608332	-6.17557644853748
OGFRL1	0.264283050282768	3.8793179323001	1.09933787045024	0.296828020032916	0.582232937448249	-6.09153135398224
MEGF8	-0.494380112893856	6.465136865502	-1.09925273214769	0.296863434478255	0.582232937448249	-6.33384284156306
ZKSCAN5	0.199268858032739	5.47000281072009	1.09911052437583	0.296922595009759	0.582232937448249	-6.27433527831655
DRD2	-0.599450177671069	-0.481457222261864	-1.09909169258186	0.296930429994694	0.582232937448249	-5.56682486452831
ZNF780B	-0.429429240718478	3.35154568238347	-1.09908860124709	0.296931716162541	0.582232937448249	-6.01589592822098
CENPJ	0.233336409193647	5.26207959921682	1.09908154741485	0.29693465096661	0.582232937448249	-6.2569769325062
TCF15	-0.570741226333087	1.10437152493676	-1.09898735004244	0.296973844687865	0.582233269302283	-5.73422833872706
SNORD14A	0.624196900992376	-1.90336380026382	1.09896388172272	0.29698361002581	0.582233269302283	-5.42069693992019
DZANK1	0.292411523317965	3.70406146175712	1.09874701828521	0.297073860174699	0.582362367210639	-6.06707418261865
SERP2	0.474568534959643	0.577858667273398	1.0984952033948	0.297178682259066	0.582520007348648	-5.67818495616359
BAG5	-0.241786546040665	5.88995251501889	-1.09839989616217	0.297218362888187	0.582528915578818	-6.30449451063648
CHMP5	0.217233296271377	5.67084992795095	1.09836704440742	0.297232041476468	0.582528915578818	-6.29008151552304
ENSG00000291242	0.542254034273401	-2.03145374464456	1.0982727036241	0.297271325139035	0.582558068568303	-5.4091837919995
ENSG00000260209	0.835778363785213	-3.8928182397466	1.09811230352277	0.297338125189156	0.582620846821004	-5.24858693794997
ADGRG6	-0.577562530981937	2.17130095124115	-1.09802926349214	0.297372712488679	0.582620846821004	-5.85861853533259
CEPT1	-0.238902468435082	4.23159958566265	-1.09801994621498	0.297376593454287	0.582620846821004	-6.14165222679443
ENSG00000271862	0.515007223459429	-1.30184874684808	1.09782943954757	0.297455954566431	0.58272849607133	-5.48167386061444
SPOCK1	-0.392382348726445	4.42534904708678	-1.09758523598431	0.297557708529172	0.582879992569415	-6.16741225744408
ENSG00000299332	0.788310026171705	-1.90109330102654	1.09750599139629	0.297590733668466	0.582884659307822	-5.42238444051649
MSL2	0.211688631075247	5.60803811013135	1.09746231910049	0.297608935279889	0.582884659307822	-6.286585723791
THRB	0.858490713424829	3.07416686329267	1.09728437344267	0.297683107807539	0.582982090263604	-5.97843097801637
SLC35B4	0.195008755796198	6.18516050575674	1.09717018331592	0.297730712811446	0.583022806756713	-6.32252439819532
ELOVL7	-0.352162863769553	2.92302275706009	-1.09711731668407	0.297752754496064	0.583022806756713	-5.95759312620218
BVES	0.396034308251327	3.24787983333661	1.0970125348942	0.297796444878122	0.583060520911087	-6.00327005636259
CHUK	-0.300450448577838	4.61753950982784	-1.09648632841226	0.298015929374324	0.583442390811007	-6.19231604925061
CYB5R4	0.267073782234377	4.34450391797358	1.09615229274517	0.298155322610079	0.583667411805672	-6.15860801191646
ENSG00000279254	-0.727628179851292	-3.96982672082745	-1.09577916201281	0.298311089530209	0.583924446306692	-5.24479821910455
ERBB4	0.991971946298435	-2.37136013042569	1.0955944306051	0.298388230548023	0.584027546210403	-5.3803840511482
ENSG00000267152	0.460695162502797	0.592239115300571	1.09540508615129	0.298467313823353	0.584134430424105	-5.68290767007665
DOCK6	-0.284755739163118	5.77433775476432	-1.09474611199629	0.298742672446406	0.584625398760116	-6.30102397657269
DCHS1	0.554319068691384	5.25508254424413	1.09454118591574	0.298828342560754	0.584745105509348	-6.26118633395188
PDAP1	-0.259457634934037	7.33873775404551	-1.09432171787526	0.29892011293838	0.584781050902955	-6.37225256374998
TMED2-DT	0.619168471802845	-0.0057227656788598	1.09427081138268	0.29894140254063	0.584781050902955	-5.62161515278786
LRRC14	-0.392509504301344	4.75185392002544	-1.09422235873277	0.298961667003998	0.584781050902955	-6.21045803980887
ZNF428	-0.495743881617551	3.82372677609939	-1.09417368185217	0.298982026311075	0.584781050902955	-6.08912788762373
KIAA1143	0.187375313515309	6.33912384858109	1.09416990588823	0.298983605668184	0.584781050902955	-6.33342124293241
ENSG00000286652	-0.647527388111352	-3.28061115875297	-1.09411668808121	0.299005865546355	0.584781050902955	-5.3024254303366
RFWD3	0.215874966612954	7.39544386438527	1.09408714412093	0.299018223707197	0.584781050902955	-6.37434560538411
CRELD1	-0.679667777735337	0.408816420354215	-1.0938541680676	0.299115690731649	0.584910433630809	-5.66521233329637
UTP11	0.267120875589821	5.92184868358811	1.09381185425798	0.299133395604712	0.584910433630809	-6.31135323193004
MED20	0.377969853326734	5.23331783636784	1.0937385964758	0.299164049906906	0.584922452619654	-6.26008357525399
ENSG00000256969	-1.64445715106958	-0.275421562046371	-1.09331472632549	0.299341463354651	0.585154250076996	-5.59447292390752
AKTIPP2	-0.344137077584008	1.34871775583281	-1.09331196452854	0.299342619586712	0.585154250076996	-5.76720528762865
ENSG00000296766	-0.723631287515965	-3.96982672082745	-1.09327962346974	0.299356159493917	0.585154250076996	-5.24722498468448
FGD2	-0.960124501828746	-2.01301549613742	-1.09322107150493	0.299380674055818	0.585154250076996	-5.41599866343642
LINC01473	-0.481413599507303	0.911714037626929	-1.09315568815833	0.299408050606453	0.585159838177547	-5.71932619710002
PLB1	-0.53646017472638	-1.51106833191546	-1.09301451470449	0.299467167664784	0.585227453586784	-5.46531588879892
MFAP1	0.184269253779432	6.05665140591917	1.09287802521245	0.299524331817599	0.585291241811906	-6.32016217459425
ENSG00000309664	-0.964351361578336	-3.15933145670011	-1.09262034997734	0.299632273499941	0.585421131085382	-5.31414090412244
C19orf44	0.303478932371982	2.67070938628427	1.09260224251596	0.299639859946329	0.585421131085382	-5.92819556349447
CCDC102A	0.43913413562873	2.34387592206976	1.0925234307226	0.299672881282281	0.585437722645838	-5.88592463079393
ENSG00000305533	-0.863295861751158	-2.76192828895778	-1.0921023392723	0.299849361663384	0.585734548602061	-5.34897458631195
ENSG00000291015	-0.389654771498833	1.783991256606	-1.09200454872362	0.299890357322463	0.585766687798939	-5.81839703865468
AATK	-0.904174724494138	1.3138296539718	-1.09139913140875	0.300144255598962	0.586214643893651	-5.76529266867427
ZNF767P	0.482297108845625	2.74135633780612	1.09104697790248	0.300292016686873	0.58645524607361	-5.93925829919207
SYTL3	-0.567958626064874	-1.27784638728559	-1.09079172250418	0.300399154926675	0.586577109073503	-5.49127509901514
ENSG00000267834	0.681727614619863	-2.9424505398076	1.09077973192572	0.300404188448509	0.586577109073503	-5.33454571008665
ASF1A	0.307822431667406	5.85588584088928	1.09066891590205	0.30045071094247	0.586577109073503	-6.31060174396546
GGN	-0.517079431771838	1.0049260978107	-1.09066412164776	0.300452723778589	0.586577109073503	-5.73201372192653
KCNH1	-0.61268467784989	-0.872348626340709	-1.09056785311885	0.300493143677658	0.586608036983042	-5.53392936620357
C4orf46	0.326525044947081	5.82360147418155	1.09011432859086	0.300683619431673	0.586765877239019	-6.3091369744949
RTN2	-0.261621216679425	4.42712550165074	-1.09008708778477	0.300695063246192	0.586765877239019	-6.17558440753293
ENSG00000298889	-1.0666700379634	-2.75044413512407	-1.09006555660736	0.30070410869227	0.586765877239019	-5.35199901848749
ENSG00000298453	-0.812935038599024	-2.72845060441246	-1.09006274608272	0.300705289434981	0.586765877239019	-5.35393742723315
GAPDH-DT	-0.497649459901205	-0.383799624515672	-1.0900342508432	0.300717260904835	0.586765877239019	-5.58643986748127
ENSG00000226499	-1.12803987085773	-3.7011859106014	-1.09002414395058	0.3007215071181	0.586765877239019	-5.27176985915543
MED8	0.222643663365991	4.16795804651635	1.08990946560293	0.300769690205704	0.586811918265311	-6.14167805253015
CERCAM	-0.389356982281876	3.36964518324098	-1.08957424995965	0.300910567887781	0.587010363303821	-6.02853301982181
LINC01936	-0.612598084902981	-1.12800097822207	-1.08953011024269	0.300929121810817	0.587010363303821	-5.50805469539868
ENSG00000288765	-0.887205530180318	-2.34614012200008	-1.08947073165536	0.300954082706059	0.587010363303821	-5.38878205768
STAT1	-0.182209895564341	6.54594333156858	-1.0894333842321	0.300969783204796	0.587010363303821	-6.34784680708388
PTGES3L	0.359199960921274	1.09888270750726	1.08927977802725	0.301034364387903	0.58706126744697	-5.74371063488376
RHOT1P1	0.526772373243073	0.278188808663207	1.08922595465853	0.301056996046171	0.58706126744697	-5.65633575893742
ENSG00000259659	1.10452298554111	-3.70878613442809	1.08913158692568	0.30109667895506	0.58706126744697	-5.27202440720117
ENSG00000255893	0.925755449082753	-3.26445850078018	1.08910375852146	0.301108381941717	0.58706126744697	-5.30870285876191
TMEM230	0.36305809521128	6.60914362364829	1.08907882319473	0.301118868566884	0.58706126744697	-6.35091800949543
OLA1	0.268142646507604	7.52032600385633	1.08901058878822	0.301147566179873	0.587069260966678	-6.38372073800159
SMG5	-0.340979199610853	7.09594153359958	-1.08893242511437	0.301180442361826	0.58708539838694	-6.36973019763002
ENSG00000232952	0.420218517220904	1.61861266041028	1.08886812214124	0.301207490701031	0.587090173994406	-5.80246108076646
ENSG00000275092	-0.556202728155449	-1.95894520416694	-1.08841795574248	0.301396900430432	0.587411385152141	-5.42594433659387
CLHC1	0.370729664356549	2.48483004536096	1.08833436995795	0.301432079613299	0.587419112660111	-5.90831896403986
TTLL4	-0.228553612267227	6.51050700833502	-1.08819513964037	0.301490685190061	0.587419112660111	-6.34762867596444
DDIT4L	0.279767887251209	3.41402998706574	1.08819394408851	0.301491188466036	0.587419112660111	-6.03638099632666
RRP12	-0.388716775053208	5.66205774021953	-1.08817464149145	0.301499314119343	0.587419112660111	-6.30029468489827
ENSG00000294346	-0.780978295159418	-3.34466681674997	-1.0879634417615	0.301588232078868	0.587544391072267	-5.30308876419734
ZNNT1	0.912856831282269	-0.637960298109132	1.08788145556876	0.301622754798379	0.587563686644866	-5.56162304561063
ROCK1P1	0.660403023706959	0.721299785572706	1.08779418737237	0.301659504991091	0.587587317850515	-5.70445741882971
SNED1	0.559680625374925	1.44993855632347	1.0876455119643	0.301722122760995	0.587661327234916	-5.78449204204055
POLR2J4	0.268910705261973	2.65694853207466	1.08750448542159	0.301781528258973	0.587723205959278	-5.93170745871082
ZNF74	-0.305786756918049	5.89770480244229	-1.08745317824764	0.301803142926925	0.587723205959278	-6.31661168959962
AUH	0.245763430368061	4.09801195108917	1.08737960729373	0.301834138943023	0.587735611826152	-6.1347275299221
DARS1-AS1	-0.550988819958021	-0.403854164377089	-1.08728395757122	0.301874440564793	0.587766134194805	-5.58713058994451
PAX2	-1.00711703275027	-1.833924139535	-1.08718511952431	0.301916089907189	0.587799275455982	-5.43923869077585
VRK2	-0.357440094523388	4.79373805623916	-1.08704315295418	0.301975920874679	0.587830795179237	-6.22274847643864
SHFL	0.237733440304994	4.33227095857406	1.08702982456166	0.30198153851312	0.587830795179237	-6.16665133408632
RPS3AP47	1.90300616744995	-0.318803313004177	1.08687114292097	0.302048425656222	0.587879880385683	-5.59651100397468
SYNPO2	-0.516500630122147	2.14481877393969	-1.08685313354598	0.302056017646526	0.587879880385683	-5.86704654299367
RPL34P31	1.11920988887209	-3.82588717821343	1.08675678952784	0.302096634690939	0.587910989902858	-5.26493121456841
PLA2G4A	0.393866928424975	1.8065635580132	1.08655356197665	0.302182325791072	0.587976037544251	-5.82672036162709
MLXIP	-0.284284935529779	5.86843953506717	-1.08653354238748	0.30219076807854	0.587976037544251	-6.31576827606655
TAS1R3	0.946872233795325	-3.464444873639	1.08650224679487	0.302203965833801	0.587976037544251	-5.29455150091216
ENSG00000275759	0.888948306786117	-1.48759504142662	1.08633499321772	0.302274506313315	0.588065344162039	-5.47440722473417
ZBTB46-AS2	-0.705914027078616	-3.20544118760806	-1.08626512863177	0.302303975973934	0.588074740775115	-5.3164674994314
ENSG00000290957	0.689851883933066	-1.50837971212235	1.08611376081069	0.302367832158312	0.588078744979376	-5.47253503439484
ENSG00000289584	1.00903057956744	-2.40080708135116	1.08610308009587	0.302372338325923	0.588078744979376	-5.38715394801711
ZCCHC2	0.236366997045107	4.1810459617405	1.08608502974108	0.302379953843671	0.588078744979376	-6.14749077230955
MTFR1	0.236042012313976	5.52341820271029	1.08550747609414	0.302623703642654	0.588487156156781	-6.29291877000103
ENSG00000305401	-0.560348855753955	-3.15923164383948	-1.0854706146163	0.302639265708649	0.588487156156781	-5.32116587661828
CCNY	0.186592587312028	6.44896761952707	1.0853762178689	0.302679120633503	0.588516706489597	-6.34786564118691
ENSG00000259707	0.71095067527354	-3.23984276434623	1.08522512369473	0.302742921949801	0.588562648894814	-5.31457448833626
ENSG00000303486	-0.794723984682324	-4.24633538352709	-1.08520025889285	0.302753422395722	0.588562648894814	-5.23440094619092
RPL26P19	0.361006268376473	7.53049277389207	1.08514507057847	0.302776729506454	0.588562648894814	-6.38813607351658
ENSG00000298404	0.820645820165198	-3.69949789779677	1.08502271563643	0.302828407305568	0.588609982323525	-5.27676228977291
AFTPH-DT	0.521834941642347	-2.07372432249943	1.08497064094001	0.302850403608869	0.588609982323525	-5.41850480642411
AP1AR-DT	-0.447176145287408	0.27405310357633	-1.08488929826813	0.30288476512601	0.588628832282589	-5.66035485896116
SFI1	-0.497099217284911	3.83275977424464	-1.08475428514022	0.302941805199143	0.588691749282524	-6.10034551912216
ENSG00000290469	-1.08109357117349	-3.39967339218517	-1.08468627054987	0.302970542981034	0.588699662079976	-5.30169736122443
NXPH2	-0.662728430177196	0.0985847527727451	-1.08451025473921	0.30304492353783	0.588796254483668	-5.64247700181864
JAZF1-AS1	0.848317389055347	-3.99276570721272	1.08439460809121	0.303093800974277	0.588843284318525	-5.25401683342729
DDX50P2	0.995523644888803	-3.03614924732389	1.08416427325367	0.303191168741296	0.588973076266724	-5.33296958902448
CTBP2P4	0.321526875778782	2.47822634599772	1.08411981964191	0.303209963048948	0.588973076266724	-5.91186135144713
HIPK3	0.220223305935551	4.39973033942546	1.08403146126765	0.303247322267277	0.588997708378344	-6.1785153815673
BTF3L4	0.399824833018113	6.83776087964452	1.08396854465146	0.303273926484422	0.589001448726805	-6.36551550252527
SLC16A10	-0.62425081925581	2.9728109084439	-1.08390060237654	0.303302657801829	0.589009319264137	-5.97834884602031
ENSG00000294494	-0.762870203706688	-2.53386805555545	-1.08375556779901	0.30336399675615	0.589073785347593	-5.37746776759148
POLR2M	0.342269750656174	5.21938984706964	1.08369693014987	0.303388798862327	0.589073785347593	-6.26945097750574
HCG9	1.00545969868835	-3.28319668978885	1.08364704925928	0.303409898323122	0.589073785347593	-5.31245966081309
ENSG00000263272	1.29681847524837	-1.3931653191826	1.08347780221986	0.303481497662028	0.589094335837261	-5.48683996977862
ENSG00000239246	0.51341058206377	3.32864866787898	1.08345040156536	0.303493090624498	0.589094335837261	-6.02907856247092
RARS2	0.179894052013123	5.82617166186235	1.08342360934767	0.303504426490714	0.589094335837261	-6.31637995423847
MGLL	-0.580415155266682	-0.370179929135084	-1.08336840830405	0.303527783236442	0.589094335837261	-5.59467223766787
DDX11-AS1	-0.375965633414377	0.572774479551378	-1.08324412800325	0.303580373932556	0.589094335837261	-5.69338346476069
STT3B	0.222789274207064	7.9060062103804	1.08320354583726	0.303597548271777	0.589094335837261	-6.40138573841453
PTPN18	0.398896152413012	4.51226211222416	1.08319531005386	0.30360103373928	0.589094335837261	-6.19359659501517
MIS18A-AS1	-0.542632070519751	-1.35657306011192	-1.08315535834752	0.3036179421433	0.589094335837261	-5.49089372266316
RBM24	0.758760862827555	1.85915483442947	1.0829310071172	0.303712905696943	0.58923068771492	-5.8366747314941
PEX14	-0.233432450014536	4.8038515430364	-1.08286970956534	0.303738855722378	0.589233135782004	-6.2282835874933
ENSG00000278492	0.631243444946375	-3.43888869525607	1.08267033610571	0.303823271255667	0.589348993421571	-5.30039852717745
EPB41L2	0.239654772109867	7.62904411103434	1.08260865194399	0.303849392215963	0.589351763024656	-6.39385083032633
TRAF3	0.250173777284075	4.53957959718095	1.08246501561822	0.30391022354402	0.589421851562257	-6.19773841995994
BCAR3	-0.328383280613392	3.85544268856428	-1.08239127132165	0.303941458563052	0.589434532503807	-6.10604668072081
CHMP7	0.206637920896235	5.94930951804114	1.0822660098687	0.303994519736724	0.58948953546932	-6.32523374253205
LINC01339	-0.872821817722941	-1.90616024263181	-1.08211663826126	0.304057803315801	0.58951506733351	-5.43730815782508
NUDT9	0.241720083731059	4.90743647184271	1.08209194856	0.304068264457905	0.58951506733351	-6.24041793656355
PERP	-0.268866719641063	6.40861250135394	-1.08206003612636	0.304081786313439	0.58951506733351	-6.34951274197924
ENSG00000308950	-0.813291608331061	-4.07022843900252	-1.08191840793812	0.304141802200665	0.589583527706568	-5.25035180010228
SELENOI	-0.214524800572931	6.59339590363001	-1.08184879504285	0.304171304448975	0.589589773878053	-6.35789855525234
JARID2-AS1	-0.795667229239952	-4.38215676367559	-1.08179423062543	0.304194430616933	0.589589773878053	-5.23011028032495
PPM1M	-0.338595815068685	2.38356721750777	-1.08164375899972	0.304258212334534	0.589598370365852	-5.90230142297909
ENSG00000305590	-0.957638918387483	-3.77585037652681	-1.08160230155207	0.304275787060672	0.589598370365852	-5.27391935776412
ANKRD46	0.255967750542405	5.26468033778755	1.08151153015669	0.304314269767292	0.589598370365852	-6.27583006332704
CPXM2	-0.362489919568484	2.74198670023194	-1.08142405402908	0.304351358960418	0.589598370365852	-5.94939851762904
ZNF564	-0.626871809501557	-0.992107528775658	-1.0813788443098	0.304370528882229	0.589598370365852	-5.53053935159005
LINC02443	0.64308786050715	-3.04100051764294	1.08132782155639	0.304392164768186	0.589598370365852	-5.33532927986987
ENSG00000276434	-1.43358568000086	-2.93847874234057	-1.08127542686778	0.304414383638723	0.589598370365852	-5.3442312357005
ATP6V0A1	0.207602841299825	5.87954162962047	1.08122905423713	0.304434049786318	0.589598370365852	-6.32205868727474
DYRK1B	-0.398415521215362	3.17347882431688	-1.0812201302253	0.304437834477847	0.589598370365852	-6.00929056550394
ENSG00000283877	-0.900334956261359	-1.14718205869703	-1.0812011105434	0.304445900883595	0.589598370365852	-5.51445514641545
IFRD1	0.443183901855079	3.22832279429959	1.08111905814625	0.304480701862916	0.589617923842777	-6.0171737781308
ACAD10	-0.330414054857999	4.51044627127011	-1.08104606428901	0.304511663389485	0.589630039762846	-6.19563001479698
ITPR1-DT	-0.605265172789344	-1.15142385434113	-1.08098017682096	0.304539612692986	0.589636321582176	-5.51423458631861
CDC7	0.206924982802382	6.72676039691162	1.08076626150189	0.30463036857118	0.589764195870244	-6.36453413148892
GTF2H2	-0.279852548710114	4.18160117841629	-1.08069117383242	0.304662230225971	0.589778039484407	-6.15323506559392
ENSG00000289860	-0.991682067778185	-2.7738922451605	-1.08060966714828	0.304696818519389	0.589797158767417	-5.35925381884792
NSMF	-0.32425289129017	6.39485979023212	-1.08051631160369	0.30473643870022	0.589826014310125	-6.35050628997524
UBXN1	-0.182519780952581	6.26248715055352	-1.08012172867677	0.30490394356461	0.590018721839046	-6.34454413544836
ENSG00000229447	-1.30647511930285	-2.70191354237329	-1.08008651828603	0.304918894188466	0.590018721839046	-5.36611450800928
CYP4A11	0.90861220478069	-3.7101000716944	1.08002378728394	0.30494553168037	0.590018721839046	-5.28074141982599
IGBP1P1	0.673489774172188	-2.8271358649714	1.08002119944712	0.304946630592809	0.590018721839046	-5.35516016471621
TEKT4	0.717131561349116	-2.83166982834733	1.07999064053396	0.304959607516926	0.590018721839046	-5.35479324745337
CIART	0.520857290364908	3.6952830314109	1.0798995509764	0.304998291444823	0.590045734126091	-6.08566601327407
ELOCP2	0.639745369381979	1.19261910669789	1.07969165400404	0.305086595210583	0.590168728148078	-5.76392177363999
TRIM22	-0.639644637870914	3.94966396534003	-1.07955422919666	0.305144976809005	0.590192078283627	-6.12232792001967
ENSG00000273091	-0.577094525690368	-2.50367868400891	-1.079546824483	0.305148122764485	0.590192078283627	-5.38433062991508
ANKRD44	0.486910111383557	0.243701070142595	1.0791229403185	0.305328254869442	0.590492622880559	-5.66308791866898
ENSG00000308294	0.756171052418325	-2.5358978162786	1.07901832865752	0.305372722714986	0.590530770785818	-5.38195677179203
NOXRED1	0.662993786433237	-2.28693349114871	1.07878672295675	0.305471190206815	0.590673328742287	-5.40479587135076
WDFY2	0.24240018018806	5.81561808616267	1.0785900303267	0.305554833400596	0.59074838327028	-6.32080206949464
ENSG00000277151	0.738607665533591	-2.12696485233012	1.07857903752066	0.305559508588076	0.59074838327028	-5.41983915233443
KIFC2	-0.432440090521288	3.22216811932034	-1.07849225145659	0.305596420201677	0.590771890568072	-6.01903778414346
PRKX	0.169969798489549	7.06859093089051	1.07838775808457	0.305640867558199	0.590809960801128	-6.37990885531116
PLXND1	-0.368311161673505	6.2437770339661	-1.07825438895069	0.305697604696384	0.59087177933986	-6.34556197121179
RFX1	-0.433616302059746	3.72118248782202	-1.07818855691036	0.305725613553381	0.590878064513607	-6.09116840108326
NOTCH1	-0.40700705730394	6.31786631129023	-1.07809707674009	0.305764537900809	0.590896730889825	-6.34941657012147
SNHG8	0.487899199579428	4.54840272706147	1.07804948956499	0.305784787498229	0.590896730889825	-6.20345289751659
ZBTB44	-0.228794481346762	6.37121042097254	-1.07798441336641	0.305812480793918	0.590902402777562	-6.3520652875933
SLC27A2	-0.338792433195481	2.30261428269296	-1.0777366920771	0.305917916564107	0.591046510229494	-5.89611661484248
HDAC6	0.365086837727003	5.73245069964642	1.07769282625019	0.30593658974212	0.591046510229494	-6.31623942114949
DCC	0.626231720347937	0.510129861281859	1.07759836811398	0.30597680243899	0.591076353202053	-5.69254701384924
DRAM2	0.43574686093817	5.24782443159328	1.07742830736521	0.306049210836251	0.591168380950858	-6.27861704779426
DKC1	-0.256384133082905	7.21249907007171	-1.07707928110507	0.306197860071215	0.591395307834515	-6.38629081092862
SCNN1D	-0.871682112124477	0.85294050443732	-1.07697885525772	0.306240641346394	0.591395307834515	-5.72965136489003
CACNA1E	0.967423591496415	1.03366418500911	1.07692151837366	0.306265068827468	0.591395307834515	-5.74930627101632
CYP2U1	-0.307106030576771	3.80767956423997	-1.07691978683374	0.306265806546051	0.591395307834515	-6.10495695012259
MBTD1	0.177176216261979	6.62066947564815	1.07667252043054	0.306371167753158	0.591550898856453	-6.36450640496364
TSIX	0.830007432240604	-3.94805780860798	1.07658396631521	0.30640890774417	0.591575910138335	-5.26504092239519
SLC11A2	0.210657942123632	6.31818135696664	1.07638208335961	0.306494959482088	0.591649064905043	-6.35123507323492
TMOD1	-0.542116474733061	0.987951303386652	-1.07632794628079	0.306518038313661	0.591649064905043	-5.7449323159555
ATP2A2	0.208924292090126	8.53581454745328	1.07628491475951	0.306536383752035	0.591649064905043	-6.42537918100207
MOB1B	0.185945131128993	5.35644054462414	1.07626246216618	0.306545956199596	0.591649064905043	-6.28923868390842
PPIH	0.211528654816972	5.03378086069426	1.07611885022976	0.306607189165237	0.591719397089571	-6.25970709500148
ENSG00000286548	-0.442268052920866	-0.408180725822249	-1.07580594632847	0.306740636814149	0.591929073321742	-5.59832374636979
ENSG00000273243	-0.725714900482467	-2.0874322880002	-1.07559604043946	0.306830182572387	0.592054003351537	-5.42651228970987
STIM2-AS1	0.824022720865853	-3.17117706422305	1.07548920830792	0.306875764768828	0.592073060377228	-5.3298844106701
CYP4X1	0.324866160004513	1.810662485596	1.07544511503377	0.306894579606058	0.592073060377228	-5.83869377071358
PSPN	-0.374697946812958	1.21453394264534	-1.07539847909416	0.306914480369844	0.592073060377228	-5.77075668582997
SAXO4	-0.490057514339891	0.776420591789281	-1.07504460337161	0.307065520384734	0.592316558233447	-5.72342139609125
NFIL3	-0.251568410047037	4.22125381721584	-1.07489280713689	0.307130326902163	0.59239368936269	-6.1646420098198
DAP3P2	0.862344126375417	-3.53672256544744	1.07479012910199	0.307174169251635	0.592430375557881	-5.2999437596624
DCST2	0.78020748857684	-0.572209619912774	1.07467639221324	0.307222739176883	0.592465681652678	-5.58202524094251
SARNP	0.544615510664064	-0.288891842293091	1.07455246971549	0.307275665406332	0.592465681652678	-5.61216659354277
ENSG00000278831	0.932840619772488	-3.40239039704345	1.07452549237455	0.307287188117343	0.592465681652678	-5.31133363944905
TCEANC2	0.231390832795936	4.37273633482033	1.07451476547658	0.30729176994086	0.592465681652678	-6.18505001409593
CPT1A	0.860820846491333	4.2589715820841	1.07436846026808	0.307354267079804	0.592538311178812	-6.17020923525227
LINC02749	0.692721531884557	-1.74887950713554	1.07429507220534	0.30738561987978	0.592550891662282	-5.46039989755191
FGF19	0.70811899721333	3.93061196483927	1.07423412686224	0.307411658762622	0.592553227240146	-6.12519296070614
BTD	0.205821115986526	4.52842175120009	1.07411608455702	0.307462097091603	0.592602589944706	-6.20511844126752
CLYBL	-0.467164379566222	3.53100757971267	-1.07402819917763	0.307499653756745	0.592627118557189	-6.06807975581181
ENSG00000259744	0.791555655930587	-3.70878613442809	1.07380747969718	0.307593990755661	0.592689124603836	-5.28683670646177
MYT1	-0.442828355589163	1.56274943947101	-1.07379698134145	0.307598478373508	0.592689124603836	-5.81161167918153
NEXN-AS1	-0.7867805053999	-2.09784907983458	-1.07374603708767	0.307620255667829	0.592689124603836	-5.42735756533496
SLC66A2	0.24532079731422	4.36236318304891	1.07372053127402	0.307631159156673	0.592689124603836	-6.18454143070327
ENSG00000288704	-0.82971362686778	-2.38902377472381	-1.07356508701669	0.307697616443263	0.592718002436865	-5.40060118474946
PCDHAC2	-0.536702337424356	2.67273829167037	-1.07351591500326	0.307718641296673	0.592718002436865	-5.94835490255054
LINC02714	0.780860670316002	-2.42472075188576	1.07351121583417	0.307720650613617	0.592718002436865	-5.39740778842105
LINC00942	0.735336991231309	-4.19239906939707	1.07342969813151	0.307755508346299	0.592737307755093	-5.24909593030877
DMXL1-DT	0.57393504231291	-1.82466350538017	1.07318776402533	0.307858979355045	0.592888748508581	-5.45407512215718
ENSG00000280119	0.735538602299266	-1.09532437352992	1.07299377653231	0.307941963581524	0.592990968362677	-5.52812178423832
C15orf40	0.247810481003216	3.92570930075222	1.07288988994996	0.307986411329412	0.592990968362677	-6.12590071334335
FANK1	0.452259923528444	0.665720035550135	1.07288946254969	0.307986594202193	0.592990968362677	-5.71382222300349
ZFP1	0.265781634020209	3.85852973734465	1.07263060703112	0.308097366537516	0.593099049297408	-6.11668321060407
ENSG00000304055	0.691185346607051	-2.34530678565341	1.07257259344344	0.308122196521414	0.593099049297408	-5.40556450462294
PRAG1	0.345430517723736	5.8296191032205	1.07256866381568	0.308123878468636	0.593099049297408	-6.32801153880886
ARHGAP31-AS1	-0.533098610244472	0.142172998886736	-1.07252602331947	0.308142129772819	0.593099049297408	-5.65922124755155
FIGNL1	0.244912694399432	4.13889037428493	1.07245467609095	0.308172670189443	0.593110000758926	-6.15599082479977
SMARCC2	0.257897871805537	6.52079814240596	1.07230830439152	0.308235332296976	0.593182766967579	-6.36481643641721
ENSG00000231460	0.549408917000476	-2.2857806975965	1.07223221699297	0.308267909345572	0.593193540919374	-5.41136229920434
ENSG00000259676	-1.01102141623344	-3.51144553288863	-1.07217913287638	0.308290639023083	0.593193540919374	-5.30454520992018
FAM3D-AS1	-0.661019892428025	-3.07579964712853	-1.07207368346833	0.308335794376945	0.593232600112419	-5.34135569640801
ENSG00000289893	-0.776480349438321	-3.4120102046728	-1.07171953660608	0.30848748337627	0.59336583347029	-5.31324179407933
ENSG00000259020	1.66315200660277	-0.0913826524783196	1.07171170239547	0.308490839585872	0.59336583347029	-5.63569462184709
ZFTRAF1	-0.543537270142138	3.51641309489715	-1.07169128651686	0.308499585966959	0.59336583347029	-6.06841089997889
PNPLA3	-0.409852692594691	4.02196273638205	-1.0716654948845	0.308510635648555	0.59336583347029	-6.14072168027371
MFSD6	0.455129990595499	2.81137276905591	1.07153559623826	0.308566291562152	0.59336583347029	-5.96903067026613
GPATCH2L	0.240692173021313	6.09353108022571	1.07134274093184	0.30864893576664	0.59336583347029	-6.34493702669065
MATR3	0.190881547498808	9.66430196564849	1.07130047616539	0.308667049721155	0.59336583347029	-6.45559255021626
CACNA1G-AS1	0.69174616603727	-2.20214884902692	1.07125770356207	0.308685382150032	0.59336583347029	-5.42006025613935
KCNE2	0.656255182586283	-1.346362694199	1.07117989879882	0.308718731563099	0.59336583347029	-5.50391435537071
BDH2	0.257128333290176	5.01882887673626	1.07112842140893	0.308740797796601	0.59336583347029	-6.26340295767563
WDR20	0.221736113319309	4.60379713415385	1.07107722726335	0.308762743806042	0.59336583347029	-6.21741924203598
SORBS1	-0.355987397221962	5.36116818020863	-1.07103158392137	0.308782311287426	0.59336583347029	-6.29511627183136
ENSG00000302594	-0.973888860728831	1.65712519920607	-1.07100939900416	0.308791822390252	0.59336583347029	-5.8253400995308
ENSG00000305951	-0.752187271773945	-3.73035136244101	-1.07099981491759	0.308795931342419	0.59336583347029	-5.28778735822009
NAGA	-0.199109175815645	5.41626785178312	-1.07096636377751	0.308810273059814	0.59336583347029	-6.29977874410065
ZNF571-AS1	0.762161357352204	-0.853518446358276	1.07094622977927	0.308818905479837	0.59336583347029	-5.55572617395933
SNHG32	-0.424652882537099	6.00367134907474	-1.07092575063937	0.308827686067287	0.59336583347029	-6.34031278180528
NXT1-AS1	0.973710127912415	-3.96410113186744	1.0707551911287	0.308900822142767	0.593458578610756	-5.26935178887593
ENSG00000272735	-0.648647405354144	-2.07417838053432	-1.07054163494335	0.308992413822864	0.593525433407127	-5.43275178869437
ENSG00000293429	1.14982941684746	-3.17322911832492	1.07051756744788	0.309002737378461	0.593525433407127	-5.33453166380529
BRIX1	0.291664886157698	6.28712406367562	1.07049333448734	0.309013132174234	0.593525433407127	-6.35587856019301
CYSTM1	-0.399164002659711	4.60346639783815	-1.07036688049266	0.30906737928558	0.593525433407127	-6.21812029414702
ENSG00000260719	0.411521278111094	2.59573744245512	1.07030799218772	0.309092644072775	0.593525433407127	-5.9414822840145
CDK18	-0.336652486780303	6.18012017802231	-1.07029463846769	0.309098373423822	0.593525433407127	-6.35064962581984
SLC38A4	-0.372128997462151	3.95947024508452	-1.07026095747031	0.309112824457105	0.593525433407127	-6.1334128496673
MYRIP	-0.49591464460098	0.971632574442833	-1.07017443273277	0.309149950770554	0.593525433407127	-5.74944738528598
RNF168	-0.220589726047838	5.89160149240005	-1.07015233511999	0.309159433029598	0.593525433407127	-6.33443425265231
EQTN	0.974427414096476	-2.41289572661669	1.0697999428357	0.309310677238814	0.593768031340687	-5.40212269535572
ENSG00000303230	1.38118793174236	1.10903887045736	1.06961348045455	0.309390728316231	0.593873935396774	-5.76503825674826
ENSG00000308288	-0.999424716559479	-3.69949789779677	-1.06942766403163	0.309470517757182	0.593979320250153	-5.29179307657643
ENSG00000274383	0.562903932461319	-1.95896021579401	1.06935966368388	0.309499720971711	0.593987603765828	-5.44486476369003
ENSG00000301336	0.705353409994854	-3.93071123061717	1.06908012334574	0.309619793510057	0.594132084386306	-5.2735894682825
KDM4A-AS1	-0.703972732481735	0.0773372066488682	-1.06906849256747	0.309624790111739	0.594132084386306	-5.65596685771449
ENSG00000271882	0.596361070287465	-3.34967658225314	1.06897724742255	0.309663991306217	0.594159536980906	-5.32110089702294
ZNF33B	0.228471064858222	4.9630044296774	1.06885680570252	0.309715741860405	0.594210455448901	-6.26005521485266
ENSG00000279464	0.835167488568044	-2.18639345476604	1.06879960336633	0.309740322463644	0.594210455448901	-5.42394078908838
ASIC3	0.640622791190825	0.306468766005376	1.06872770884925	0.309771218596794	0.59422196385225	-5.68020295511415
RANBP10	-0.265566963880731	4.61512043753194	-1.06858059094226	0.309834448728304	0.594295490460373	-6.22138209946673
KRT18P15	0.771251075904068	-1.87957712254741	1.06845696818791	0.309887588416488	0.594349652261036	-5.45341856083763
ENSG00000272599	-0.408269299989897	0.763958616036472	-1.06829277841353	0.309958176702397	0.594401876399703	-5.72897021067991
GYG2	-0.220777281104886	7.32818395474124	-1.06827777620615	0.309964627044484	0.594401876399703	-6.39939087586612
KDM6B	0.431499543078961	4.68455032732626	1.06816614711827	0.310012626241125	0.594446159757125	-6.23009560344725
PHKB	0.172745641720677	6.30646198281529	1.06804592755638	0.310064325562646	0.594497530382686	-6.35939058624243
AJM1	-0.847085062595986	-0.741829129246121	-1.06793758580398	0.310110922557729	0.59452875162021	-5.57068141560952
TPCN2	-0.289036501975943	3.36540502490806	-1.06783850327831	0.310153541888979	0.59452875162021	-6.05059725381767
RGPD1	-1.4694621215638	-2.99966918983147	-1.06781551774195	0.310163429517933	0.59452875162021	-5.35204689311217
AFG2B	-0.304019154432001	3.32403032793902	-1.06777641797403	0.310180249515015	0.59452875162021	-6.04472829968215
WDR13	-0.390660606021459	4.20511571253764	-1.06762513058214	0.310245337087071	0.594605754457329	-6.17005306006486
EPB41L4B	-0.271003188309073	5.05945288176625	-1.06745878009976	0.310316917159344	0.594624960028207	-6.27131703365947
ENSG00000295095	-0.970257781273343	-1.45546680604636	-1.06742333951642	0.310332168749661	0.594624960028207	-5.49653665495905
ENSG00000288043	-1.13304434231421	-3.7345407032435	-1.06742129799659	0.310333047319832	0.594624960028207	-5.290875482557
ENSG00000267886	-0.32204529634063	3.56707425981535	-1.06737025501976	0.310355014332399	0.594624960028207	-6.08018815426085
SGPL1	0.217278120568253	6.57612902581218	1.06718512983026	0.31043469529763	0.594691836391504	-6.3725550145848
PHYHIP	-0.651041529911232	3.5264017078412	-1.06717337987472	0.310439753199051	0.594691836391504	-6.07453162560327
ZNF576	-0.282835285679481	3.41145079071515	-1.06682833535045	0.310588309454354	0.594922538058673	-6.05828167883159
EMC7	0.29213033584511	5.25971054220579	1.06677788094947	0.310610036734786	0.594922538058673	-6.29081693488842
ENSG00000287340	0.865575346956841	-4.03125681189275	1.06658223117192	0.310694300718959	0.595036180007976	-5.26804636261852
RBMS2P1	0.414823130775052	0.77205706377079	1.06620220518295	0.310858022944766	0.595301968516627	-5.73195990374196
RBM4	0.244836921864758	3.98198301472619	1.06606522741372	0.310917051573364	0.595367239241133	-6.14096128026845
ARL14EP	0.192450660894705	4.93829410534002	1.0659055977216	0.310985852473114	0.595451210667934	-6.26057420780997
IRF9	0.550671194132403	-0.592689196251828	1.06567583018675	0.311084903311257	0.595553909232486	-5.58887613627176
FAM221A	0.306927389326088	3.4699955465813	1.0655756461586	0.311128099300375	0.595553909232486	-6.06806849964545
MAP3K4-AS1	0.400393087804973	1.63929128342316	1.06550521578196	0.311158469241626	0.595553909232486	-5.82891365301117
CDKN1A	0.277286755952025	4.70205297694472	1.06546149785593	0.311177321769352	0.595553909232486	-6.23495738000517
UBE2D2	0.25890956532963	7.29103497199042	1.06545244752634	0.311181224661013	0.595553909232486	-6.40110461911675
IRS1	0.27480845253661	5.61031094237242	1.06526324770216	0.311262824283415	0.595553909232486	-6.32067667369186
ENSG00000310010	-0.984544590703642	1.95759642832618	-1.06523602563977	0.311274566170927	0.595553909232486	-5.86663377595526
VDAC1P3	0.948011779546678	-3.75188728123431	1.06515700199377	0.31130865391324	0.595553909232486	-5.29163679360009
EIF4B	-0.173408379163812	9.43307657907358	-1.06513532789529	0.311318003775918	0.595553909232486	-6.45734610945196
PTGES3P3	-0.420220311948497	0.48300865007338	-1.06510596765514	0.311330669658505	0.595553909232486	-5.7023854438733
IFNAR1	0.198468124108904	4.65595756981687	1.06508837929476	0.311338257389744	0.595553909232486	-6.22989014003595
PLIN5	-1.00665286391748	-0.833116012937132	-1.06508683154521	0.311338925105532	0.595553909232486	-5.56375553337082
PLEKHG1	0.32895841648878	2.31539209533561	1.06495207617897	0.311397064188449	0.595617385076591	-5.91090516354015
LEKR1	-0.797742913091442	-2.70599444805785	-1.06469556550157	0.311507756375068	0.595781362401133	-5.38079003739039
ENSG00000286503	-0.8907011296392	-2.85972921783849	-1.06462629386334	0.31153765432523	0.595790800943932	-5.36731380903761
GPR84-AS1	-0.663030814582375	-2.98991649109479	-1.06446885211257	0.311605614996672	0.595873024046596	-5.35613026940394
CUL3	0.177035354723866	7.04872329302413	1.06414476939686	0.311745542670829	0.596056180341252	-6.39412140253819
ENSG00000267632	1.06442183752095	-3.32460323390088	1.06408870350933	0.311769754816077	0.596056180341252	-5.32791277656753
ENSG00000286403	0.747988068720769	0.0891076549679705	1.06407350885806	0.311776316896978	0.596056180341252	-5.66223273606386
ENSG00000289178	-1.77303454698971	0.901790561319785	-1.06374159485634	0.311919686037514	0.596265598292004	-5.74841450863572
ENSG00000216906	-0.678294575849379	-3.59895231652118	-1.06370424605903	0.311935821857542	0.596265598292004	-5.30547594322145
SYNCRIP	-0.233691967642156	6.9159056814491	-1.06326881195041	0.312123989436812	0.596463972346998	-6.39018033964777
TCP11L1	0.219004415816439	3.93364981963027	1.06325685039036	0.312129159695754	0.596463972346998	-6.13702267776863
SP110	0.334659770366536	2.82253610987426	1.06323531108603	0.312138469998165	0.596463972346998	-5.97910796563973
RPL27	0.47379365763751	8.75460124949517	1.06323277621631	0.312139565702183	0.596463972346998	-6.44432802327104
MRPL34	0.365093587970532	5.46678579145711	1.06310927377354	0.312192953489513	0.596514230757617	-6.3119987417016
SLC19A2	0.271114142238218	5.27635371875837	1.06282889649556	0.312314181046726	0.596514230757617	-6.29639137684934
TRPV3	0.528088473935367	0.266181231316789	1.06282355264561	0.31231649192988	0.596514230757617	-5.68195940068481
ZNF461	0.313993081407264	2.01929745905634	1.06281396381478	0.312320638536096	0.596514230757617	-5.87654462699364
NGEF	-0.464637081824807	2.43859288153227	-1.06280634712084	0.312323932338696	0.596514230757617	-5.92877371862842
ENSG00000301422	-0.964434103649922	-3.89543543174426	-1.06278099895312	0.312334894221545	0.596514230757617	-5.28238800284136
STAM-DT	-0.793374921066222	-1.50114743242825	-1.06276729740053	0.31234081961612	0.596514230757617	-5.49651870032983
ZNF143	0.281710949881647	5.24789206755027	1.06256189888052	0.312429656801148	0.596636151294047	-6.29414497926242
TOX-DT	0.276970408191259	2.94173470842222	1.06246315185165	0.31247237283244	0.596669983390019	-5.99626388732635
SLC37A4	-0.230574473791877	6.24935827316188	-1.06234608167942	0.312523020837307	0.596674337478714	-6.36248335607456
NME4	0.306582145426823	7.80257527814901	1.06234230929341	0.31252465298619	0.596674337478714	-6.42028005864132
ENSG00000306033	-0.79834103313636	-4.32180761645042	-1.06210062784961	0.312629231612356	0.596826257470173	-5.25182980540151
ABHD10	0.234780176887067	5.23932107197743	1.06197945593339	0.312681674228037	0.596878630632692	-6.29397793303613
GSKIP	0.251312811492515	5.83126474423841	1.06189389401883	0.312718709027777	0.596901585761832	-6.339249939606
DIO2	1.06729929336645	-3.02758786588893	1.06169315195318	0.312805611707836	0.596972636611445	-5.35555226764923
ATP10D	0.272170546688368	2.6007887307971	1.06169235270793	0.312805957743442	0.596972636611445	-5.95100921675574
DIMT1	0.285164134792701	5.55604893709223	1.06163247109673	0.312831884490837	0.596974381317886	-6.32042236935965
USP45	-0.236832224083006	4.81404300612977	-1.06154826878458	0.312868344050584	0.596996223813183	-6.2516863373627
DNAJC19	0.32386288888091	4.1511516792276	1.06135332915312	0.312952765182156	0.597030754864414	-6.16920467076931
RPS18P5	0.372726675719742	8.14425501149463	1.06131757392423	0.312968251321695	0.597030754864414	-6.43093500937677
ENPEP	0.521306178308179	0.0193617268677038	1.06131050709409	0.312971312143295	0.597030754864414	-5.65773969250053
ABAT	-0.312177589103514	4.12345126787263	-1.06127544121405	0.312986500392322	0.597030754864414	-6.16546981444455
ENSG00000287859	-1.03809991321323	-3.99777547271589	-1.06119522805647	0.313021245595032	0.597049314202559	-5.27578931177993
GRPEL1	-0.285726277461814	5.1675597988279	-1.06113012693671	0.313049447004179	0.597055390094992	-6.28823241273052
ENSG00000294627	0.839533056220435	-4.01954438493536	1.06103955181832	0.313088686799553	0.597082516008384	-5.27422374293953
ATP5MGP2	1.17641006090917	-2.85649675008899	1.06084815765898	0.313171616624628	0.597192950941196	-5.3712529024615
ENSG00000257890	-0.830250150282981	-4.51797814382408	-1.06073901352281	0.313218915514196	0.597235428343638	-5.2433103794316
PSME3IP1	0.257769912127633	6.6241220888981	1.06060907383903	0.313275233459903	0.597295094822456	-6.38143702544072
RDXP3	0.834868927064275	-3.01148491466321	1.06040377787968	0.313364227671106	0.597417047833397	-5.35818693605264
CALD1	0.22833587952991	7.72325299683804	1.06022089426452	0.31344352244378	0.597520491227292	-6.42015500633002
ENSG00000288934	0.587187189004742	-2.24860366311052	1.06002037141984	0.313530482722205	0.597638529760472	-5.42675651864399
CCN3	-0.706989745718353	-1.32706012156176	-1.05980795735739	0.313622619780857	0.597766297987023	-5.51717393559688
XNDC1N	0.427770147409478	0.228312049601184	1.0597209461348	0.313660367829964	0.597766297987023	-5.68113131369826
ZNF267	-0.290886624967269	4.38027553289369	-1.05969263888535	0.313672649096639	0.597766297987023	-6.20142144754252
ENSG00000305756	-0.825764360588938	-4.07966053873436	-1.059198505949	0.313887090281959	0.59812720030016	-5.27125678948673
CACUL1	0.188601206213782	5.81308532856047	1.05909152526108	0.313933531816726	0.598146559334122	-6.34100176624505
ENSG00000287497	0.554115109351054	-1.16918970740286	1.05902556698608	0.313962167649162	0.598146559334122	-5.53427883942324
TRAPPC2	-0.257716773194479	3.37493819668483	-1.05900191986148	0.313972434547194	0.598146559334122	-6.06108336584654
ENSG00000268836	0.847569033869215	-3.83377234725278	1.05868703774671	0.314109171505003	0.598359294142381	-5.29120153382932
NOP10	0.2746411140493	6.68285896355978	1.05856036027019	0.314164193680278	0.598416345615897	-6.38599206869301
PGK1P2	1.27227472442687	-1.16309298323878	1.05836213459212	0.314250307361239	0.598532606000375	-5.53557056759474
SDCBP	0.201608187942592	7.21671424532555	1.05826655767367	0.314291834506183	0.598563933463061	-6.40608577379628
ZNF587	-0.287645383433001	4.80980426840025	-1.05817647372451	0.31433097881963	0.598590718222939	-6.25470765278509
TMEM200A	0.193411904107681	5.08267698030991	1.05810740102569	0.314360995583851	0.598600118206461	-6.28330211788555
FNBP1L	0.260047047201758	7.7457659833639	1.05776045132626	0.314511801555731	0.59883950281058	-6.42337309596283
VAMP3	0.303938240327621	5.99393034251581	1.0576699439891	0.314551150695524	0.598864787253378	-6.35355417733616
PWP1	-0.273929501253828	6.38430094659008	-1.05757794975697	0.314591150100474	0.598864787253378	-6.37399021698571
ZNF626	-0.654604296302964	3.5527725857595	-1.0575567778828	0.314600356248496	0.598864787253378	-6.08824985524525
RNLS	0.393338523809749	3.25815748455832	1.05739381536435	0.31467122392929	0.598910107477151	-6.04599363265713
MIR2052HG	-0.517512872375137	-0.0147907198754757	-1.05734981089985	0.314690362269076	0.598910107477151	-5.65814331770814
BCCIP	0.223573189270778	6.9802238540318	1.05732892744681	0.31469944516994	0.598910107477151	-6.39873123055218
CDKN2AIPNL	-0.248867381265121	5.57009344036381	-1.05708782189259	0.314804324282324	0.59906193650504	-6.32619833159006
WTAP	0.190652851506524	6.8052089039918	1.05699820849047	0.314843312185951	0.599088362588064	-6.39248023001641
PRKCZ-DT	-1.01798878411814	-4.04359362438039	-1.05693096426182	0.314872570383323	0.599096272109278	-5.27621958030811
LINC02704	-0.957595997176343	-3.47874287577349	-1.05674369831599	0.314954061293015	0.599119977314629	-5.32204873926439
BTF3P3	-0.733164900533355	-1.62186020306059	-1.05673756095491	0.314956732305742	0.599119977314629	-5.49032394663618
ANKRD13C-DT	0.527507938894564	3.22821241213137	1.05672927902712	0.314960336672671	0.599119977314629	-6.04239708431721
EIF4BP2	0.891569733016185	-3.81223642845948	1.05651237530828	0.315054746171923	0.599251803226434	-5.29499265702168
MYLK2	0.611893383133493	-0.784584743737878	1.05633131457249	0.315133571056317	0.599353967678789	-5.57766206375006
SEMA6D	-0.581654391416298	3.37020784403197	-1.05624773115157	0.315169964176242	0.599375421115089	-6.06323076484149
ENSG00000310256	-0.468959166423731	-0.808289073720513	-1.0560676788146	0.315248371703793	0.599476765791923	-5.57537783395677
MIEN1	0.34783354377837	4.7317754735045	1.05586588309589	0.3153362653782	0.599596131754421	-6.24832615127099
TAOK2	-0.395323163405888	5.33289717888657	-1.05569311221237	0.315411531794355	0.599628125871718	-6.30866381103315
URGCP	-0.288478621359243	4.02101445106418	-1.05563016064998	0.315438959576368	0.599628125871718	-6.15718771127202
MTMR12	0.196268486564739	6.23141750060293	1.05560357533999	0.315450543247575	0.599628125871718	-6.36856648316338
ENSG00000304244	0.462739092722593	-1.339731311628	1.05552960305283	0.315482775923204	0.599628125871718	-5.52008972487644
COX5A	0.360646599642156	7.38237060390421	1.05552954409332	0.315482801615208	0.599628125871718	-6.41442365311358
C2	-0.506998123394972	-1.33456017087627	-1.05546386646116	0.315511422068705	0.599628125871718	-5.52068610079467
ENSG00000295618	0.861182388027218	-3.68584714804282	1.05542362833715	0.315528957674735	0.599628125871718	-5.30625647318731
DYNLT5	0.765883116172716	0.21584473064102	1.05529309267188	0.315585849646569	0.599688493114225	-5.68427448551767
ENSG00000305207	0.840734075358431	-4.34187119929951	1.055197306217	0.31562760164261	0.599720083465024	-5.25730737493546
ENSG00000301099	0.781634486844599	-3.14017973647829	1.05506814137037	0.315683909435318	0.599740108850771	-5.35223102983325
GCKR	-0.887062380564607	-2.45164618618798	-1.05499329683778	0.315716540445939	0.599740108850771	-5.4130211138376
TMEM145	0.519411263907892	2.66136725525224	1.05497221403573	0.315725732668526	0.599740108850771	-5.96589969484569
JAK1	0.230157556296925	5.56843103178394	1.05494257790946	0.315738654531777	0.599740108850771	-6.32829159463149
API5	0.255841865644745	8.23743741358931	1.05481646463988	0.315793646569463	0.599796829752775	-6.44017184686187
PITPNM1	-0.42702689208648	5.76404295363896	-1.05467823903685	0.315853928543528	0.599847779447589	-6.34235610264066
ENSG00000225889	-1.08409664941059	3.5634548590644	-1.05463969990762	0.315870737507743	0.599847779447589	-6.09278645683098
ENSG00000305429	-0.518292657151457	0.971141665447092	-1.0544926206534	0.315934892810831	0.599886686710035	-5.76529231854909
PRDM12	-0.93815538788261	-2.60149482700688	-1.05447748697041	0.315941494613699	0.599886686710035	-5.40000275557737
ANKRD37	-0.99257788352921	0.944739863525017	-1.05425784671925	0.316037320551135	0.600020899657462	-5.76265836289081
ENSG00000288880	0.444432641589379	1.72402444171083	1.05403557148565	0.316134318464764	0.600157316162784	-5.85040839672839
HIGD1AP14	0.865434247739368	-3.87982349234346	1.05376897374256	0.316250687808072	0.600322227684624	-5.29216969588354
ENSG00000283536	-1.04618883107556	-3.51683425707654	-1.05367664285146	0.316290997592489	0.600322227684624	-5.32180686894095
ENSG00000300864	-0.690933027371665	-2.62847418652036	-1.05366370924394	0.316296644451927	0.600322227684624	-5.3983726297553
DHX38	-0.30512021496539	6.03677432052371	-1.05350108299418	0.316367654159325	0.600404568088543	-6.36031405120291
EML4	0.160704778035123	7.53800397684272	1.05341498752792	0.316405252069539	0.600404568088543	-6.42156396630532
ZNF552	-0.323329489268834	3.37618288894762	-1.05339152990867	0.316415496602744	0.600404568088543	-6.06701807836313
UGT3A2	-0.226927669947159	5.00519485463025	-1.05331917320279	0.316447098178114	0.600416797218939	-6.28048869480933
POLR1B	-0.246653734875599	6.18804751327966	-1.05301841962768	0.316578476967937	0.600618323513017	-6.36901282056071
GPBAR1	-1.25535843813402	-2.8546032367714	-1.05274300450336	0.316698823263445	0.60077680988163	-5.37922795801515
SLC30A4	0.709431899111922	-3.2344016149844	1.05271203744698	0.316712356891552	0.60077680988163	-5.34644146777355
ENSG00000271989	-0.668515892588782	-3.21263270276493	-1.05224282835929	0.316917470259465	0.601071024312909	-5.34874274082217
CDKN2C	0.813927063733513	-4.31392244741107	1.05220430046091	0.316934317074002	0.601071024312909	-5.26152280193239
KIAA1755	0.53293438453193	0.0253675219502606	1.05215864296933	0.316954282269904	0.601071024312909	-5.66752796912614
PLXDC1	0.615625771296593	0.397932040311826	1.05211100119507	0.316975116169666	0.601071024312909	-5.70651790928094
CDIN1	0.42436910596961	4.35814067490091	1.05206924012496	0.31699337926956	0.601071024312909	-6.20642127571995
ENSG00000277763	-0.791596185337957	-2.88900263366943	-1.05194953462061	0.317045733711659	0.601085067160993	-5.37697457174348
ZNF888-AS1	0.894722547519253	-3.96170855836192	1.05193714056582	0.317051154752996	0.601085067160993	-5.28738197726092
ENSG00000309924	-0.758302769682833	-0.755815235120805	-1.05175247772647	0.317131932810297	0.601190455947845	-5.5852935391105
ENSG00000304023	0.505649994360329	-1.88474511760856	1.05137369512314	0.317297674358979	0.601456881417342	-5.46966210406105
TCOF1	-0.248945808410947	8.08181418620916	-1.05130213201175	0.317328995130152	0.601468482113353	-6.43962360886147
ENSG00000238280	-0.94379835691978	-4.08627176226199	-1.05122859857231	0.317361180679664	0.601481719946124	-5.27824505923212
ENSG00000294156	-0.638794504311863	-3.32984041486902	-1.05106587298352	0.317432414351324	0.601531911055463	-5.33992633082555
DDX59-AS1	0.842078156678855	-1.81218985769543	1.05101657139718	0.317453998668682	0.601531911055463	-5.47707894478591
PARK7	-0.204816471351525	7.42861677146066	-1.05099538687846	0.317463273626958	0.601531911055463	-6.42059568455284
ZNF607	-0.309123855250932	3.85400237228423	-1.05072078925042	0.317583515856875	0.601711976895772	-6.13866753809783
ARHGEF7-AS2	1.02525547942836	-3.16541393127673	1.05028964994431	0.317772374731696	0.602022008868185	-5.35463779986695
GALR3	-0.875783058893372	-1.13898668537856	-1.05020218879366	0.317810697085176	0.602046821758227	-5.54613998479698
ENSG00000298510	0.567293652336929	-3.04371194454002	1.0501134812284	0.317849569136119	0.602072671950138	-5.36527479765639
FAM210A	-0.287971292575225	4.78188439360179	-1.04989084798508	0.317947143821198	0.602175015262709	-6.2601198121904
C1QL1	-0.650934239846381	2.96889278862728	-1.04985499464161	0.317962859574635	0.602175015262709	-6.0129300930019
BDNF	-0.375510099125236	2.4500992954535	-1.04976636983917	0.318001709388865	0.602175015262709	-5.9435564431072
BIRC5	-0.232491419382587	7.42052226278316	-1.04966850545625	0.318044613652882	0.602175015262709	-6.42170378749146
FCER1G	1.10149157684872	-1.94310200476086	1.0495208897843	0.318109337408857	0.602175015262709	-5.46581088851638
RRN3	-0.215212405986254	5.56920284847936	-1.04945677487848	0.318137452407994	0.602175015262709	-6.33400426551788
ADRB2	-0.512900778838875	-0.172934204246844	-1.04945233604873	0.31813939894667	0.602175015262709	-5.64949521615311
SPAG9	-0.237079004328515	6.06962901830802	-1.0493919014957	0.318165901914807	0.602175015262709	-6.36638771305244
P2RX5	-0.368579269406288	1.50095006027858	-1.04932559589325	0.318194981489329	0.602175015262709	-5.82946244889239
ENSG00000280149	0.53600155596765	-2.1658145274534	1.04924605233664	0.318229869464483	0.602175015262709	-5.44493048052141
NFXL1	-0.262294907669961	5.0134124710489	-1.0491241552649	0.318283339382581	0.602175015262709	-6.28564314270472
BNIPL	-0.881111996473259	0.222696499295469	-1.04911861831277	0.318285768316998	0.602175015262709	-5.69116135999479
JUP	-0.319172970622988	7.05997273124146	-1.04884934665215	0.318403908520447	0.602175015262709	-6.41036390536947
ENSG00000303717	0.74872571849942	-4.16445031750863	1.04877732995581	0.318435510719654	0.602175015262709	-5.27445824832289
TNKS1BP1	-0.387502944598317	7.1686488402651	-1.04875768737109	0.318444130643658	0.602175015262709	-6.41427237794549
RNF43	-0.435147636659445	0.0965553826766179	-1.04873891703799	0.318452367954452	0.602175015262709	-5.67836782515054
ALPK1	-0.505636168502188	-0.934751564490522	-1.04871201954688	0.318464172127121	0.602175015262709	-5.5691831874713
RDH16	-0.722888658879541	-0.946494304471139	-1.04859452813876	0.318515738012684	0.602175015262709	-5.568045103823
UFL1-AS1	0.606132162828572	-2.07778403555935	1.04858109846715	0.318521632571616	0.602175015262709	-5.45386956634954
FAM98B	0.188090949753327	6.58320749442058	1.04855773757928	0.318531886341555	0.602175015262709	-6.39216325337691
CHD6	0.301314515129037	6.20648613882362	1.04854392939866	0.318537947268822	0.602175015262709	-6.37458221938162
ENSG00000310402	-0.617135864770319	-2.56900299374356	-1.04852775106089	0.318545048657428	0.602175015262709	-5.40865490658556
UGT3A1	0.420492093948333	2.91712947067203	1.04845805186598	0.318575644084763	0.602175015262709	-6.00718432100889
CENPC	0.249222030900807	4.51281603280985	1.04845756545574	0.318575857609065	0.602175015262709	-6.22974801357989
NRP2	0.661780381711273	6.894457938496	1.0484014754922	0.318600480697592	0.602175015262709	-6.40476569217948
ZNF433	-0.536588764656047	1.80923275467936	-1.04830887731122	0.318641133770386	0.602175015262709	-5.86620249567125
JADE1	-0.268413053675521	7.36952848902742	-1.04830640349178	0.318642219896793	0.602175015262709	-6.42146489051899
LNCPRESS1	-1.02586502404183	5.33066066473159	-1.04830522182138	0.31864273870825	0.602175015262709	-6.31608216570888
ITGA7	-0.618530399550848	5.48351309541012	-1.04829654605083	0.318646547817969	0.602175015262709	-6.32861047889804
HIPK1	-0.229904884849966	6.3187760348978	-1.04816891800381	0.318702587066653	0.602175015262709	-6.38059738154225
CUX2	0.334100712690131	3.6598210396091	1.04809573702804	0.318734722908698	0.602175015262709	-6.11344821698002
GLB1	-0.179276470058723	6.21566381869863	-1.04804043302688	0.318759010085202	0.602175015262709	-6.37556910319028
PTBP1	-0.341002276397715	9.19690001842938	-1.04796070993407	0.31879402354901	0.602175015262709	-6.47014921138033
PRPF31	-0.287597126563725	6.09520885757862	-1.04795860322017	0.318794948832813	0.602175015262709	-6.36928782855046
TUT7	0.218199289935436	4.59861680006775	1.04794700383858	0.318800043400372	0.602175015262709	-6.24071609036284
MOCS1	-0.239623045761461	5.22708329195612	-1.04792002098112	0.318811894786089	0.602175015262709	-6.30738500461791
ZBTB3	-0.294057764895245	4.27884406446228	-1.04779419880995	0.318867162670181	0.602185118837005	-6.20034039777702
ENSG00000305969	-0.56743664366513	-0.322200807710672	-1.04777013728067	0.318877732614453	0.602185118837005	-5.63547016425763
MED9	-0.278102970750884	4.48645814702954	-1.04773552790823	0.318892936564332	0.602185118837005	-6.2271598798728
TRAF4	-0.26445131683225	6.9190928217318	-1.04756362791091	0.318968460593548	0.602253062937616	-6.40655123365595
PARP10	-0.702857934697098	1.04055956641641	-1.04753876670415	0.31897938444691	0.602253062937616	-5.77986220134206
ARPC3P3	-0.343628613994671	3.86846086430361	-1.04741648577542	0.319033118000988	0.602262963952914	-6.14409144438766
DHX30	-0.331116120988941	6.85808173631345	-1.04736775757186	0.319054532395583	0.602262963952914	-6.40446017493658
LINC02820	-0.663235853882943	0.659978535487525	-1.04724170070322	0.319109935146062	0.602262963952914	-5.73910251048377
CEACAM21	0.923561998446277	-2.01218770750252	1.0472384496317	0.319111364107436	0.602262963952914	-5.46140622094684
ADRA1B	-0.729198547967568	-2.57673378959272	-1.04721540884772	0.319121491488369	0.602262963952914	-5.40922119703164
GNRH1	0.518503924457395	-0.476901489169061	1.04713701329866	0.319155951400794	0.602262963952914	-5.6196816737724
ENSG00000288983	-0.335507291549714	0.986949112326363	-1.04712492017595	0.319161267359805	0.602262963952914	-5.77441945907941
DPH1	-0.327115246493281	3.77675377049121	-1.0469575876183	0.319234831144077	0.602354155657813	-6.13142564115452
ENSG00000288989	-0.507412847433919	-1.62953174536341	-1.04684307091915	0.319285183056193	0.602382069243322	-5.49922976345927
NET1	-0.345011413564151	6.76806942366645	-1.04673920038806	0.319330859125329	0.602382069243322	-6.40160442040124
ENSG00000289260	-0.798136597833488	-4.03164820399682	-1.04667623943597	0.319358547996862	0.602382069243322	-5.28679804816381
ENSG00000268105	0.946776599214386	-3.48082506167056	1.04664748472238	0.31937119430284	0.602382069243322	-5.33146338533306
ENSG00000291096	0.512672982611972	-0.826153722233439	1.04656418595878	0.319407831179848	0.602382069243322	-5.58285587089672
LPAL2	0.723631931196029	-0.927947500981618	1.04651548110728	0.319429254257474	0.602382069243322	-5.5720699285423
WDR55	-0.284276806772096	5.0864471522944	-1.04642445980321	0.319469293345468	0.602382069243322	-6.29570216151345
QSOX2	-0.243277236550539	5.67872293512492	-1.04641598560498	0.319473021227501	0.602382069243322	-6.34501519643288
CTBP1	-0.252637199129504	7.0227381711647	-1.0464074484795	0.319476776824987	0.602382069243322	-6.41155181538828
ENSG00000309253	0.843528562184596	-3.53150911573772	1.04621304547868	0.319562306350763	0.602400858917939	-5.32766424099843
JRKL	-0.281473714058655	3.3914667798922	-1.04619313085859	0.319571068959281	0.602400858917939	-6.07657026832691
ENSG00000289378	-0.591062545783434	0.251010364188896	-1.04613783971274	0.319595398500313	0.602400858917939	-5.69708852785349
RNF145	0.21131923490253	6.61460989266444	1.04612981747853	0.31959892860777	0.602400858917939	-6.39599453658177
COA3	0.276724276175815	4.96928043672163	1.04604471570173	0.319636378639853	0.602400858917939	-6.28428354852294
HACL1	-0.22314679478125	5.50419616536378	-1.04604061910614	0.319638181478057	0.602400858917939	-6.33254102975462
PKD1L1	-0.719702827663693	-1.82342631008029	-1.0459203942689	0.31969109368308	0.602453006943077	-5.4809380236624
MIA2-AS1	0.473819421693777	-1.40750015171653	1.04560412623085	0.319830318057995	0.602667787864374	-5.5228823419798
ENSG00000295720	0.59342393367199	-3.26235036687284	1.04553594967868	0.319860336045941	0.602676769590944	-5.35089458984929
POLM	-0.270778214531884	3.86939737390441	-1.04545498831866	0.319895985913481	0.602696360577602	-6.14622597575974
COPZ1	0.243477406165291	7.13263354149199	1.04526786892562	0.319978391998816	0.602742303334312	-6.41660844945436
YTHDC2	0.233196435034318	5.91583885848538	1.04525102380744	0.319985811256644	0.602742303334312	-6.36172746825676
EPB41L4A-AS1	-0.362699862417936	4.31171243991823	-1.04522758737512	0.319996133806053	0.602742303334312	-6.20732198602713
ENSG00000300914	-0.952086106257085	-3.96982672082745	-1.0448587757474	0.320158609488363	0.602991633921626	-5.29338443669687
ENSG00000240731	-1.38674765615742	-1.28479737764638	-1.04481242574926	0.320179032835663	0.602991633921626	-5.53626597785588
KMT5AP1	-0.41576211232607	0.996322015326747	-1.04467875104551	0.320237939840895	0.603027724283044	-5.77789146441025
ZNF618	0.224650992159781	5.929905626062	1.04465427068316	0.320248728591259	0.603027724283044	-6.36319066831954
MRPS15	-0.209777017539887	6.5182719104534	-1.04448294128947	0.320324242897895	0.603122333957404	-6.39355832607699
RLN1	-0.500174467401022	-1.0121966405967	-1.04434846696798	0.320383522533339	0.603186363674624	-5.56523351176659
ENSG00000261167	-0.394960567033855	1.78599606216202	-1.04428057885548	0.320413452444012	0.603194517913107	-5.86752569463439
ENSG00000284882	-0.976490179937871	-3.83400534067895	-1.04416031741757	0.320466477410461	0.603194517913107	-5.30488710939524
WDR86-AS1	-0.328286877262139	0.96782718426008	-1.04413584290467	0.320477269377816	0.603194517913107	-5.77532851416324
EFHD2	0.234369098245566	5.42377819422709	1.04410936212008	0.320488946313156	0.603194517913107	-6.32818001701565
WASHC5	0.261656283143667	6.53519958495444	1.04404130624803	0.320518957619028	0.603203434907219	-6.39474349137394
ENSG00000288973	0.325971978103931	1.99690799586771	1.04389219763495	0.320584718990461	0.603213886157299	-5.89304285930101
ENSG00000267760	-1.01879793055182	-3.57588014957037	-1.04388401776778	0.320588326851107	0.603213886157299	-5.32619103492876
GMEB1	0.200614007515656	5.04452276737416	1.04385679767981	0.320600332924345	0.603213886157299	-6.29420610061444
ENSG00000279455	0.591007592443038	-3.58023198015803	1.04372577125468	0.320658130010093	0.603228804159489	-5.32598084683843
BOLA3	0.350138572701158	4.6305723844063	1.04372422790908	0.320658810842227	0.603228804159489	-6.2488813444818
MRPL3	-0.578162206111314	7.51761787373316	-1.04355355801747	0.320734106943941	0.603322898047844	-6.43108132821336
ARHGAP25	-0.485077880883151	1.68240715586626	-1.04338530782208	0.320808348549184	0.603414993681407	-5.85631602308802
ARIH2P1	0.621777386832555	-0.119797942183356	1.0432722068713	0.3208582624232	0.603461319878212	-5.66118005451252
ENSG00000223669	0.91490097322652	-3.13596353422446	1.0431816972933	0.320898210449678	0.603488896761679	-5.36392592185713
AOX1	-0.593724013968628	3.74597851959364	-1.04300143265817	0.320977784631253	0.603590985328877	-6.13101930459889
KAT2B	0.626965744325316	0.367312774651363	1.04283662710789	0.321050547703342	0.603665174448306	-5.71255397010902
TMCC1-DT	0.604018858847608	1.35187006577486	1.04279750402904	0.321067822702761	0.603665174448306	-5.81914108860552
ENSG00000272660	0.64511218192773	-3.38372988178633	1.04269940219559	0.32111114315417	0.603670261771191	-5.34332268559803
ENSG00000275720	-0.631903919169347	-1.79711600365742	-1.04267682252911	0.321121114654001	0.603670261771191	-5.48666119492523
CAMK2N2	0.322655330486114	3.20112473772483	1.04261612153017	0.321147922227932	0.603673108593687	-6.05293837476095
DIRC3	-0.691913080813566	-0.959527412338198	-1.0423060515373	0.321284885684226	0.60384657127193	-5.57282893165683
ENSG00000246792	-0.841433236557848	0.865206997761892	-1.04229265636607	0.321290803560659	0.60384657127193	-5.76603570997521
VASH1	0.46250591585283	4.28457519745647	1.04219647724144	0.321333297114501	0.603878882065497	-6.20681772488964
ENSG00000307990	-0.675558705052583	-1.74555573740286	-1.04188533762053	0.321470792786101	0.6040897103713	-5.49251343965242
ENSG00000272275	0.473502586125242	-0.115224386073047	1.04149833354501	0.321641875448637	0.60436098166154	-5.66341359731213
MICAL2	-0.929297813603551	1.3080968092115	-1.04143759580161	0.321668731961525	0.60436098166154	-5.81559166403311
H2BW1	0.80823591372503	-3.32440484346839	1.04138697145525	0.321691117904563	0.60436098166154	-5.34956382303404
NFYB	-0.182389844653823	5.98034385836093	-1.04130277137725	0.321728353535723	0.60438336197065	-6.36962396717201
ADAMTS20	-0.533049760777283	3.03983423814119	-1.04111292838533	0.321812319310207	0.604452249591142	-6.03168947985241
MAPKAPK5-AS1	-0.240485168471823	4.90321528943477	-1.04110534016384	0.321815675851788	0.604452249591142	-6.28245840248661
HES6	-0.300454783712712	4.72866842786186	-1.04091313482508	0.321900703919745	0.60456437680615	-6.26330846626187
WASH6P	0.283876894463752	3.05978031852544	1.04069929500274	0.321995322526811	0.604688744902426	-6.03490762398864
ENSG00000282381	0.407697067069501	1.29803358972041	1.04044269355072	0.32210888964513	0.604688744902426	-5.81545988410762
GEMIN5	-0.265888402667489	6.12343719436219	-1.04044174207171	0.322109310808383	0.604688744902426	-6.37852816020312
MEG3	-1.82718677972266	-2.82308229795034	-1.04040489990632	0.322125618965516	0.604688744902426	-5.39380022784778
PRP4K	0.270298075029164	6.67189522100356	1.0403837054133	0.322135000973283	0.604688744902426	-6.40426876984862
CDH26	-0.653655434712648	-0.198504444378342	-1.04038222513848	0.322135656243142	0.604688744902426	-5.65579073959398
ENSG00000272223	0.724250457259602	-2.72978038345311	1.0403627572037	0.322144274162414	0.604688744902426	-5.40209989298975
SNORA33	0.659578855163234	-1.43636212342293	1.04022040516563	0.322207294760198	0.604751123265602	-5.52518863895036
HULC	-0.42132842234707	-0.43249240249485	-1.04017322791868	0.322228182619041	0.604751123265602	-5.63127986244965
ENSG00000225218	-1.07081906091043	-2.23840829087241	-1.03996889737053	0.322318662292616	0.60483297762107	-5.44710861724277
SPOCK3	0.856346235873052	-1.49222134249149	1.03993246473272	0.322334797045622	0.60483297762107	-5.51978294160106
GET1	0.511958606612483	4.55211684995019	1.0398774330209	0.322359169834862	0.60483297762107	-6.24335544904868
ACTG1P20	0.692270698145064	-2.11112855102304	1.03983132786516	0.322379590241082	0.60483297762107	-5.45916040719872
FUCA1	-0.281623941969615	3.82848040336668	-1.03978862199021	0.322398505941059	0.60483297762107	-6.14618271829239
GLIPR1L2	0.741731303095019	-3.55070698835748	1.03966574537083	0.322452936295817	0.604847572024432	-5.33224359765608
KLF3-AS1	0.818421583314966	0.824322870883391	1.03965663957079	0.322456970144504	0.604847572024432	-5.76425236572883
RNF114	-0.223742169040889	6.2794216494727	-1.03958335519029	0.322489436338715	0.604860933367081	-6.38745825540359
SIX5	-0.488908340692634	4.84191509638409	-1.03945673061022	0.322545538912395	0.604901903915473	-6.277477570098
MINDY3	0.288890807238512	4.41458554703738	1.0394043266287	0.322568759284442	0.604901903915473	-6.22658389121371
PPM1E	0.230303260955246	5.04652103388405	1.03936245326075	0.322587314410531	0.604901903915473	-6.2989967297625
MSH2	-0.272753442437429	8.39123957829448	-1.03923299197016	0.32264468698561	0.604961956499769	-6.46019818606394
MFAP3	0.19869688328979	5.48118978783412	1.03909117985658	0.322707541796577	0.605032278087895	-6.3378551139558
ZBTB20	0.687146697571404	-0.274406512424663	1.03880796476629	0.322833097604621	0.605220135144882	-5.64936011782185
KRT8P39	-1.10725536713268	-3.12949122922783	-1.03871333425197	0.322875057679706	0.605251256805023	-5.36871676528495
CEBPB	0.569720600538802	3.44077738630667	1.03848585543141	0.322975940721403	0.605326517786101	-6.09153917975623
ENSG00000287670	-0.461476130821639	0.680102033186872	-1.03841372248301	0.323007935416886	0.605326517786101	-5.7500435819236
PTGIR	-0.90957120255921	-3.91589040669742	-1.03828728531456	0.323064022586322	0.605326517786101	-5.30381742085237
TRAPPC8	-0.237281572096955	6.00040721845404	-1.03827011292205	0.323071640774983	0.605326517786101	-6.37386985730224
ENSG00000303604	-0.685264346124351	-2.36687464813391	-1.03816083336751	0.323120123625445	0.605326517786101	-5.43696956227078
ENSG00000289441	-0.67100571022948	-2.70768223943514	-1.03813787907482	0.32313030819667	0.605326517786101	-5.4061855967052
CPSF6	0.200752302527531	7.33246319227202	1.03807973860862	0.323156105570665	0.605326517786101	-6.43073742963797
TOP3B	-0.427831338848756	4.60036251990209	-1.03802015500769	0.323182544879081	0.605326517786101	-6.25106275832795
ADNP	0.186608233038434	7.64439333066157	1.03800957632071	0.323187239178832	0.605326517786101	-6.44066317596732
CDKL4	0.724611844551833	-3.87560484232134	1.03800369685009	0.323189848220169	0.605326517786101	-5.30730623542397
IGIP	0.583589081883037	-1.00796126573127	1.03799390485878	0.323194193495131	0.605326517786101	-5.57189579015502
MAGEF1	0.193009119558369	6.12311368433559	1.03786480785798	0.323251485429609	0.605386315344357	-6.38114252322828
RPL35P1	0.750787351696622	0.381904957305971	1.03758817414981	0.323374278326396	0.605507507074128	-5.71929193049631
PPP2R5C	0.201966935033253	6.93513475611583	1.03755735825944	0.323387959131996	0.605507507074128	-6.41740006616632
UNC13C	0.704847733716829	-2.70388805976379	1.03754756478915	0.323392307063054	0.605507507074128	-5.40708555389766
ENSG00000303006	-1.37635900479995	-2.2710779984179	-1.03742757892724	0.323445579817861	0.605530179321589	-5.44651018560903
SF3B4P1	0.734860092445075	-4.15211350502099	1.03740600760888	0.323455158007749	0.605530179321589	-5.2860121748076
MAPK8IP3	-0.592436026887117	5.14719515896022	-1.03721352086686	0.323540636227863	0.605641242997245	-6.31089505295747
DEPDC7	0.356063405571293	2.89207852827012	1.03715813201718	0.32356523607734	0.605641242997245	-6.01517503546434
BACH2	-0.48760608384298	2.21622060965435	-1.03709916522368	0.323591426541691	0.605642767979182	-5.92674454081073
ZNF688	0.324334745813344	1.88192335793622	1.03690731535079	0.323676648852834	0.605715015938805	-5.88626062139222
FAR1	-0.176935124794452	6.1709737353274	-1.03689800347856	0.323680785741129	0.605715015938805	-6.38466470788302
EPB41L1	0.204434367275765	6.00273870474828	1.03674136816579	0.323750378424051	0.605797748478779	-6.37556234887739
RPL24P4	0.269798740874172	7.96399106282625	1.03656230250401	0.32382995060971	0.605899140106769	-6.45148095068174
RN7SKP80	0.975582066507565	-3.15477432500811	1.03647464173044	0.323868910158267	0.605909795182667	-5.36865957828161
ENSG00000243829	0.740212883528317	1.51542308270681	1.03639390419025	0.323904795888059	0.605909795182667	-5.84408385063902
PLCG2	-0.337320033274676	4.01316892113389	-1.03632483734588	0.323935496665628	0.605909795182667	-6.17581546468643
VIRMA	0.193674211935049	6.16691827939206	1.03632102117093	0.323937193050272	0.605909795182667	-6.38504221000738
NR2C2AP	-0.290463291988186	3.49383496776442	-1.03619580599034	0.32399285800824	0.605966424424628	-6.10154715341016
LINC01239	0.676789128719735	-2.40586238448045	1.03600924860257	0.324075806223497	0.606065302725481	-5.43545497887936
ENSG00000305656	-0.407426822612968	-0.953921797718215	-1.03591342619225	0.324118417525041	0.606065302725481	-5.57967324310399
ST8SIA5-DT	0.654108135367544	-1.1270698411964	1.03590558249625	0.324121905727073	0.606065302725481	-5.56137079581777
UBE2D1	0.400247625174792	6.08735827209635	1.03556480411964	0.324273481857503	0.606301229259148	-6.38153737368448
ENSG00000261560	0.941117470086263	-3.93347508268817	1.03544697615567	0.324325903379911	0.60635085644348	-5.30506030347757
ZNF845	-0.278659576265417	4.72335308057017	-1.03539042173291	0.324351066633195	0.60635085644348	-6.26831900710409
PACSIN2	-0.18349920242503	6.43236497663403	-1.03533384646079	0.324376240628078	0.60635085644348	-6.39906360234017
PCBP1	-0.246597491597491	8.97647129606765	-1.03514118392713	0.324461979631456	0.606463628151301	-6.47841107361705
LINC02691	-0.809800324580409	-4.39158886340742	-1.03500673824171	0.324521820941887	0.606527979672671	-5.27357926648315
TXN	0.326466556774029	6.92621535891737	1.0347405210861	0.324640337694523	0.606701976333504	-6.41994127238614
ENSG00000278276	-1.09804354812138	-3.72983922319073	-1.03453867386845	0.324730219333812	0.606822435393054	-5.32232541163777
KIAA1586	0.205609225478174	4.83195253629125	1.03444122605728	0.324773619073511	0.6068286285497	-6.28147492969121
INHBE	-0.852810372777871	5.03599925425561	-1.03441705572139	0.324784384342141	0.6068286285497	-6.30297251681658
ENSG00000308729	-1.11263213246292	-3.57550119088563	-1.03420290015472	0.324879779153315	0.606891579443408	-5.33531305492449
BECN1	-0.247625575450206	5.45975004701452	-1.0341192675831	0.324917038677217	0.606891579443408	-6.34124590945072
VPS11-DT	0.95148227509027	-3.69547763820714	1.03410061658543	0.324925348404015	0.606891579443408	-5.3255386536812
ENSG00000272842	-0.567222064796395	-2.5121061712394	-1.03407753317914	0.324935633157516	0.606891579443408	-5.42762010089796
CALML4	0.460578210722761	-1.21929746653276	1.03405602345185	0.324945216981913	0.606891579443408	-5.55352316052391
VSIG10L-AS1	-0.933555597334463	-1.97354145300546	-1.03387990381693	0.325023696408794	0.606990654318363	-5.4779844981754
ENSG00000295132	-0.49432081178425	0.00596752450121517	-1.03372962922024	0.325090670441132	0.607068228731594	-5.68376000352253
SYNPR-AS1	0.445613604647155	0.825623713395584	1.03366227094635	0.325120693876383	0.607076795552154	-5.77034486642945
DNAJC9-AS1	0.379812933053405	1.08387851999164	1.03358443851329	0.325155388520025	0.607094082594651	-5.79854097312366
PSAT1	-0.323117865588708	9.06997802746515	-1.03342901829462	0.325224677054218	0.607138309786644	-6.48225434412785
FKBPL	-0.426680141774241	2.91895240166925	-1.03335760038935	0.325256519877335	0.607138309786644	-6.0227054113623
NAPA-AS1	0.459050132735817	0.517902031360174	1.03334183258819	0.325263550520199	0.607138309786644	-5.73783283582163
NSG2	0.847268808770134	-1.41403526373748	1.03318399674037	0.325333933600533	0.607138309786644	-5.5342837351365
CHPF2	-0.52906309156282	4.12170212289414	-1.033168653456	0.325340776175732	0.607138309786644	-6.19397208176278
ENSG00000227627	-0.344735143414543	1.12134091505271	-1.03316636418784	0.325341797119552	0.607138309786644	-5.8030806849658
MADCAM1-AS1	0.505004961047286	-2.05928775103849	1.03313194996571	0.325357145102911	0.607138309786644	-5.47051285384439
EMX2	-0.864787685339553	-4.05171178684592	-1.03298653239479	0.325422004118117	0.607165326861549	-5.29797132217152
CFAP263	-0.250211672828764	4.48565153908652	-1.03282420082787	0.32549441853974	0.607165326861549	-6.24224701098047
TUBB4B	-0.332238171500563	8.46246082327749	-1.03268757541249	0.325555375069329	0.607165326861549	-6.46867493242227
SMIM39	-0.879269699055794	-2.595585728802	-1.03264786846476	0.325573092247479	0.607165326861549	-5.42144280205243
ENSG00000289166	-1.72222448971214	-2.13781862561227	-1.03261713457676	0.325586806156208	0.607165326861549	-5.46356037029066
SDCBP2-AS1	0.483593162778555	0.689779485181505	1.032596842953	0.325595860811598	0.607165326861549	-5.75684080993593
COQ2	0.298842104266232	4.7705318578823	1.03258606711993	0.325600669347964	0.607165326861549	-6.27650344454117
LSM12P1	-0.225561198663962	5.13093442668931	-1.03256403684489	0.325610500157499	0.607165326861549	-6.31407671392871
CIR1P1	0.418110627726524	-0.894949621708013	1.03255422397469	0.325614879132997	0.607165326861549	-5.58923606765151
C22orf46P	-0.382351127770462	3.79052817100818	-1.03252926212455	0.32562601851208	0.607165326861549	-6.14806380277567
FOXN4	0.741920545975323	0.677498429508049	1.03240252527273	0.325682580014878	0.607223352645504	-5.75572182994994
TIALD	-0.87641353072824	-2.58681486377194	-1.03221367028368	0.32576687792816	0.607268147820642	-5.42264493694843
ENSG00000271967	0.919262380600554	-3.10801233456774	1.03219287752665	0.325776160047772	0.607268147820642	-5.37672187705768
HSP90B2P	0.898318944420901	-0.19420095205555	1.03217769615645	0.325782937306553	0.607268147820642	-5.66431168633137
ENSG00000297880	0.641219622048301	-2.60433581674967	1.03208485484382	0.325824385770586	0.607297978538584	-5.42119018364017
RPL39L	-0.247668629520694	5.15908691562374	-1.03190331352007	0.325905445248887	0.607401629061001	-6.3174156834011
CEP290	0.492421203612215	4.04218800368344	1.03162569602877	0.326029432612439	0.607580730894307	-6.18457918365528
NASPP1	0.339380073019706	3.18067744979093	1.03157415036591	0.326052457422143	0.607580730894307	-6.06118730691404
LINC00960	-0.466693615554415	2.2157703709933	-1.03137576361117	0.32614108568968	0.607588547889384	-5.93242035008713
RNF125	0.382649157965548	4.74128795603388	1.03133328536624	0.326160064972293	0.607588547889384	-6.27448952367707
SLC2A1-DT	-0.670604212670887	1.1357982803721	-1.03129002109129	0.32617939630306	0.607588547889384	-5.80653744954117
DESI1	-0.215708447249449	5.771918289784	-1.03118524481805	0.326226215960777	0.607588547889384	-6.36693512827224
TMX1	0.177268820960265	6.8418874031513	1.03116738321843	0.326234197983222	0.607588547889384	-6.42040036608362
ERN2	-0.569843486296391	1.07463038635768	-1.031108316348	0.326260594929247	0.607588547889384	-5.79998007525064
SCDP1	1.10616381134616	0.346928541628279	1.03110690595414	0.32626122525289	0.607588547889384	-5.72201738403923
JAK2	0.309633236484116	2.89509232382913	1.03103900482833	0.32629157224108	0.607588547889384	-6.0217442209097
TRIM14	-0.276106002099345	4.42380048056233	-1.03090396411151	0.326351932144619	0.607588547889384	-6.23637093014331
TRPM3	-0.452533012758679	2.77419731317301	-1.03088866305098	0.3263587718722	0.607588547889384	-6.00539065294655
ENSG00000272345	0.760627930732653	-1.2259923221407	1.03087584431093	0.326364502060208	0.607588547889384	-5.55590799933916
ENSG00000277959	-0.597158398080188	-2.1429300684001	-1.03083983222816	0.326380600457491	0.607588547889384	-5.46477827149568
DCUN1D1	0.254185346280409	5.55217807092251	1.03082418186975	0.32638759678593	0.607588547889384	-6.35173736855601
ENSG00000304794	-0.512482345456621	-1.52688208452786	-1.03069711738578	0.326444403784805	0.607620682148688	-5.52520305561001
DBIL5P	-0.484036869591257	-0.918044407243213	-1.0306716821541	0.326455776058685	0.607620682148688	-5.5886061227357
ENSG00000299233	0.788754680284775	-4.16576425477494	1.03048465834271	0.326539404846546	0.60769736747519	-5.29135430876091
ENSG00000289552	-0.662457768588166	-2.54794990498093	-1.03046566135092	0.326547900359045	0.60769736747519	-5.42781079774647
DZIP1L	-0.571753966998885	2.42860966231734	-1.03034712163054	0.326600915418496	0.607719840416054	-5.9603546936081
DACH2	-0.460619986981352	0.608655532867438	-1.03032479408373	0.326610901789782	0.607719840416054	-5.75044159673322
RNF146	0.201081318291537	4.96705094865441	1.03022279791018	0.326656524201807	0.607757348232346	-6.30016607424862
RAI14-DT	0.471187682309024	-1.42437339471579	1.02991609207844	0.326793741014546	0.607925134420754	-5.53638709752053
LINC00862	0.431870642344132	0.521996235501486	1.02986732496816	0.326815562855728	0.607925134420754	-5.74169479690824
CERS3-AS1	0.610787846687936	-2.41466496143846	1.02985043744297	0.326823119778468	0.607925134420754	-5.44051779972314
NEK8	-0.289276629899065	3.83289371644463	-1.02978590585854	0.326851997931304	0.607931470902932	-6.15693234366181
PAXIP1-AS2	0.541899952361355	-0.305341503120991	1.02971976531651	0.326881598080192	0.607939149176338	-5.65501242802668
FKBP1A	0.30066175866033	7.68434522335231	1.0295090771103	0.3269759016077	0.608037005830536	-6.45053172868156
ETS2-AS1	-1.10636332479263	-3.71742711867887	-1.02936781897416	0.327039139800022	0.608037005830536	-5.32815443202469
TENT4B	0.260168831993624	4.76647039889413	1.0293018931514	0.32706865648639	0.608037005830536	-6.27937221430734
COPB2-DT	0.443826138961352	2.15798655033154	1.02928621876815	0.327075674604066	0.608037005830536	-5.92735208671382
CYLD	0.311658744364306	3.97905080813741	1.02924274170753	0.327095141804958	0.608037005830536	-6.17818952399311
ENSG00000222017	0.416014442553435	-0.0221413088116601	1.02920537003783	0.327111875960909	0.608037005830536	-5.68525085907299
CWC22	0.213617041943542	5.93684671075802	1.02914277507702	0.32713990594854	0.608037005830536	-6.37941872584261
EVC	0.357596698697791	3.67321811956036	1.02906668598535	0.327173981019108	0.608037005830536	-6.13466639297376
ENSG00000291042	0.564205881186511	-1.00337937394291	1.0290542446299	0.327179552898946	0.608037005830536	-5.58107252122171
C1orf159	-0.278548005038998	3.56143690942236	-1.02900565272049	0.327201315538843	0.608037005830536	-6.11853064918689
MVB12B	0.27463617509699	4.45440746145375	1.02894664639035	0.327227743893895	0.608037005830536	-6.24222297480315
ENSG00000297388	-0.680249245234125	-2.31032373906539	-1.02891944628415	0.327239927091517	0.608037005830536	-5.45099431462643
ZNF215	-0.25956614161825	3.91128684746631	-1.02878691452046	0.32729929423717	0.608099973186871	-6.16904247867787
TPK1	0.37481988469959	1.88313371132006	1.02845246086168	0.327449147403105	0.608281557127171	-5.89484174273519
OXER1	-0.539814005312466	-0.227557383486898	-1.02840108179176	0.327472172525079	0.608281557127171	-5.66450444396582
ENSG00000259523	-0.855498447071854	-4.44552517753745	-1.02836089305875	0.327490183630167	0.608281557127171	-5.27698020263145
SQLE	0.466658962742981	8.29264437762877	1.0283412797515	0.327498973858639	0.608281557127171	-6.46874513511202
PSEN1	-0.202705350911422	6.04708525429003	-1.02821711180659	0.327554627138885	0.608327723085336	-6.38674451588132
GJC2	-1.08877840632564	-1.72941999777019	-1.02814531532918	0.327586810243939	0.608327723085336	-5.5073555460085
ENSG00000270977	-0.855914049492063	-3.11738741016637	-1.02811523558517	0.327600294331748	0.608327723085336	-5.37974666794577
PRKAA2	-0.336083293005721	4.33038352682309	-1.02783233717049	0.327727131771375	0.608501409302336	-6.22745924336391
KLHL8	0.244811463943245	3.89723178411051	1.02777671824081	0.327752072822875	0.608501409302336	-6.16806994531673
CARHSP1	-0.282399893005834	7.35629374336634	-1.02773603898375	0.327770315414205	0.608501409302336	-6.44204306315439
ENSG00000219487	0.842997735580569	-0.526673680355362	1.02745095130578	0.327898184128682	0.608691449062709	-5.63368314381555
ENSG00000273063	-0.607944136557455	-2.91173793584815	-1.02701269547336	0.328094825158578	0.60900911433036	-5.39867826280453
AP1AR	0.224979069953137	4.99148981186704	1.02666848080794	0.328249332621866	0.609248528010427	-6.30627361909964
CCDC86	-0.313938583385156	5.84591987902523	-1.02637147879579	0.328382691444358	0.609448654486974	-6.37658813354701
ENSG00000226276	-0.805708616300949	-3.18837977911335	-1.02590182516017	0.328593656294665	0.609792768430508	-5.37571396138345
STX1A	-0.419630852793016	2.45016691622324	-1.02575702275363	0.3286587208472	0.609828165165606	-5.96771241490365
DNAJB6P1	-0.353118533985864	6.02435999132449	-1.0257456477429	0.32866383242658	0.609828165165606	-6.38795943858681
ENSG00000307878	-1.03087769041075	-2.51120164011995	-1.02560632632543	0.328726443995833	0.609896924661734	-5.43574207856916
H2BC7	0.562552520210981	-0.734095284452992	1.02533250852664	0.32884952469741	0.610077855107119	-5.61348634332095
ENSG00000309758	-1.44637609312399	-3.17798639399603	-1.02521323911911	0.328903146878447	0.610129908794333	-5.3772503141358
CRYBA4	-0.551002345498617	1.53684007191883	-1.02488919756457	0.329048865267035	0.610321062490948	-5.85796326021541
MPRIP	-0.284195780780848	6.92715570189508	-1.02487036462577	0.329057335741129	0.610321062490948	-6.42999026499409
KRT18P29	-0.913035709606381	-2.419389320154	-1.02476298006603	0.329105637108779	0.610341193281765	-5.44491130049285
DUSP16	0.291857802793169	6.78401984783515	1.0247130451031	0.329128099561242	0.610341193281765	-6.42468439660944
JRK	-0.516828051284094	5.06195989243351	-1.02467568282077	0.329144907140805	0.610341193281765	-6.31541290857808
ENSG00000225356	0.90681258462254	2.7405925842233	1.02456487271758	0.32919475929846	0.610386211946577	-6.00717505064102
DCUN1D5	-0.291381063738593	6.5574834575838	-1.02449063195429	0.329228162494159	0.610400726656421	-6.41560720872581
CCDC107	-0.471345746766576	2.84468620408078	-1.02406446113808	0.329419958749445	0.610708882668401	-6.02180402686094
COL4A3	-0.749563318639714	-2.70528054793067	-1.02395495086392	0.329469256817099	0.610752835142036	-5.41983215899914
SFTPD	-0.722391588469633	-1.85460477906877	-1.02365374411524	0.329604878976545	0.610956791436254	-5.49931791678461
PEX5	-0.292220237229269	5.80340039578571	-1.02337901644559	0.329728614909465	0.611138685411524	-6.37690248127912
MIR4527HG	-0.577534938363738	-3.90645830696559	-1.02297920733791	0.329908748781229	0.611387999798459	-5.31876742353238
GRAP	-0.749067279670898	-1.45980990516744	-1.02296675399848	0.329914360807992	0.611387999798459	-5.53944599474283
CSTA	-1.06532162422823	-3.47338856537897	-1.02280790061704	0.329985953429828	0.611473194915349	-5.35443524596235
CCDC28A	-0.291709682395586	3.31418786860842	-1.02268797689816	0.330040008763745	0.611525882242396	-6.08917387898262
ELMO2	0.201699587806014	5.53943949858668	1.02251866627775	0.330116336369067	0.611619826123314	-6.35915485804063
AOC2	-0.381920205347664	1.68668717971823	-1.02236107616003	0.330187392033854	0.611687120472463	-5.87776741504835
ENSG00000253204	0.574692320434236	-0.101829441688453	1.02219372910812	0.330262859477728	0.611687120472463	-5.68375199245899
ENSG00000283240	0.688356952910541	-3.43728723723162	1.0221866220936	0.330266064767863	0.611687120472463	-5.35804045962223
ACTR1A	-0.204998648341385	7.46505943395268	-1.02218326029866	0.330267580958037	0.611687120472463	-6.45115717701913
FBXL12	-0.185201874279079	4.91002787076525	-1.0221539443607	0.330280802846132	0.611687120472463	-6.30238319070935
ZNF429	0.250434439100598	3.94441486113357	1.02189335188307	0.3303983509552	0.611828133560338	-6.18066014999669
YEATS2-AS1	0.581068426191948	-3.25174819297521	1.02187149242936	0.330408212739733	0.611828133560338	-5.37405237371297
LINC03006	0.28751065441951	3.81729271139616	1.02166739415541	0.330500301256499	0.611951178439787	-6.16285293934185
NHLRC1	0.430657567464264	-0.351579769540005	1.02148286444433	0.330583576963983	0.612057887782126	-5.65815270917714
TDH-AS1	0.569285699895742	-1.34980267856968	1.02141796680965	0.330612868086251	0.61206463873833	-5.55219917984421
SRM	-0.320932066212675	6.96331728841195	-1.02109935261084	0.330756700576829	0.612283422994429	-6.43513829735882
CCDC144A	-1.04665821467391	-2.21229248760906	-1.02103991290048	0.330783538695655	0.612285614863441	-5.46759768558736
ZIC4	-1.33464770611611	-1.50738603519268	-1.02095016144406	0.330824066198481	0.612291556421943	-5.53653561199271
VBP1	0.224579128527429	6.55234335680025	1.02086338693137	0.330863252972425	0.612291556421943	-6.41904304667763
METTL3	-0.23714222839329	6.14220836555325	-1.02086237154667	0.330863711533657	0.612291556421943	-6.39940534579322
GATA6	0.760372296976728	-4.02493310912327	1.02069259672168	0.330940390760583	0.612385975056817	-5.31142600649978
NSA2P2	1.16513560316864	-2.65115112901919	1.02063054659691	0.330968419159207	0.612390360498705	-5.42780500756579
NIPSNAP1	-0.264925632898256	8.20326441423553	-1.02035184498794	0.331094332092021	0.612547766184205	-6.47447225408713
ETS1	-0.836169836554316	4.95068144936386	-1.02032863480749	0.33110481969005	0.612547766184205	-6.30844654466571
BTN2A2	-0.273474708555114	4.10418424183046	-1.02011689491879	0.33120050649672	0.612677297206419	-6.20469604020336
EOLA2	-0.427686710029978	4.39717742034942	-1.01975614222085	0.331363580721874	0.612931456334881	-6.24422705815767
C9orf43	-0.459714755726285	-1.05957314218382	-1.01949785451081	0.3314803735227	0.613099974803649	-5.58435383229469
ENSG00000290123	-0.97241885949086	-3.17864095846713	-1.01938139514734	0.331533044262416	0.613111154860957	-5.3826375351266
LAMP1	-0.220479053692755	7.64543687325675	-1.01931837411907	0.331561549199189	0.613111154860957	-6.45965022131175
CAP1P2	0.564354186276593	-0.82738302446332	1.01931409635765	0.3315634841325	0.613111154860957	-5.60926509122416
TMEM41B	0.287134227096007	5.34446906804561	1.019177256708	0.331625384399382	0.613178110432295	-6.34684165248527
ENSG00000306573	-0.75041479306114	-3.86617274258951	-1.01909337601307	0.331663332607021	0.613200771502965	-5.32558429398076
CDC14A	0.228637642232465	3.71627659308111	1.01870422114397	0.331839431259473	0.613424162248103	-6.15123389594375
OPA1	0.176084361949792	7.28905915519901	1.0186745230433	0.331852872971545	0.613424162248103	-6.44896463265829
GAS5	0.202964895755152	5.948466915184	1.01865598482755	0.331861263792999	0.613424162248103	-6.39069793939778
SPAG5-AS1	0.593691099847372	-2.37371236297206	1.0185387521288	0.33191432965726	0.613445716446835	-5.45498343992516
SLC35G2	0.354718158755649	1.93266959822012	1.0184743133706	0.331943500816581	0.613445716446835	-5.9106546065557
KRAS	0.22433603875367	7.28547424802356	1.0184057847293	0.331974525542787	0.613445716446835	-6.44911527132155
METAP2	0.228297230164231	7.81755632035775	1.0184031127383	0.331975735267412	0.613445716446835	-6.46568978958406
TTC21A	-0.573454237616259	0.887123998187759	-1.0182761247348	0.332033231952105	0.613504462878447	-5.79214877728703
SMIM10L2A	-0.458855123854862	4.03141466323979	-1.01821048356515	0.332062955378645	0.61351188698112	-6.19657055612092
ENSG00000309181	-1.06378677666399	-3.03719670152509	-1.01813892937713	0.332095358575227	0.613524260632784	-5.39602935888282
ENSG00000145063	-0.45836732612378	-2.41082527010109	-1.01797417871311	0.332169974589092	0.613614611727388	-5.45210652695683
ENSG00000258526	-0.541098585135604	-0.202752464146187	-1.01781425987714	0.332242414186493	0.613636669506437	-5.67741451674303
ARIH1	0.233823312845371	7.08364688232776	1.01774847829521	0.332272215159643	0.613636669506437	-6.44284866866027
SRL	-0.754059751858104	-2.14250178298327	-1.01770809013158	0.332290513159896	0.613636669506437	-5.47729730639824
TOB2	-0.260637938023598	6.11758316111281	-1.01761680569239	0.332331872659899	0.613636669506437	-6.40133759417245
C1GALT1P1	0.862375599093818	-3.3228979045305	1.0175565244899	0.332359187195529	0.613636669506437	-5.37200343117594
ENSG00000260036	0.636657715492647	-4.20104005364784	1.01755181604771	0.332361320748708	0.613636669506437	-5.30065952301698
HLCS-AS1	0.487666198927701	-0.608419893193986	1.01752924589657	0.332371548183175	0.613636669506437	-5.63451834651404
ZNF57	-0.248776635700548	3.51348446186907	-1.01746618083187	0.33240012671708	0.613636669506437	-6.1231659277227
ENSG00000309801	1.23339222606281	-1.78597013377849	1.01743708746622	0.332413311268644	0.613636669506437	-5.51197723102387
HMGA1P1	0.267413895416464	5.35500544087818	1.01733270261034	0.332460619672005	0.613676535940583	-6.3495848403854
PXDN	-0.197161515425272	8.09309687013354	-1.01709099769764	0.332570182312011	0.613807784767466	-6.47478221114121
PTPRJ	-0.189505562586908	5.01670876239887	-1.01706237234614	0.33258315970222	0.613807784767466	-6.31850734921404
REX1BD	-0.349305669279372	4.14461732863729	-1.01697778360256	0.332621510467648	0.613831097992063	-6.21340594676677
YWHAZ	0.278768497693649	10.1457125949982	1.01668339937681	0.332755003755463	0.61401244965856	-6.52085812889404
ENSG00000301743	-0.827183150098225	-3.31511660683707	-1.01664761435588	0.332771233767691	0.61401244965856	-5.37350766495858
ABTB2	0.299222667374804	4.7134599370812	1.01652068462319	0.332828806488015	0.614071206280879	-6.28619668179979
ADO	0.233956130937135	5.90429350438233	1.01629016898596	0.332933382588173	0.614216668642802	-6.39038793470008
SYT2	0.43827264068121	5.14795194758713	1.01610249200128	0.333018542477436	0.614326291027127	-6.33228357012321
IFI35	-0.746131579317682	0.774660633416937	-1.01601187838343	0.333059664907282	0.614354665920249	-5.78222561679021
ENSG00000309708	0.496528879636104	-2.62630321590786	1.01590058495686	0.333110177449869	0.614400355888409	-5.43447947166635
ENSG00000274979	0.825855449158288	-4.03586685401894	1.01534447284116	0.333362664361999	0.614785330827958	-5.31545981282482
TMEM72-AS1	0.689326707043435	-2.38176564802019	1.01527950369808	0.333392171033685	0.614785330827958	-5.45731131194277
ENSG00000286685	0.569809120387773	-2.70550058628767	1.01527068531096	0.333396176180763	0.614785330827958	-5.42796439811111
CACNA1H	-0.368108521240864	5.88511335525581	-1.01519849618892	0.33342896447919	0.61479829227633	-6.39028914397917
ENSG00000299147	0.868785608312251	-2.64609252646568	1.01499960049654	0.333519315297965	0.614917381090501	-5.43354264366009
QRICH1	-0.44430747270005	0.152966370808944	-1.01468680573958	0.333661442973611	0.615123362246637	-5.71774473560791
HELZ	0.206225851973342	5.52903288838446	1.01459319199298	0.333703987934668	0.615123362246637	-6.36631549870466
SEZ6L2	-0.370719750277739	6.70217195756915	-1.01458358475755	0.333708354396005	0.615123362246637	-6.43161483810359
ABCC11	-0.668243256015418	-2.36533878594085	-1.01445016745497	0.333768996570956	0.61518763156684	-5.4596026075543
ZNF426	-0.265088311847093	4.82326050535743	-1.01392091653047	0.334009637683189	0.615583631087619	-6.30117468812971
SERPINB8	0.448677025510974	0.348398290927256	1.0137416487197	0.33409117682418	0.615686365320261	-5.73915459757079
DBX2	1.07026596409053	-1.60047728446287	1.01362224279902	0.334145496261807	0.61573892520696	-5.53411235128305
ACSBG1	0.420899616821952	2.75889720548318	1.01346864364873	0.33421538032691	0.615820156123088	-6.02066064337632
SLC12A2-DT	0.322353585906167	2.82147324967154	1.01333431331127	0.334276506423724	0.615858755931743	-6.02928846381092
PPARD	-0.263892963975885	4.90677731254426	-1.0132884314282	0.33429738656118	0.615858755931743	-6.31092034202353
OGFOD1	0.231884958436686	6.5812605525179	1.01325249711673	0.334313740388472	0.615858755931743	-6.42792119040689
ENSG00000272851	-0.607953929056613	-1.78044423619464	-1.01311980767225	0.334374132952404	0.615922469026396	-5.51661914794267
TXNDC17	0.274438925827687	5.43559312437849	1.01300063280913	0.334428381364809	0.615974855535877	-6.36061520014791
SCD5	0.666666151202479	2.29843814705516	1.01274631529079	0.334544168580927	0.616140571920748	-5.96126186457011
FBN3	-0.41030791265488	5.80829842878549	-1.01261304302179	0.334604857467723	0.616204794227016	-6.38802326291421
TWNK	-0.308589183851481	5.2190407997786	-1.01250337120702	0.334654805422436	0.616249227761538	-6.34252078093851
RICTOR	0.239099455658416	4.70661993920036	1.01234953171226	0.334724878038322	0.616330710086456	-6.28956759587923
SRSF10	0.218782959473781	7.77304425359425	1.01225742608132	0.334766836602138	0.616341318150784	-6.47055322867772
SAFB2	0.361085693183646	5.50404076156232	1.01222351176207	0.334782287195993	0.616341318150784	-6.36676598338334
MED10	-0.256034762574884	4.39344888682769	-1.01214276793649	0.334819074379712	0.616361500055579	-6.2513606978263
SMC1A	0.189675679535851	7.68652448669184	1.01190644482039	0.334926761299928	0.616510304212533	-6.46833673342815
CCT2	-0.215462331108496	8.56721339390589	-1.01182440883357	0.334964149190737	0.616510304212533	-6.49233931594046
HMGB1P1	0.715020547195335	0.782759866619214	1.01179533395657	0.334977400805637	0.616510304212533	-5.78720719993736
AGTPBP1	-0.179182626869154	6.64239866995632	-1.01157634808853	0.335077221685515	0.616546149844434	-6.43217887326376
RASGRP4	-0.447531196976945	1.70550426429277	-1.01149685255324	0.335113463795439	0.616546149844434	-5.89065099840102
THAP5P1	-0.742923108888808	-3.42805882170633	-1.01142424002906	0.335146570473854	0.616546149844434	-5.36877587053957
ENSG00000247853	-0.983979994307228	-3.05712459629403	-1.01141050070176	0.335152835003551	0.616546149844434	-5.40055257403206
MRE11	-0.207967621635671	5.38070174805873	-1.01140058281454	0.335157357178433	0.616546149844434	-6.35769717566394
ANKMY1	-0.276488304643545	2.45696942749705	-1.01136430709277	0.335173897897089	0.616546149844434	-5.98284978277003
ACER2P1	-0.625170145545928	-2.13898440355875	-1.01133383819099	0.335187791335548	0.616546149844434	-5.48364017093073
MYB	-0.728492695548903	2.20953954488916	-1.0112993063163	0.335203537955394	0.616546149844434	-5.95154891194592
DM1-AS	0.48723028938494	-0.626340521589657	1.01116247864858	0.335265937104112	0.616609497429275	-5.63871501019565
AGAP10P	-0.774465319125007	-3.33805559322234	-1.01104973555969	0.335317359150908	0.616609497429275	-5.37673590684692
ENSG00000303713	0.588749814600189	-3.24363003050968	1.01083201406473	0.335416678335494	0.616609497429275	-5.38499103277665
RNF138P1	-0.504703458363544	2.32724379179355	-1.01082119028625	0.335421616445987	0.616609497429275	-5.96680215511136
FAF1	-0.17308842530036	5.92617151131644	-1.01081902547545	0.335422604099694	0.616609497429275	-6.39720562091753
ELF1	0.260815882385685	4.30749138474678	1.01081463231317	0.33542460840297	0.616609497429275	-6.24145818775944
BSG	-0.253405752205923	9.72434270738502	-1.01068006780107	0.335486005405941	0.616609497429275	-6.51890122211478
TTC5	0.200065974811285	4.56285632725526	1.01063191701845	0.335507976921013	0.616609497429275	-6.27411303153885
USP20	-0.386299095880438	4.42144542982252	-1.01056408880413	0.335538929186549	0.616609497429275	-6.25647146103761
PPP1R14BP3	0.280602019852266	6.68303552562015	1.01055321626188	0.335543890885389	0.616609497429275	-6.43487712352606
GLMP	0.360915230561944	6.14353682421695	1.01048644510618	0.335574363182592	0.616609497429275	-6.40987954930796
PHB1P9	0.745552341816754	-4.14570067192585	1.01048439790869	0.335575297492844	0.616609497429275	-5.31123697351438
RPS20P33	-1.09078406912763	-2.65507229599075	-1.01047210242198	0.335580909009294	0.616609497429275	-5.4369656894834
MARCHF1	-0.90608815001814	-1.24837004463637	-1.01037130427358	0.335626914729993	0.616609497429275	-5.57326666549111
CWC25	0.288692332405177	3.96651138299283	1.01032705185506	0.335647113645867	0.616609497429275	-6.19532949130768
GCC2	0.336899586562096	5.86582717758761	1.01031778747646	0.335651342464538	0.616609497429275	-6.3939704097372
MFSD14CP	0.255086425859537	4.74852875704761	1.00997374269872	0.335808413136891	0.616654585110179	-6.29674970136628
UNC13B	-0.230737282893412	6.67901434204399	-1.00991244606626	0.335836403303996	0.616654585110179	-6.43535519537063
ENSG00000286705	0.629790357947115	-3.39705620018751	1.00987113543109	0.335855268147638	0.616654585110179	-5.37282358852347
ENSG00000288012	-0.762838426617637	-2.64547621961982	-1.0098669459421	0.335857181356359	0.616654585110179	-5.43839336638805
ZNF622	-0.313266624863576	4.85873296104774	-1.00983950231737	0.3358697142021	0.616654585110179	-6.30917897250875
LRRC58	0.196884671068316	5.48992046459481	1.00983820082778	0.335870308569821	0.616654585110179	-6.36804318245395
RPS3AP26	-0.257847542382955	7.38050487482833	-1.00979450372522	0.33589026473112	0.616654585110179	-6.46088207497372
AGAP4	0.416442572133043	2.10108573881332	1.00976548579097	0.335903517504558	0.616654585110179	-5.93965213360082
ULK1	-0.335622351840429	6.14913529516287	-1.00975475154673	0.335908420036764	0.616654585110179	-6.4109081188076
ENSG00000268129	-0.430117585582323	0.0343884592999028	-1.00967017943301	0.335947047574742	0.616678063718378	-5.71017620854598
SNORD19C	-1.05157804019716	-3.74921556190468	-1.00950380501549	0.336023047176141	0.616770135119046	-5.34387655908182
TMEM199	0.24663155610157	4.22009932999672	1.00926598853833	0.33613170353799	0.61690102169633	-6.23135834459436
CATSPERB	0.702823621904909	-2.44699643649434	1.00921034836593	0.336157128826772	0.61690102169633	-5.45701396567851
ENSG00000286451	-0.732704741774392	-1.03147098757056	-1.00915642419758	0.336181771331833	0.61690102169633	-5.59722196796898
ENSG00000259081	-0.544931562513923	-3.18046530085437	-1.00904450902965	0.336232919093257	0.61690102169633	-5.39206771430649
TWSG1	0.204443872155948	5.68037504056134	1.00885367560508	0.336320147582625	0.61690102169633	-6.38312661961737
ENSG00000263781	1.34953536260558	-2.1536718914413	1.00879706926135	0.336346025131284	0.61690102169633	-5.48463851761981
MATN1	-0.569123858318168	-2.52356100379097	-1.00878424351256	0.336351888617991	0.61690102169633	-5.45042728075842
PDIA2	-0.797617934930699	-1.76321403827926	-1.00877570343594	0.336355792886299	0.61690102169633	-5.52243119310242
WDR7	0.21731931505546	4.49658858417867	1.0087548568185	0.33636532347905	0.61690102169633	-6.26777583703804
PRB3	-0.719761089689206	-0.236478277409812	-1.00875179631583	0.336366722687139	0.61690102169633	-5.68261432633314
ENSG00000288936	-0.65593488099891	-3.14979954410765	-1.00872393834155	0.336379459062188	0.61690102169633	-5.39500762911
ENSG00000308129	-0.863677142293834	-4.10259952511963	-1.00866911455973	0.336404524966595	0.61690102169633	-5.3162718198424
MTBP	-0.228511136291319	3.82649397801677	-1.00820392084575	0.336617271229694	0.617212797505988	-6.17757604078566
FOXD3-AS1	-0.558654721904788	0.11953096701962	-1.00814525967462	0.336644105720539	0.617212797505988	-5.7205708647773
ENSG00000295667	0.908676138417041	-1.99715018440886	1.00812773627095	0.336652122090458	0.617212797505988	-5.50018382719767
ENSG00000284657	0.641202652120698	-1.06000361427011	1.00800173826684	0.336709766118684	0.617231396792989	-5.59530571971838
ENSG00000304206	-0.564923939992851	-3.94805780860798	-1.00799250755662	0.336713989451741	0.617231396792989	-5.32916337454708
CHRNB2	0.633612875957979	3.0719401446935	1.00781790104851	0.336793884676278	0.617321989554741	-6.06946924432701
IGSF1	-0.212607377658195	6.15539142569452	-1.00775175917611	0.336824153078304	0.617321989554741	-6.41323205723942
ENSG00000293471	-0.564669829290274	-2.24742289541603	-1.00769182036968	0.336851584521143	0.617321989554741	-5.4768832704794
ENSG00000289456	-1.18060515517753	-3.62320524017276	-1.00763513460791	0.336877528706134	0.617321989554741	-5.3559535487606
CPNE3	0.22227200071641	6.37372914649931	1.00760191099114	0.336892735322852	0.617321989554741	-6.4242805202271
RBM27	0.229397305265683	5.53517860908501	1.00749363978031	0.336942295129229	0.617365404410358	-6.37387141313835
WNT7B	0.470495881111164	-0.562341676282858	1.00737939009985	0.336994597360667	0.61737685156746	-5.64923451012319
PHC3	0.297077897252927	4.03959420830448	1.00736698319925	0.33700027746348	0.61737685156746	-6.20848897775331
L3MBTL1	-0.54071325617997	2.59469350597055	-1.00670967353756	0.337301307061128	0.617844347246699	-6.00540123046389
PSMD6	0.23921285257293	6.89374614875656	1.00663370952581	0.337336109301043	0.617844347246699	-6.44703707409839
ARNILA	0.68511737629663	-1.87537813847947	1.00655129457524	0.337373869987905	0.617844347246699	-5.51348676215085
ENSG00000305513	-0.732633899811909	-2.12679361775277	-1.00641060220991	0.337438339312593	0.617844347246699	-5.48941570225073
ENSG00000264324	-0.779439258408948	-3.43344754589424	-1.00640241593882	0.337442090780296	0.617844347246699	-5.37293954392968
SV2A	0.322042883552876	7.25199719313479	1.00640191643839	0.337442319684015	0.617844347246699	-6.46000827360624
TRIM3	-0.377129422487776	3.26183907750072	-1.0063652000328	0.337459145853833	0.617844347246699	-6.09786193402609
ENSG00000235726	0.493849978260218	1.51749878141801	1.00635775099133	0.337462559630786	0.617844347246699	-5.8739511037393
PCNX1	0.186744459654847	6.16291243993596	1.00608328780628	0.337588359555473	0.618027259147847	-6.41528382015244
OXCT1	0.208130796751445	5.80138034268731	1.00578648066257	0.337724439868672	0.618177553385708	-6.39438860395706
RRM2	0.349688005913859	7.65519753572268	1.00568035226489	0.337773107529512	0.618177553385708	-6.47360155184155
SRPX2	0.992366212877503	-3.89042566624109	1.00567294579407	0.337776504133776	0.618177553385708	-5.33590583482562
URB1	-0.411827213875022	5.81461725338478	-1.00559097563505	0.337814097300452	0.618177553385708	-6.39542547365181
SUPT3H	0.228784265552839	4.24660995959207	1.00557166905638	0.337822952136917	0.618177553385708	-6.23855478656498
HTATIP2	-0.223179764404873	4.98790966298638	-1.00556532642459	0.33782586118112	0.618177553385708	-6.3270311480994
ATP7B	-0.276660085898942	3.92974844599182	-1.00531497321928	0.33794070033122	0.61830690745443	-6.19508121477349
ENSG00000270983	-0.546587252863105	-0.943240268223829	-1.00529826802496	0.337948364174091	0.61830690745443	-5.61030383567888
ELL2	-0.320361474275247	4.49154680461193	-1.00524159069165	0.33797436699545	0.618307083939936	-6.27062337645254
RPL13AP26	-0.724960908918885	-2.79638221318779	-1.00516983911513	0.338007287806016	0.618319915541212	-5.42926611494095
ENSG00000274718	0.571052805505735	-1.30704078734664	1.0049798808216	0.338094455267959	0.618431971480716	-5.57228411744047
ENSG00000279865	0.841657733063109	-0.381523748044315	1.00485172079111	0.338153274331395	0.618492160201349	-5.67099767955568
ARHGEF33	-0.939920485385779	-2.57253722927319	-1.0047396927346	0.338204695822823	0.618523143747238	-5.44975198740264
CABYR	-0.486988649993534	3.33777142418428	-1.00458746963957	0.338274576325281	0.618523143747238	-6.1105091443957
ARF6	0.217969207386674	6.74786623261648	1.00452881152065	0.338301507144735	0.618523143747238	-6.44348332729987
SQSTM1	-0.229239015302251	6.62741631461854	-1.00452061043423	0.338305272512473	0.618523143747238	-6.43858819866828
SLC6A15	-0.317335246231232	4.68688499654053	-1.00444294254207	0.338340933736289	0.618523143747238	-6.29512037430774
ENSG00000300973	0.315568302464546	1.40443554411304	1.00439964601989	0.338360814547446	0.618523143747238	-5.86298340454632
FOXL2	-0.588266282773886	-1.11091791824142	-1.0043731752056	0.338372969788978	0.618523143747238	-5.59336750209361
PGM3	-0.204781421435381	5.93874499737506	-1.00432077596022	0.338397032165168	0.618523143747238	-6.40443344387421
DHRS1	-0.279436411681989	3.35477434230921	-1.00428036418673	0.338415590611478	0.618523143747238	-6.11325796646622
ELMOD2	0.183575678036786	5.89713662957414	1.00423091469783	0.338438300504774	0.618523143747238	-6.40197670363336
FAM167B	-0.557321201497718	0.684181542158448	-1.00419393625282	0.338455283753255	0.618523143747238	-5.7840128396364
SPECC1L	-0.261208066410066	5.08808955068888	-1.00405884582876	0.338517332666071	0.618571167086757	-6.33858598982086
TIMP3	0.389316413624701	3.09946578135944	1.00402387434002	0.338533396928278	0.618571167086757	-6.07709197676827
HSP90AA3P	0.950624925500385	-1.11427546535701	1.00391241534501	0.3385845997256	0.618617365203315	-5.5934497655496
DOCK7-DT	-0.482611101278002	-0.914194225278259	-1.00382352099875	0.338625440724135	0.618644625976955	-5.61481773006881
RETREG1-AS1	-0.551494236608023	-2.21943227895462	-1.00369242250489	0.338685678348228	0.618707316122248	-5.48324243796379
TIMM23B-AGAP6	-0.775973954451952	-2.05138253003031	-1.00356166822952	0.338745765699882	0.618726446205831	-5.49927174125305
OFD1	-0.38308384868741	4.76822121340386	-1.0035568105263	0.338747998180399	0.618726446205831	-6.30532817805584
RALGAPB	0.175040977599387	6.57724707248041	1.00345578480217	0.338794429575226	0.618747706119814	-6.4375186508375
ENSG00000267263	-1.16703258319045	-3.53048500683049	-1.00340190768515	0.338819193406666	0.618747706119814	-5.36754168168856
ENSG00000273920	-0.829411959762147	-4.54592689571252	-1.00336227187295	0.338837412284157	0.618747706119814	-5.2946485391775
H3C10	0.578204619850756	1.0798654064502	1.00330098058822	0.338865586676285	0.618751813725262	-5.82780521483186
RPL7P20	-0.404325965371707	1.04586554020016	-1.00321482951743	0.338905191548206	0.618776790596775	-5.82414786924356
HYCC2	0.268664208224228	3.12832364398025	1.00314307890596	0.338938178935426	0.618789682295709	-6.08204815476605
USP10	0.16862021081028	7.86573294400595	1.00295480189287	0.339024750690184	0.618875627764189	-6.48253562271352
MAEA	-0.234905626340692	6.34597430247086	-1.00287346363415	0.339062155933228	0.618875627764189	-6.4276686803611
MCM4	-0.285051518277816	8.70970501279617	-1.00287152918415	0.339063045571062	0.618875627764189	-6.50471462860371
ENSG00000300023	-0.637450599033962	-1.13244341768926	-1.00272506597865	0.339130407818705	0.618941720448556	-5.5926567651076
ENSG00000300877	0.661594750677536	-3.44267596141953	1.00264704943519	0.339166293698203	0.618941720448556	-5.37560216511412
SPON1-AS1	0.766298947916504	-3.92010905671954	1.00262365626678	0.339177054583595	0.618941720448556	-5.33628482349994
EPB41	-0.157787876368086	7.22502693066998	-1.00239874549282	0.339280526680707	0.619046135671838	-6.46307978112683
ENSG00000289113	0.499335181181611	4.01497869713151	1.00238652765355	0.339286148268459	0.619046135671838	-6.21001045980089
APOBEC3B-AS1	0.763805141574614	-0.931030316380582	1.00231644673102	0.339318394747576	0.619057646188686	-5.61444818271792
SHLD2P3	-0.737889106374106	1.90271926449191	-1.00217708142305	0.339382527922122	0.619127325072023	-5.92304282215294
ENSG00000289952	0.382329481892794	-0.360046546998382	1.00194969214101	0.339487187223191	0.619226033066366	-5.67606171403011
NPR3	0.73345702453308	-3.11091704732354	1.00194678443773	0.339488525691264	0.619226033066366	-5.40461895311889
NR5A1	-0.620886541699943	-0.526955225353061	-1.00159217637317	0.339651787382468	0.619438181712488	-5.65856451315359
FAM163B	-0.739527500782006	1.87029555005675	-1.0015814147303	0.339656742953506	0.619438181712488	-5.91975967590862
ENSG00000291113	0.207224630748811	4.88769841619518	1.00143842230549	0.339722593834774	0.61951093727495	-6.3206561180635
MYCBP2	0.302529187374489	5.27253883609474	1.00136478392212	0.339756509465903	0.619525449722875	-6.35840407227247
ENSG00000287817	-0.608411152460509	-2.6156778295497	-1.00125859833747	0.339805419764246	0.619567299733633	-5.44908040219547
PAPOLG	0.224975581273005	5.33878268857922	1.00101847748778	0.339916041354183	0.619596759310152	-6.3644622743127
EFR3B	-0.365781538661353	4.59530109376229	-1.00085278625041	0.339992389371249	0.619596759310152	-6.28771167784815
SIGLEC10	0.871156363681413	-4.04598619788591	1.00084441378284	0.339996247613742	0.619596759310152	-5.32783627812564
TMEM158	-0.490723364409121	2.95896502360209	-1.00082303419931	0.340006100007302	0.619596759310152	-6.06054716292134
BPHL	0.17864928487158	5.29648665554894	1.00078343523023	0.340024349031229	0.619596759310152	-6.36104801826489
QPRT	0.19619234999755	7.41180416290973	1.00077956100611	0.340026134490502	0.619596759310152	-6.47085994515023
SNRPEP2	-0.324497336279233	4.0420630795653	-1.00077081686968	0.340030164303321	0.619596759310152	-6.21534647447105
KCNK1	0.231192079796888	3.91300272784015	1.0007262822012	0.340050689047343	0.619596759310152	-6.19723359567421
SELENOTP1	0.546981603029735	1.32830531917292	1.00067730307283	0.340073263170812	0.619596759310152	-5.85799889486499
VMAC	-0.398322439904778	0.354697038803	-1.00066012430568	0.340081181001508	0.619596759310152	-5.75245727874213
TRIM39	-0.241064451097999	3.73716159829944	-1.0003979003694	0.340202058997699	0.619695207210265	-6.17238128813027
SFT2D3	0.362034418463038	4.49423838844493	1.00038774173059	0.340206742487817	0.619695207210265	-6.27576327354815
DHX34	-0.312739697239183	5.40091321361375	-1.00037393022322	0.340213110155282	0.619695207210265	-6.37034106234982
STEAP1B-AS1	0.630258805002768	-0.782772092333298	0.999784732226255	0.34048483636141	0.620142825811796	-5.63274924548546
RGMA	-0.378774513860662	5.81845452398184	-0.999727609642206	0.340511188656492	0.620143497875963	-6.40148423918319
ICA1L	-0.383429935361599	1.84700697856449	-0.999571597884583	0.340583169047169	0.620227261990598	-5.91895120270618
RN7SL381P	-0.840650406000164	-2.08081871273042	-0.999507330754003	0.340612823751385	0.620233940983772	-5.50024726761317
TNFAIP8L1	-0.438154950002536	4.03272909265732	-0.999329462976777	0.340694906997145	0.620285145961008	-6.21547732487393
BCAS3	-0.222881478612879	4.99760404190973	-0.99926037887041	0.340726792185288	0.620285145961008	-6.3342617992094
ZBED4	-0.184270590181683	6.18375039116676	-0.999183308096267	0.340762366150732	0.620285145961008	-6.42321223900564
DLX3	-0.736929606818463	-0.674478953801823	-0.999174414255286	0.340766471504359	0.620285145961008	-5.64497861526155
TMEM35B	-0.745912404308885	-3.34884547501749	-0.999147104076554	0.340779077977733	0.620285145961008	-5.38674804625038
RPL36AP8	1.90689457222382	-1.90186266737059	0.999108541179784	0.340796879330737	0.620285145961008	-5.51787668088145
TMEM108	0.272305299399576	4.21179975064018	0.99890466709005	0.340891002816375	0.620409147797653	-6.24049347275136
TBCB	-0.182150849160418	6.17151318610809	-0.998833958849808	0.340923651491944	0.62042125735099	-6.4229215684493
HOOK3	0.238766289928392	5.19755774792638	0.998773612672993	0.340951517434101	0.620424661985337	-6.35415847903948
HOMER3-AS1	0.602073179279209	-0.530846857058018	0.998482507463847	0.341085964145486	0.620600543884256	-5.6611075657212
OR2A7	-0.642459261192511	-0.8230064535527	-0.998451737685294	0.341100177427983	0.620600543884256	-5.6296720793858
TP53TG1	0.48438462328862	2.76274294725464	0.998254616684306	0.341191242604642	0.620695744438802	-6.03613025953832
MKKS	0.223238503459336	5.12661214405513	0.998193359182282	0.341219545753059	0.620695744438802	-6.34805967039947
ENSG00000226409	-0.74829391083575	-4.0788694232533	-0.998169604437561	0.341230521757302	0.620695744438802	-5.3276432988739
LINC00863	-0.383219876175538	2.36467030416012	-0.997891205032651	0.341359177065999	0.620843813024767	-5.9842106849107
ZNF84	0.231036472705817	5.32831515346067	0.997846755728548	0.341379721508559	0.620843813024767	-6.36670243688782
AK2	0.196289377711601	6.83455465443262	0.997824602358761	0.341389961123603	0.620843813024767	-6.45353360531141
ARVCF	-0.613307151776108	4.88014778726918	-0.997706317410373	0.341444638007833	0.620848242310568	-6.32352787851293
GCLM	0.314246659064242	4.5829032407309	0.99768967877407	0.341452329688508	0.620848242310568	-6.2893402094433
MTFR1L	0.194139962236763	4.94278314181695	0.997650514049318	0.341470435195493	0.620848242310568	-6.33019578354
ENSG00000287009	-0.435350880125108	-1.02360402180042	-0.997583872720359	0.34150124452108	0.620856962445507	-5.60903931520591
RPL21P16	0.278974080428529	6.13313144026145	0.997114853987499	0.341718137157906	0.621203959139899	-6.42259523014441
CIROP	0.755390474857393	-3.03794664801256	0.996999919874398	0.341771302679616	0.621253288732246	-5.41551283316148
ENSG00000291124	0.340826258795676	1.25334416253706	0.996905053375201	0.341815190038978	0.621254430248793	-5.8532383922132
RAB5C	0.298850335449962	5.18525217923659	0.996886031755803	0.3418239903644	0.621254430248793	-6.35487173868182
ZNF316	-0.403112760706037	3.65229877690264	-0.996734320025622	0.341894185559254	0.621332617959079	-6.1637603993632
TUBGCP5	-0.194943070215826	5.18727999949704	-0.996654408084535	0.341931164125176	0.621332617959079	-6.35528938976655
RPL3P2	-0.695143357829657	5.21684447900789	-0.996597691005807	0.341957411255386	0.621332617959079	-6.35810017138632
TIRAP-AS1	0.523936439631853	-0.239340842588789	0.996512277845653	0.341996940957244	0.621332617959079	-5.69402706256234
PCYT1B	0.318818340664513	6.69394270809275	0.996428473244631	0.342035729480983	0.621332617959079	-6.44934541068584
AP5B1	-0.267200585180886	4.64848286420929	-0.996405295551585	0.342046457727839	0.621332617959079	-6.29847646528911
ENSG00000276292	0.815549412519705	-3.73405787321284	0.996399279622754	0.342049242358249	0.621332617959079	-5.35704544392195
RPS3AP20	1.67108669605884	-2.33788057623741	0.996260907711519	0.342113296036069	0.62140167705425	-5.4791121987021
NUDT3	0.196475026122243	6.31399744116542	0.995797491255756	0.342327880289425	0.621744122887734	-6.43314031710767
HMGCLL1	0.766250203227298	-0.83089783058326	0.995691790599846	0.342376838692505	0.621785725846447	-5.63143741568599
ENSG00000275097	0.855125198933664	-2.78909098167652	0.995594945578515	0.342421699871892	0.621811288454191	-5.43875401453635
CDKN2D	0.321047378778807	1.32738450786915	0.995476661139434	0.342476498230194	0.621811288454191	-5.86292329180143
SENP6	0.181773486083799	6.74748410338009	0.99544531036538	0.342491023378438	0.621811288454191	-6.45246483128011
GNAI3	-0.18021045005908	7.19616201414615	-0.995418190794011	0.342503588531279	0.621811288454191	-6.46901387288994
NDUFV1-DT	0.670863685835735	-3.15350605487948	0.995380223510275	0.342521180261753	0.621811288454191	-5.40694939040387
SETD5	0.183419605797114	7.99380177341091	0.995213135109848	0.342598606773374	0.621904544254648	-6.49383211286628
SEC24C	-0.294269789149058	6.96028435192208	-0.994991723030233	0.342701225998545	0.621970703066122	-6.4610578891877
MRPS18A	-0.262257005797347	5.80444466224868	-0.99498732694201	0.342703263709842	0.621970703066122	-6.40527257194406
KLLN	0.373600129605633	-0.347585208087329	0.994965821261104	0.342713232330103	0.621970703066122	-5.68404396106606
IP6K3	-0.946458991566594	-0.456862534630216	-0.994776819517173	0.342800850300052	0.622058719144552	-5.67255708670525
MAP6	-0.582593818437958	2.36623254888913	-0.994707164797698	0.342833145192984	0.622058719144552	-5.98750599129245
SMAP1	0.284259618848128	6.42456563340495	0.994638505310263	0.342864980845973	0.622058719144552	-6.43949064643544
CTNNB1	0.318442001119571	9.31337626792917	0.994636340975567	0.342865984428147	0.622058719144552	-6.52644704293006
PHACTR3	-0.608313974780518	-1.16651878829928	-0.994576817432085	0.342893585797584	0.622061508986845	-5.59675694974384
HEBP1	-0.262256332098422	5.37293444666584	-0.994378793054774	0.342985422479435	0.62218082224798	-6.37390911168356
SLC28A2-AS1	-0.895603162681858	-2.8201332493397	-0.994222350158589	0.343057987945829	0.622233270350232	-5.43725223548496
MAN1A1	0.336337768262993	3.79561129528364	0.99420405049671	0.343066476915352	0.622233270350232	-6.18690632559141
TBPL1	0.201160301743232	5.22183158450118	0.993957970030821	0.343180645385694	0.622393044332855	-6.36115686930983
RPL27A	0.285096003737046	8.36373060962901	0.993813460993464	0.343247703053518	0.622431617969108	-6.50512648240306
ENSG00000228843	-0.65744105888887	-3.73166529970732	-0.993799735275451	0.343254072808036	0.622431617969108	-5.35959341474985
PTPRG	-0.198099398420667	7.4498082101697	-0.993589139246784	0.343351815942221	0.622524910596834	-6.47918795673419
ENSG00000272812	0.661017226209409	-2.25080269666015	0.993576490275919	0.343357687312889	0.622524910596834	-5.48970997155443
NDN	0.242420681229486	5.11021833033571	0.99351191367807	0.343387663483231	0.622531968427973	-6.35111439425373
STON1	-0.424798690450418	3.83835483960712	-0.993419069851068	0.343430764550209	0.622562817675819	-6.19383064235963
MAGED4B	1.27392179288814	-1.0145003026539	0.993196007005797	0.34353433370929	0.622703268978478	-5.6141441743542
MRPL48	0.225208635787696	4.49877597142012	0.992776389592322	0.343729226369696	0.623009222795074	-6.28382526649354
SLC35B2	0.23242885613449	5.63337212476413	0.9921438975081	0.344023143007089	0.623472643364451	-6.39634350114653
ENSG00000303490	-1.01657051703013	-3.75699685959811	-0.992113760295443	0.344037152265045	0.623472643364451	-5.35903677540669
ENSG00000257376	1.1363255898044	-1.68113224723258	0.99197381367335	0.344102211831121	0.623543200195382	-5.54637161233472
JAML	-1.00294114512915	-3.86617274258951	-0.991779020591409	0.344192783939466	0.623659973753663	-5.35043717429892
TAGLN3	0.686346611269707	2.2933583202238	0.991692227523369	0.344233145385916	0.62367021945822	-5.98118383774772
CHRNA1	-0.928548370149569	-3.46213003992598	-0.991616036669483	0.344268579344363	0.62367021945822	-5.38400685725512
KCNJ2-AS1	0.613796982650503	-0.973170010105267	0.991550432820125	0.3442990917698	0.62367021945822	-5.62010145705725
ZBTB17	-0.289523321301797	4.03150560124813	-0.991542110280953	0.344302962734383	0.62367021945822	-6.22294754028047
PURPL	-0.907253279657223	3.52678657547712	-0.991449366006919	0.344346101950471	0.623701025669871	-6.15072918682832
ENSG00000293256	-0.705493431434747	-2.24039323497588	-0.991273862932229	0.344427746596446	0.623801565337485	-5.49281480253891
ENSG00000282564	0.949625070605064	1.47368383034082	0.991215190171399	0.344455044543764	0.623803668573187	-5.88361523148984
H3P47	1.84519772977358	-1.75545173510473	0.991020251782323	0.344545752526923	0.623837015352345	-5.53984126460567
PWWP2A	-0.181154262932528	5.8699289563761	-0.991009242998588	0.344550875615558	0.623837015352345	-6.41334279973791
RERG	-0.437239360322448	-1.98687641806228	-0.991007101263294	0.344551872307982	0.623837015352345	-5.5171589485007
OGA	-0.213498306350978	7.49721854932142	-0.990791827554468	0.344652064347312	0.623933551105441	-6.48345324445208
GEMIN6	0.214372976701034	4.0095870649501	0.990756583312651	0.344668469655148	0.623933551105441	-6.22067542178984
ENSG00000240219	-0.869817832504936	-3.58389849917526	-0.990724044107719	0.344683616345801	0.623933551105441	-5.37460401617912
MTUS2	-0.470936465895498	-0.0250411005637986	-0.990624990895857	0.344729727685175	0.623969695939791	-5.72217195763511
XRCC1	0.180040753057532	5.754736238232	0.990371922075511	0.344847557090215	0.624051408380752	-6.40652128365906
YOD1	0.228455847827548	4.50695582777539	0.990369273613297	0.34484879037654	0.624051408380752	-6.28721977218344
BRAP	0.210511741392824	5.26796590003221	0.990359561074364	0.344853313157655	0.624051408380752	-6.36884359069494
HES2	-0.807108861002	-0.31974091795087	-0.990221990641513	0.344917379455482	0.624120022400606	-5.69149007356756
PPP1R12A	0.208003702228101	6.91003789645893	0.9901547733751	0.344948685592562	0.62412935175784	-6.46395299325507
ALOX12B	0.455090330483892	-0.321878112434548	0.989975177253174	0.345032341911221	0.624233391782528	-5.69149733672575
ENSG00000280106	0.583148322965323	-0.341187835123453	0.989863865956292	0.345084198469122	0.624235211001032	-5.68955903531284
RGMB	0.339165644409551	5.16214558504387	0.9898607355141	0.345085656929971	0.624235211001032	-6.35962149094678
ENSG00000304289	-0.409086151900904	-0.391519859038843	-0.989705280708435	0.345158088414548	0.624290445804356	-5.68434583514194
ENSG00000251131	0.780229685488611	-1.89673520956954	0.989682925006209	0.345168505586554	0.624290445804356	-5.52715455651015
ENSG00000260920	0.412993135691038	3.13217447981166	0.989508482447926	0.345249799182701	0.62439016118008	-6.09591743038747
ABR	-0.207477326637964	6.50841821204708	-0.989426716248079	0.345287908648176	0.624411768124413	-6.44840297066798
SELL	0.698856626228556	-3.52996218504524	0.989338506762955	0.34532902465396	0.624432013155797	-5.38036591773126
LINC00996	0.695202064908878	-4.12126004037675	0.98927945619493	0.345356551180131	0.624432013155797	-5.3322719395857
ELOCP27	0.616925962308156	-2.28344708362494	0.989196385443926	0.345395277484345	0.624432013155797	-5.49070372428478
OLA1P1	0.305789078808088	3.96820008150562	0.989178199929516	0.34540375571638	0.624432013155797	-6.21638407751844
FUBP1	0.237652556414099	7.65237100290171	0.988829558697364	0.345566324589523	0.624678593424082	-6.49017728185737
KRT18P55	0.5771786988589	-3.16194864869777	0.988690136990454	0.345631351639589	0.624748823809608	-5.41231645644402
ABI1	0.222458926438129	5.7258782440051	0.988574040338342	0.345685506609827	0.624786921583176	-6.40631592374673
FGF1	-0.859138446530116	-1.49008708010005	-0.988532716364877	0.345704784280698	0.624786921583176	-5.56890723706829
CCDC7	0.453442422228271	0.404989594183795	0.988466366367285	0.345735738265044	0.624795552750193	-5.76942431926327
MPZL1	0.324251160943406	7.27335777791731	0.988356587631881	0.345786957342596	0.624840801854614	-6.47856589244427
RAD9B	0.619328103976777	-2.03350065003143	0.988218801577681	0.345851251577699	0.624894492994692	-5.5152589553743
GALNT2	-0.320667729678921	7.53572643382387	-0.988180694580755	0.34586903475342	0.624894492994692	-6.48722842083629
ENSG00000241962	0.622731959051713	-1.8419207648843	0.98811832957148	0.345898139725749	0.624899772979672	-5.5339828591495
COA5	0.212528110768791	4.52114496363449	0.988044577852781	0.345932561053031	0.624914655968262	-6.29126959851065
ENSG00000279619	-0.649869200383044	-0.877235469262037	-0.987892867920705	0.346003374862154	0.624950358502271	-5.63382102250595
UMODL1	0.744423884460683	-3.30588289753772	0.987890041547024	0.346004694232581	0.624950358502271	-5.40065461879235
SMIM47	1.0385729138345	-3.23493687018898	0.987731425071121	0.346078743397889	0.625029719479063	-5.40688679077454
ENSG00000286873	-0.397360634712702	-0.931037809464964	-0.987683736892605	0.346101008615884	0.625029719479063	-5.62825720503511
ITGB7	-0.915415764956093	-3.52695360094351	-0.987169130761853	0.346341340849198	0.62541641689096	-5.38257663362418
BLOC1S3	0.334176894553353	2.70395359711328	0.986994981197901	0.346422700194677	0.625515361865409	-6.03915357770782
EYA2	0.587353965226103	1.93286933289415	0.986939653706453	0.346448551074657	0.625515361865409	-5.94141568049521
C5orf47	0.418921052382626	-0.451738526043871	0.986778405887888	0.34652389959369	0.625569136155344	-5.68066912371582
ARMH3	0.211771008528055	4.91432425920348	0.986763734663332	0.346530755818067	0.625569136155344	-6.33792432139981
ENSG00000290098	-0.615203747901591	-2.05855385130426	-0.98653611165064	0.346637142401389	0.625713861571165	-5.51441118065697
DDX21	-0.37575575475802	8.61973052984369	-0.98647911956258	0.346663783147401	0.625714626966575	-6.5187317840433
POLK	0.264818405930137	3.87348806998371	0.98634502972449	0.346726468880478	0.625780447124196	-6.20571596223633
UBE2Z	-0.211654343366407	6.76251291495199	-0.98621532091384	0.346787114433077	0.625806325264244	-6.46213289866099
AKAP1-DT	-0.486396842082526	0.0724688829984876	-0.986157399323339	0.346814198273109	0.625806325264244	-5.73665795675749
ENSG00000226471	-0.391044809280873	-0.0718394528062492	-0.98614612792559	0.346819468901418	0.625806325264244	-5.72149612202042
ZNF710-AS1	0.626106155287011	2.32966729479807	0.986056271656773	0.346861488771374	0.625834831607679	-5.99122866580109
ENSG00000277806	0.542379303846315	-1.21072752145439	0.98590159282566	0.346933830635069	0.625895745398661	-5.60025023753902
ZMAT2	0.290792370143019	6.38483575193362	0.985770428598092	0.346995183601489	0.625895745398661	-6.44636371101068
DUSP23	-0.511756050450683	3.60039921620485	-0.985748184568267	0.347005589187663	0.625895745398661	-6.16693441777516
ZFYVE21	-0.208021557631817	5.32519415113462	-0.985726744789531	0.347015618767846	0.625895745398661	-6.37833436595372
MYL6B	-0.262655901917724	6.20713234273812	-0.985703760537609	0.347026371092323	0.625895745398661	-6.43768986689784
TRNAU1AP	0.197341451820328	4.59829971016927	0.9854924385762	0.347125241630582	0.625899810426254	-6.3031454285873
AGL	-0.241731347398845	5.04784722881533	-0.985423566794848	0.347157468913976	0.625899810426254	-6.35296171194038
CD1C	-0.596980238624907	-3.79217284561039	-0.985395732759468	0.347170493961121	0.625899810426254	-5.36219674961347
SRA1	-0.192010202415789	5.36573395221419	-0.9853913295228	0.34717255450598	0.625899810426254	-6.38211108411138
RUVBL1	-0.209165423066382	7.22017293436994	-0.985341985432565	0.347195646249302	0.625899810426254	-6.47973043949304
DDX60L	0.447663515464589	0.931778090402033	0.985323332052858	0.347204375836208	0.625899810426254	-5.82885649208366
FAM171A2	-0.453279119349793	4.42238036551075	-0.985306621493967	0.347212196339867	0.625899810426254	-6.28145698380767
MSRB1	-0.310345595515475	5.01316817516907	-0.984888515149459	0.347407911187016	0.626152322914696	-6.34995834627277
UROC1	-0.657877068306989	-3.28140227423403	-0.984883981018208	0.347410034048907	0.626152322914696	-5.40547237780628
HDAC2	0.204529327710963	9.14733235701526	0.984839243395916	0.347430980532087	0.626152322914696	-6.53250030149088
DDT	0.560901881845758	4.83557898974697	0.984511691047253	0.347584371137746	0.626381469793459	-6.33156362767419
FAM131B-AS1	0.564697830591544	0.0792917426390066	0.984420770814688	0.347626957279456	0.62639865111863	-5.73901698378333
IQCN	-0.545770089414367	-1.68634347017735	-0.984379272452276	0.347646395974248	0.62639865111863	-5.55290647852704
ENSG00000293427	-0.606892139381179	1.27360352753346	-0.984217130401717	0.347722354311892	0.626448953330564	-5.86769243296479
ENSG00000287337	-0.828870566702022	-2.39785373515847	-0.984167029903888	0.347745827242786	0.626448953330564	-5.48471515295664
TBC1D3P1-DHX40P1	2.12914852646343	-0.904459970937867	0.984151601818146	0.347753055795728	0.626448953330564	-5.63441422907168
RBAK	0.235737552625396	4.69592525183641	0.983989702195288	0.347828917598796	0.626538322741923	-6.31627732630967
RPSAP52	0.508599479387333	-1.45807216897165	0.983811959461015	0.347912217015002	0.62661970010352	-5.57657469944397
USP27X	0.227826599436281	3.50458269104905	0.983766409432467	0.34793356646027	0.62661970010352	-6.1550008393993
ENSG00000287229	-0.94369269493262	-2.44008285468208	-0.983725249692705	0.347952858988224	0.62661970010352	-5.48122834765114
N6AMT1	0.207978928885892	3.83290042538517	0.983627049782979	0.347998890735598	0.626635769335246	-6.20259099838819
NECTIN1	-0.321193524134503	7.33492407077544	-0.983549765428916	0.348035121337158	0.626635769335246	-6.48532383034182
ARL4A	0.212177279211432	4.90642917352509	0.983538190265441	0.348040547966146	0.626635769335246	-6.34022980024498
THBS3-AS1	0.703152539875374	1.61254251427897	0.983447466326905	0.348083083002136	0.626665078223729	-5.90702414211555
H2AX	-0.386005148163745	7.09619001097137	-0.983285576724226	0.34815899282359	0.626754463849799	-6.47744656137589
PRELID3A	-0.449096235907401	1.6223043696647	-0.982985398208858	0.3482997782068	0.626960615918372	-5.90859719384533
ARHGAP11B-DT	-0.689017636583498	-0.163972706935211	-0.982787677683868	0.34839253299056	0.627046778033734	-5.71498158201558
SPATA21	-1.02888226864943	-3.42931573483944	-0.982727762552379	0.348420643986356	0.627046778033734	-5.39480949164672
ENSG00000271755	-0.896212823207216	-1.6021944031586	-0.982684893810294	0.348440758172012	0.627046778033734	-5.56295557488056
ENSG00000307684	-0.614197534057494	-3.30568450710524	-0.982659369647495	0.348452734615218	0.627046778033734	-5.40540067690869
VMP1	0.260143404628682	6.40536138235971	0.982570398965476	0.348494483778788	0.627074626383318	-6.45044012515053
ENSG00000301955	-0.779430207185597	-2.67932521964233	-0.982074846284041	0.348727087029573	0.627378545487539	-5.46096340573424
ENSG00000304228	0.757974735352095	0.702181429911288	0.982036752908563	0.348744972055798	0.627378545487539	-5.80716824796831
ENSG00000238165	0.891210239359052	-1.26111052611693	0.982017022431389	0.348754235875255	0.627378545487539	-5.59861595303542
ABCF3	-0.302972589546116	5.24126185380037	-0.981906915593469	0.348805936353323	0.627378545487539	-6.37471153886376
RPS27AP11	0.554308014435357	-1.67767082466399	0.981847796595865	0.348833697891683	0.627378545487539	-5.55611863587885
BTN2A1	0.239723055600121	3.9392755282887	0.981832550648079	0.348840857459391	0.627378545487539	-6.21942199250777
GUCY1A2	0.450836371469157	0.989004002322286	0.981817342203325	0.348847999522623	0.627378545487539	-5.83845143111431
ENSG00000261266	0.957444984611267	-2.9576892680782	0.981682516959965	0.348911319709584	0.627378545487539	-5.4365192297176
GALP	0.864723150932814	-1.99669008502194	0.981654639125451	0.348924413482598	0.627378545487539	-5.52485309378468
ABTB3	-0.374027948425009	3.78330193266773	-0.981616240795343	0.348942449152735	0.627378545487539	-6.19738149894591
DGLUCY	-0.319234191468421	4.68683564155673	-0.981521326717898	0.348987033158377	0.627378545487539	-6.31761003365936
ATP5MC3	0.255329001203823	7.69083938842769	0.981498306952852	0.34899784686441	0.627378545487539	-6.49852037243164
ZNF547	0.426497695594433	0.621497995280442	0.981482846850789	0.349005109500065	0.627378545487539	-5.79905781566751
TOMM40P1	-0.539930061173116	0.0424441087635374	-0.98136445010322	0.349060731973118	0.627431276547854	-5.73803318218437
KARS1	-0.239995324970062	8.14062383732123	-0.981130638685403	0.349170594994678	0.627581488872504	-6.51169029218752
CPNE9	-0.655873646764506	2.44667974279137	-0.980920235071213	0.349269480804831	0.6276225444683	-6.01113834180982
ENSG00000284116	0.518807017095211	1.28148841840772	0.980892601372829	0.349282469653876	0.6276225444683	-5.8717488211154
SHQ1	-0.277234993895334	4.82064729702697	-0.980866360273695	0.349294804257345	0.6276225444683	-6.33345600087271
GAL	-0.641724401226129	4.12524136720261	-0.980858234221478	0.349298623964991	0.6276225444683	-6.24628230826732
ENSG00000301807	0.433474953776173	-0.0149656609308002	0.980740146319168	0.349354135456476	0.627665020801996	-5.7325849116762
ENSG00000293401	-0.632186849592233	-3.12453848785787	-0.980696061567275	0.349374860743056	0.627665020801996	-5.42280595363116
ENSG00000271936	-0.443877070845489	0.736706673164796	-0.9804991825109	0.349467429227004	0.627746207025631	-5.81233138415861
ZNF264	0.239497315585813	4.08908263746985	0.98044387535527	0.349493436740728	0.627746207025631	-6.24169437798824
NFYA	0.174808882175793	5.79315606626396	0.980432137140485	0.349498956674764	0.627746207025631	-6.41879924065338
USP49	0.254103222113081	3.54411786321479	0.980267657601182	0.34957631042291	0.627828625796555	-6.16408770784312
ATP1A1	-0.158150724569545	9.10705123415324	-0.980222703827579	0.349597454092941	0.627828625796555	-6.53612811805464
CYP1A1	-0.645494992394721	-2.29123959775094	-0.98002661131981	0.349689695666818	0.627859596652287	-5.4983973093881
NDUFA11	0.263684761194802	3.37527792096759	0.979938352717672	0.349731218165179	0.627859596652287	-6.13994977902875
ENSG00000295434	0.955912946069384	-3.85383593010187	0.97993089017752	0.349734729187206	0.627859596652287	-5.36205090114789
RDH8	1.33219559280659	-1.57926008692487	0.979881600730207	0.349757919838228	0.627859596652287	-5.56786502030757
NECAB3	-0.325454883220111	4.08089617703864	-0.979876903709638	0.349760129841834	0.627859596652287	-6.24111277995368
GNL3	-0.218118572114708	7.46491251711143	-0.979850529586267	0.349772539367696	0.627859596652287	-6.49313454536834
THRAP3	0.224171166943304	8.13278827042012	0.979746692348803	0.349821399887648	0.627900079049297	-6.51282767012565
NDC1	0.216048446382697	7.54261928626383	0.979552799471602	0.3499126493642	0.628003553034607	-6.49588027387576
TMEM232	-0.344416159826953	0.212073831600787	-0.979512380360786	0.349931673516036	0.628003553034607	-5.75759875252557
DHFRP1	0.225468175273906	5.14978442680568	0.97916424436459	0.350095562747336	0.628234972979244	-6.36889274047818
EIF4A1P5	-0.895818556741562	-1.44363290986546	-0.979119927858796	0.350116429302387	0.628234972979244	-5.58240887499838
ZNF341	-0.285899738948333	2.96441105359927	-0.979057340110205	0.350145900473061	0.628234972979244	-6.0824388592788
ZNF277	0.262396680951886	4.93058904309852	0.979014841823539	0.350165912998822	0.628234972979244	-6.34716554583224
TOB1-AS1	-0.547415078917702	0.368993005735558	-0.978748153620775	0.35029151606984	0.628350240966919	-5.7748362568873
NSA2	0.367225201877373	6.72767206345637	0.978731536838881	0.350299343222673	0.628350240966919	-6.4680526179106
MCM2	-0.288850828988211	7.7408246221208	-0.978628445374002	0.350347906181781	0.628350240966919	-6.50280831952449
CDKN1B	-0.33214407348153	5.04674209026867	-0.978615033587308	0.350354224389802	0.628350240966919	-6.35947925905716
TFAP4	-0.281880123705718	4.47132673884462	-0.97859895948545	0.350361796907352	0.628350240966919	-6.29417216999837
SPDL1	0.174991895483484	6.2481428073309	0.978312239591716	0.350496890883227	0.628545292261626	-6.44698307726454
ENSG00000254163	0.688011942243681	-4.43609307780562	0.9782032932432	0.350548233170829	0.628590133815791	-5.32257746553971
ENSG00000303765	-1.04581795091537	-2.92397493547516	-0.978048836069254	0.35062103240096	0.628673441538105	-5.44278547325119
AFG1L	-0.257999156127721	2.92995664671471	-0.977984233539013	0.350651484338875	0.628680812553781	-6.07867879649601
LSM6	0.239543801203741	5.01645015500929	0.977917706792516	0.35068284532052	0.628689812158406	-6.35707551308929
AP5M1	0.248152357302971	5.98764959440087	0.977850983367709	0.350714301074531	0.628698980302375	-6.43332811255874
ETFDH	0.254524672090344	3.83154192351471	0.977720035608483	0.350776040413912	0.628724898850903	-6.20811493681942
NPNT	-1.04314766891797	-0.7036115378634	-0.977708572933832	0.350781445221378	0.628724898850903	-5.6620562762183
FAR2	0.290827400976374	4.64314029344098	0.977530174593227	0.350865570310756	0.628828457355771	-6.31626920560237
SCYL1	-0.218657128229777	6.17682913725469	-0.977421687393363	0.350916735474411	0.628872933290866	-6.44418742657734
GLRB	0.423394124922032	-0.399473802617123	0.977171654119823	0.351034677904087	0.629037064159236	-5.6952875211728
RDH11	0.343322288763527	7.36437944933288	0.977051451426879	0.351091388647496	0.629076671506621	-6.49262505752211
TESPA1	0.73974857060124	-3.81355036572579	0.977013074504868	0.351109496004512	0.629076671506621	-5.36793620137203
TOMM7	0.39330342430006	5.9794082210739	0.976619102884625	0.351295422787491	0.629339619604817	-6.43405249410991
RPS15AP19	1.08486942662306	2.61168140437656	0.976590352666214	0.351308993673062	0.629339619604817	-6.03686918003575
TEX261	0.309224433206261	5.02240563238591	0.976503202887794	0.351350133078154	0.629366078217975	-6.3590558325637
MAGI1	-0.242725364059035	6.44759324197122	-0.976411514556773	0.351393418720488	0.629396377080818	-6.45838349520753
PHYKPL	-0.379207619818359	3.55219156343987	-0.976284290063463	0.351453487268922	0.629432807826872	-6.16909809918152
SNRPD2	0.307532774659287	7.19945928603848	0.976256724737555	0.351466503117641	0.629432807826872	-6.487889349546
UHRF2	-0.210223509577794	5.52181021903363	-0.975891585607605	0.351638948405182	0.62964915170986	-6.4038897869145
NRM	0.352385744220223	6.11814169554343	0.975875449163954	0.351646570633034	0.62964915170986	-6.44257475154971
ENSG00000290945	-0.62647157032902	1.16616063594933	-0.975833362582724	0.351666451262933	0.62964915170986	-5.86367947849316
C1orf35	0.288002271323002	4.30404129645756	0.97562516466839	0.351764810720799	0.629733782493105	-6.27549580037293
LDB1	-0.222463017549966	6.92182532283732	-0.975611415663652	0.351771306903613	0.629733782493105	-6.47859453554666
ENSG00000297599	0.54233219166679	-2.33011991469492	0.975565770941666	0.351792873925528	0.629733782493105	-5.49884632381225
RPL17P36	1.61291777173707	-1.44463865397084	0.975290988607655	0.351922728302013	0.629918985779522	-5.58584267000889
ENSG00000218175	0.288639533347303	5.27306389990725	0.975136036870135	0.351995969534358	0.630002835011363	-6.38412813884341
ENSG00000291178	0.242737153221877	3.18735451533093	0.975039832548653	0.352041448145102	0.630023765448726	-6.11770798058213
ENSG00000235023	-0.480588010810924	-0.212600109640862	-0.974955732945361	0.352081208009964	0.630023765448726	-5.71720422800811
FSCN1P1	-0.58125284093945	-0.70650380776129	-0.974943787706246	0.3520868556398	0.630023765448726	-5.66432137247783
ENSG00000306100	-0.663323868497717	-3.42261237857044	-0.974872847705369	0.352120396962933	0.630023926837576	-5.40242715695489
GTF3C5	-0.204192613355195	6.72425782424227	-0.974831938527269	0.352139740395243	0.630023926837576	-6.47170321727051
SKP2	0.204726575734258	6.81655065154311	0.974716805476866	0.352194183887217	0.630074101404409	-6.47546478099282
ZNF385D	0.404122377603205	2.49791956678466	0.974580986325992	0.352258417200653	0.630139257562742	-6.02386742424175
DR1	-0.174136980882655	6.34566637952646	-0.974519415905589	0.352287538677432	0.630139257562742	-6.45546608968915
DYNC2LI1	0.265006335950492	3.62920549927794	0.974327717746826	0.352378218999177	0.630139257562742	-6.18216570996067
ENSG00000276571	0.580298708284543	-2.01381651678713	0.974280604149351	0.352400508078747	0.630139257562742	-5.52996672727783
ENSG00000293258	-0.539065419281759	-2.37779015230937	-0.974255182784463	0.352412535157295	0.630139257562742	-5.49561871533211
SGSH	-0.33140964134535	4.05531299210026	-0.974254161303351	0.352413018435538	0.630139257562742	-6.24301587214073
KIF13B	-0.319974706291488	3.73510872851648	-0.974249086951168	0.352415419195855	0.630139257562742	-6.19752982512942
SLC25A28-DT	-0.66458850747231	-3.32722042589853	-0.974017441940534	0.352525026993948	0.630281727632778	-5.4113238400346
RHPN1	-0.692351653693351	3.92546407813183	-0.97390892425796	0.352576383005962	0.630281727632778	-6.22511985847809
ATPSCKMT	0.32757235501141	3.14161881410512	0.973903350869209	0.352579020760371	0.630281727632778	-6.11231947593313
ENSG00000298006	0.650698691210712	-2.88923004913441	0.973857481540299	0.35260073018615	0.630281727632778	-5.44964791445194
TPT1P6	1.18579395220346	-2.97811493381174	0.973752286367756	0.352650521530616	0.630323522606995	-5.44188523271013
HSPA14	-0.222052624689992	5.13807251099291	-0.973689493205647	0.352680245450515	0.63032944572169	-6.37308467918773
ENSG00000290796	0.535539582185474	-0.562306593198013	0.973518046030354	0.352761411389704	0.630401751174294	-5.68121568597248
LINC01132	-0.858558675817661	-3.64673165783254	-0.973441580806074	0.352797615685527	0.630401751174294	-5.38487050921103
HAS2	0.590169134464113	4.14150269484765	0.973420550528112	0.352807573450153	0.630401751174294	-6.25571606555406
ETV3L	-1.15323890818719	-0.984544357720963	-0.973380888054229	0.352826354053137	0.630401751174294	-5.63584293094292
KRTAP5-AS1	0.447075563764157	-1.15279398629004	0.973228782181574	0.352898384554551	0.630483250554941	-5.61811043861925
ENSG00000274015	0.559917656556803	-1.44699270666518	0.973068954020773	0.352974083528271	0.630571291285123	-5.58764805007444
EEF1A1P9	1.48475236495602	0.729626867670134	0.97288135703039	0.353062949668135	0.630682839587559	-5.81877219941892
CYYR1-AS1	-0.665140569936902	-3.63111971843174	-0.972726446837228	0.353136344106104	0.630766735876394	-5.38680615171826
PFKM	-0.328308721656208	6.71094151197281	-0.972562997169686	0.353213796485556	0.630797784335583	-6.47336480245845
HMGN1P4	-0.542979615718195	-0.125175384429572	-0.972521142884925	0.353233631577448	0.630797784335583	-5.72869957658414
ENSG00000273287	-0.79978613406764	-2.92669194033345	-0.972474842524047	0.353255574646759	0.630797784335583	-5.44757478250975
MOGAT1	-0.680260427677442	-2.55812097920703	-0.972466675183791	0.35325944548663	0.630797784335583	-5.48067477430874
PPM1F-AS1	-0.710260263012798	-1.25380746887345	-0.972361654404174	0.35330922192428	0.630821498525832	-5.60831995416611
ENSG00000288759	-0.957402763583207	-3.59083415405566	-0.972199600268887	0.353386040342152	0.630821498525832	-5.3906381121098
F2RL1	-0.491228583575562	5.56716314295372	-0.972187645560954	0.353391707706415	0.630821498525832	-6.41094735999547
MYH9	-0.379236679691712	8.45062695520772	-0.972181431555523	0.35339465360397	0.630821498525832	-6.52848098360181
EXOC2	0.221712870458625	6.48011808552042	0.972159861786946	0.353404879406247	0.630821498525832	-6.46397387075353
NTRK2	0.703909081192038	-1.6224125478413	0.972029833590887	0.353466527776808	0.630884356749108	-5.57072500101134
TUBA3FP	0.537172666633356	-1.97859236798096	0.971874787337789	0.353540047829328	0.630968393146083	-5.53556265227748
PDCD4-AS1	0.384954664123588	1.17250264135394	0.971666621953253	0.353638773496706	0.631069657156701	-5.8683271054431
TMCC2	0.255269926139646	3.90848652033111	0.971643649845474	0.353649669605349	0.631069657156701	-6.22488917282808
SLC35F2	-0.377572344194784	4.90342585398765	-0.971117934398178	0.353899093268324	0.631414550261024	-6.35194803292161
PRR29	-0.563948739916744	0.262645313207769	-0.971059943067081	0.353926614871	0.631414550261024	-5.77085949156277
PRR5L	-0.70467211926612	2.44008147817822	-0.970944160550707	0.353981567750817	0.631414550261024	-6.01982867625537
ENSG00000253706	-0.714011128486006	0.125199869571302	-0.970907829288188	0.353998812631697	0.631414550261024	-5.75655337568905
UBE2L5	0.524137078540661	-2.26257284256553	0.970852983410772	0.354024846758689	0.631414550261024	-5.50944529095859
RFPL2	-0.601552024966884	-2.05464522086189	-0.970846535049957	0.35402790774473	0.631414550261024	-5.52917424154422
RARS1	-0.25072895971738	6.79745303765238	-0.970834502727699	0.354033619444747	0.631414550261024	-6.47847937682066
RPSAP15	0.506294368613776	5.64643732068298	0.970704143087536	0.354095504995441	0.631414550261024	-6.41815037460938
ENSG00000308692	0.665706434113917	-0.270886469624004	0.970704007712989	0.354095569265807	0.631414550261024	-5.71500320085013
ENSG00000230725	0.537506634321705	-2.33988170677962	0.970678873314527	0.354107502209905	0.631414550261024	-5.50238199097242
ZC3H7A	0.164790616023594	5.9080118037619	0.970621185813002	0.354134891349382	0.631416214839063	-6.43556947432084
ENSG00000294155	-0.862012623517861	-4.38215676367559	-0.970271127367931	0.354301126781685	0.63156832636198	-5.33230297146218
AGAP2	0.769485370767675	2.42799261852966	0.970253864725154	0.354309325918325	0.63156832636198	-6.01892580907383
CDKN3	0.3245292673642	5.53214095464478	0.970219710592363	0.354325548314109	0.63156832636198	-6.41016628055577
PLAC1	0.417920259335256	-0.85545642997946	0.970172152092503	0.354348138363636	0.63156832636198	-5.65267182604619
UBE2CP5	-0.835441084840497	-4.477692579448	-0.970128548147405	0.354368850940177	0.63156832636198	-5.32755977654491
AFF4	0.264527023934982	6.6765544703621	0.970107233061122	0.354378976270149	0.63156832636198	-6.47435341625583
SLC24A1	-0.301709809571924	3.63159285858124	-0.969925119430715	0.354465494499018	0.631675349601139	-6.1867410657407
HNRNPA0	-0.233062815408907	8.38771166300642	-0.969740727346564	0.354553110826034	0.631784313579584	-6.52924894513107
ENSG00000271918	0.398821333618078	-1.04548251337088	0.96963746314939	0.354602185050035	0.631824587576648	-5.63280939445614
ENSG00000259137	0.912616276796705	-1.56293567484568	0.969350606623578	0.354738533743444	0.632003193847283	-5.57921264001201
TADA3	-0.205796183202385	6.32413027021458	-0.969315158509055	0.354755385594002	0.632003193847283	-6.4594779692461
ADAMTS18	-0.73616261664449	-3.32497451246637	-0.969059513315444	0.354876935237765	0.632172549135672	-5.41594620568174
SMIM29	-0.283339205652707	2.52203754494502	-0.968802610479468	0.354999113347065	0.632342998600971	-6.03252253514787
SLC9A8	-0.230781670430641	4.01912978425449	-0.968454509405401	0.355164712396351	0.632587517522252	-6.24359471181098
RSPO4	-0.415302091774115	2.94854964911751	-0.968402632102807	0.355189396334508	0.632587517522252	-6.0904371368946
RPL17P50	0.967107448641166	-0.787093999637917	0.968009285728604	0.355376596554063	0.632873692729132	-5.66204862196174
CXXC1	-0.290446734854336	5.44925822239155	-0.967883840184378	0.355436313297192	0.632891332890275	-6.40597796895442
FOXJ2	0.215351235031255	4.707219565165	0.967877068973794	0.35543953685261	0.632891332890275	-6.33318069129477
PAICS	0.257518862660895	9.86963622872665	0.967612821645884	0.355565353093335	0.633068129972296	-6.56406252015446
PLGRKT	0.226424461801583	4.23221730383053	0.967547063225302	0.355596667718067	0.633076657349479	-6.27369409069347
EIF2S2P4	0.337819902121622	6.83939311041911	0.967359590597328	0.355685954508596	0.633188384892717	-6.48346338657093
CTNNA1-AS1	0.553579488011183	-1.27137537464025	0.967283932995936	0.355721992245115	0.633192676508746	-5.61115827208316
HSPA1L	-0.347740027898784	0.964504836551268	-0.967209324194009	0.355757533008163	0.633192676508746	-5.84957969069835
ENSG00000298035	0.512324378219146	-0.0139814918519721	0.96715967638155	0.355781184745511	0.633192676508746	-5.74541137763916
DBP	-0.473899822681779	2.87745495221068	-0.967131757635412	0.35579448546775	0.633192676508746	-6.08180436207519
ENSG00000287242	0.655855342251977	-2.17416309143647	0.966925969607997	0.355892535735037	0.633313371332432	-5.52133483808991
SRRT	0.291747385629909	7.24158121818569	0.966878040921777	0.355915374771941	0.633313371332432	-6.49838503617838
LINC00304	1.14792719258655	-2.26048418479691	0.966697039936918	0.356001635187036	0.633338519893682	-5.5134095771071
FAM120A	0.245215771285107	6.34008410876751	0.966648439158084	0.356024799654252	0.633338519893682	-6.46280528777621
NDUFB11	0.225627081694404	6.11548551358513	0.96660794486269	0.356044101184642	0.633338519893682	-6.45138586382763
MAIP1	-0.27153645926087	4.47133600492502	-0.966589385190165	0.35605294787192	0.633338519893682	-6.30575144780103
MORF4L2-AS1	0.358247549545859	1.2456706114472	0.96649739928786	0.356096796395842	0.633338519893682	-5.88136381852906
TST	-0.382332326337787	4.29351786480777	-0.966473883268083	0.356108006816423	0.633338519893682	-6.28290291002873
ENSG00000300791	-0.379763159560149	-0.406659106044149	-0.966458666269034	0.356115261112549	0.633338519893682	-5.70449790978191
LLPH-DT	-0.806886812515028	-0.626314426159002	-0.966352958166059	0.356165657577358	0.633380951449132	-5.68094343894448
ENSG00000231713	0.511255625294153	-1.30818909160156	0.966270948795714	0.356204759210402	0.633403292212388	-5.60824049135518
PGAP4	0.279009171430249	5.94495366052743	0.966115755174744	0.35627876323692	0.633487688458285	-6.44215634993171
NFE2L1-DT	-0.419191639476272	-0.0233669806283829	-0.965998738330526	0.356334570061755	0.633510963621819	-5.74550155536059
CYSRT1	-0.383484451194628	-0.202657681267643	-0.965923381501374	0.356370512053765	0.633510963621819	-5.72667477155701
PLEKHO1	0.41381826332206	5.55764331278079	0.965921344742487	0.356371483537376	0.633510963621819	-6.41626110307039
ENSG00000304960	0.805733342300605	-4.11353327001529	0.965829621796536	0.356415235106823	0.633541551820552	-5.35364366578987
RNF130	0.237814097229819	6.85473680119962	0.965715142061486	0.356469847066856	0.633591438780508	-6.48563599505241
ENSG00000302153	0.591246031911152	-2.49999532427452	0.96549247446741	0.35657608687817	0.633700556517113	-5.49228542391409
NUP155	-0.198185225229834	7.13624885315666	-0.965475176054989	0.356584341309123	0.633700556517113	-6.49612555555686
ENSG00000198580	0.501387509679401	0.307327349344904	0.96539309940629	0.356623508413705	0.633722974857412	-5.78086418878451
SRP72	0.183546738954395	7.69681616636571	0.965037649798747	0.356793165562837	0.633845599377231	-6.51465306022747
SHROOM2	0.21086106425729	5.6732163401452	0.964967221759495	0.356826788025754	0.633845599377231	-6.42556785387701
ENSG00000280033	-0.919092806248939	-3.99777547271589	-0.964922611303254	0.356848086321071	0.633845599377231	-5.36368719927074
SLC39A1	-0.551558007157337	0.970715125510593	-0.964889845400805	0.356863730278538	0.633845599377231	-5.85243673490771
SPAG8	-0.476609180916334	-1.73034958387728	-0.964867396050046	0.356874448924308	0.633845599377231	-5.56642181391566
ENSG00000296382	0.790971342313565	-3.52354935195009	0.96485853221103	0.356878681108826	0.633845599377231	-5.40280307842707
INSM1	0.974696003979074	-0.771235958069949	0.964817795908194	0.356898131789372	0.633845599377231	-5.66671709189387
DGUOK-AS1	-0.556559111769797	-1.20391616577022	-0.96480346677677	0.356904973814497	0.633845599377231	-5.62048556718524
GJA1P1	1.20764749611812	-1.97048536736606	0.964731060623355	0.356939548525504	0.633859836656116	-5.54285044904957
BACH1-IT1	0.692369205071667	-3.02723752160903	0.964446502130105	0.357075451786069	0.633900878862835	-5.44590662609074
PRKD1	0.300201247525266	2.7837999896779	0.964442721683112	0.357077257555282	0.633900878862835	-6.07154927860962
MIA2	0.213530189287601	4.48372784133256	0.964406756440621	0.357094437052916	0.633900878862835	-6.30941116488199
KCNK15-AS1	-0.670989196972352	-1.42215593077076	-0.964405770809049	0.357094907867449	0.633900878862835	-5.59815071806027
ENSG00000308204	-0.600263037367652	-2.085835506137	-0.964404617355557	0.357095458847396	0.633900878862835	-5.53203269935979
TMEM254	0.259400716783072	4.96607160040057	0.964227194513404	0.357180217270201	0.634004183072132	-6.36510672390727
LGMNP1	1.07161258078533	-3.55133970516064	0.964057644847774	0.357261228155633	0.634100820435077	-5.40117332454349
ENSG00000302260	0.557650996839399	-2.22097334092314	0.963663204210703	0.357449743585011	0.634317915057362	-5.51986970704383
PIBF1	0.202552295270009	4.02911029406111	0.963657174037717	0.357452626151709	0.634317915057362	-6.24956646629497
SSC5D	-0.556731784761305	0.669937397610086	-0.963618743414503	0.357470997303458	0.634317915057362	-5.82105663231082
AMBP	-0.577461434685301	-0.277766740827953	-0.963577218229247	0.35749084853128	0.634317915057362	-5.7208956393861
ATP5MG	0.42063263711923	5.65854085283318	0.963523712513516	0.357516428262942	0.634317915057362	-6.42591579198411
POLR3E	-0.214048933303748	5.95501245845282	-0.963429361745019	0.357561538216731	0.634328206849555	-6.44534028008785
SGMS2	-1.1936199722458	-2.10134535246246	-0.963400403567197	0.35757538421058	0.634328206849555	-5.53145536391249
ENSG00000297366	0.371819713701183	-1.08396931481655	0.963242635325911	0.357650825968861	0.634396779394921	-5.63460934635601
ENSG00000287671	-0.638243520637464	-3.46945463914217	-0.963141879233907	0.357699011644916	0.634396779394921	-5.40889241566855
SLC22A5	-0.263332873385462	2.64509247454139	-0.96305876094349	0.357738765747138	0.634396779394921	-6.05419835166547
ENSG00000285923	0.619953698143719	-2.83918515670089	0.963029599302389	0.357752714036305	0.634396779394921	-5.46382394360695
GINS1	0.199168468065527	6.50882920735957	0.963027341733172	0.357753793869489	0.634396779394921	-6.47404932342875
LINC02298	-0.520530014459605	-2.68052460302776	-0.962986097600131	0.357773522045319	0.634396779394921	-5.47810760244393
EXOSC9	0.199889861814135	6.10564654220987	0.962886879525609	0.357820983944072	0.634433803119618	-6.4544269233742
INAFM1	-0.59814890871066	1.07755803225069	-0.962707187268389	0.357906953043017	0.634508117525637	-5.8662349041851
ZNF703	0.516514226785509	0.26270730603256	0.962688137819896	0.35791606763513	0.634508117525637	-5.77868229679934
CRMP1	0.206419555427363	8.23320856296453	0.962548967228319	0.357982661710967	0.634579039442635	-6.53216141296433
CTDSPL	-0.205251830982705	5.66246264630593	-0.96241288642024	0.358047785987749	0.634647345575166	-6.42725826952933
TRIM31-AS1	-0.538262428038068	-1.96399062346229	-0.962268906139105	0.358116700068391	0.634722358572128	-5.54571339237539
ROR1	0.221914654481055	7.10719510987568	0.962114658603186	0.358190539086682	0.634806088689525	-6.4983337063821
NRP1	-0.538520898245666	2.98967765613779	-0.961645995066983	0.358414958199897	0.635156653352906	-6.10258350785188
HIF3A	-0.415403559528196	4.17433700611273	-0.961236584342783	0.358611087504807	0.635441327514604	-6.27191987554837
LINC00466	-0.832984532698795	-3.47795176029243	-0.961199521089256	0.358628846592438	0.635441327514604	-5.40989021304272
ZNF322	-0.221415273820284	3.89783272162046	-0.961031120560572	0.358709544771811	0.63553713199234	-6.2335314161267
CEP135	0.211038423232798	4.70258648133052	0.960949893124344	0.35874847397223	0.635558924309323	-6.33927825385635
PGAP3	-0.299550569152557	4.6976911071257	-0.960872433513996	0.358785600247987	0.635577519566445	-6.33878265718354
SETDB2	0.213802558227536	3.80304943493506	0.960787732816205	0.358826200350858	0.635602265383251	-6.22024387073136
BRI3	0.259352925725284	4.88486974275788	0.960575067371407	0.358928153240846	0.635718928973191	-6.36007812614287
ENSG00000303182	-0.46251407155669	-0.615393741540073	-0.960539233987436	0.358945334011092	0.635718928973191	-5.68748871687358
RB1-DT	0.639197663518943	-1.75873752101381	0.960232587983874	0.359092383676735	0.635868285548489	-5.56779576968417
RAB4A	0.259378788277592	5.69570276934332	0.960164739806089	0.359124925625501	0.635868285548489	-6.43174229260491
FRMD3-AS1	0.500938195134725	-1.02760061084007	0.960141389475071	0.359136125613526	0.635868285548489	-5.64344013982623
GNG8	-0.769222469169324	-1.76346456969854	-0.960138416461248	0.359137551637977	0.635868285548489	-5.56740988799698
WDR53	-0.249669932171089	3.646863713636	-0.960044274252349	0.359182709650202	0.635868285548489	-6.19839130702999
VIM	0.705997716979546	8.33571038137192	0.96000634505564	0.359200904639501	0.635868285548489	-6.53727742229376
MIR210HG	-0.77303176864007	2.82017610387643	-0.959974544577535	0.359216160139535	0.635868285548489	-6.08073584660294
GSPT1	0.245918193066371	8.18225249514826	0.959815833075955	0.359292305104302	0.635913257066727	-6.53342389537305
REL	0.320485510258879	2.12462737601366	0.959810521523235	0.359294853628224	0.635913257066727	-5.99058962960285
MTG2	-0.213754144361063	4.40902080856973	-0.959534944544602	0.359427095535877	0.636080827762053	-6.30460265339741
ENSG00000253636	0.535815498630055	1.56511211139831	0.959458153124109	0.359463951927798	0.636080827762053	-5.92426414843359
KL	-1.11754244123068	-3.72144354592057	-0.959446624735623	0.359469485266459	0.636080827762053	-5.39104512180647
NFASC	0.564381759345451	4.3357506357632	0.959312651128446	0.35953379377368	0.636109387493249	-6.29536310697223
SLC44A3	-0.536086860873927	1.46324151318224	-0.959301952039101	0.359538929789413	0.636109387493249	-5.91272819894042
MYOM1	0.382914409955843	0.0711434343131311	0.959237395335049	0.359569920866411	0.636117063325078	-5.76173234888359
NPR1	0.751526314323644	5.28790336780384	0.959105143190614	0.359633415837537	0.636164222809109	-6.40082744921921
RP9	0.467970253397774	3.3801228396481	0.959070838097842	0.359649887223501	0.636164222809109	-6.16061487218796
ENSG00000305109	-0.737307320883167	-0.862785537943324	-0.95892239311817	0.359721168487568	0.636243154608922	-5.66224364056752
KRBA2	0.396411498196982	2.35337198031899	0.958862802009622	0.35974978620393	0.636246620772818	-6.02016074909006
ENSG00000310475	0.99774497282143	-3.45487191322236	0.958719989359007	0.359818376493693	0.636304923720495	-5.41403539735418
LINC02672	-1.09043554194515	-3.77064760935206	-0.958681597060013	0.359836817222257	0.636304923720495	-5.38765244787958
SPCS2P4	-0.231073086153722	4.92860221270971	-0.958562491276803	0.359894030895344	0.636304923720495	-6.36664091502558
ENSG00000310289	-0.777872849957856	-2.2478136703874	-0.95854882864451	0.359900594300268	0.636304923720495	-5.52195095486075
SGSM2	-0.412769794510687	5.0394833212154	-0.95851664703962	0.359916054394213	0.636304923720495	-6.37809300791596
UTF1	0.857920880720775	3.15203812671692	0.958206429724329	0.360065107917822	0.63652128958408	-6.12874449983255
SNHG31	0.405976312199033	-0.91081134941908	0.958041404150786	0.360144417758395	0.636614339997009	-5.65789613163604
BCL11A	0.241063606777047	4.30644908385529	0.957548301918363	0.360381473625739	0.636986197957899	-6.29314342576956
MOAP1	-0.334741369178185	4.40518660772465	-0.957217909540347	0.360540370835605	0.637219863057863	-6.30632350001035
ENSG00000288061	-0.513682086726904	-0.721522208622348	-0.957148163568468	0.360573920577481	0.637231970560737	-5.67914114604271
SHE	0.622228570207571	1.43637812996609	0.957000299995649	0.360645054509696	0.637310492816742	-5.91181589047164
PTPN2	0.180105950738682	5.78903004712898	0.956916900866618	0.360685180481016	0.637334212078212	-6.44119041824282
MYORG	0.46742832434578	4.6842305711145	0.956835783679261	0.360724211633112	0.637355993414828	-6.34104617460161
UBE3A	0.16342196633313	7.05361251158718	0.956562766553249	0.360855601693591	0.637475372190094	-6.50175078097525
ADCY4	-0.529144919234003	-0.818799551829973	-0.956533236486987	0.360869815171852	0.637475372190094	-5.6691674535529
ZNF486	-0.478472148176607	4.45361189506569	-0.95652889496869	0.360871904875366	0.637475372190094	-6.31311774475229
CYB5D2	0.249637841318545	3.41333592655697	0.956289825981396	0.360986989477552	0.637631474086792	-6.16806305024695
FAM83D	-0.267059433683476	6.59038970591067	-0.956126559587315	0.361065598965946	0.637674259088389	-6.48416538628012
PAXIP1	0.283573157193676	5.87610571648551	0.956095111111586	0.3610807421956	0.637674259088389	-6.44752141986593
MHENCR	-0.364542838487592	1.06193931901376	-0.956073050658188	0.361091365130916	0.637674259088389	-5.87070689287733
ENSG00000223599	0.575292846507016	-2.86160305543026	0.955900326209651	0.361174546232477	0.637773963815518	-5.46818017499777
ENSG00000297930	-0.878612515481971	-3.74095353633865	-0.955597925595043	0.361320210458396	0.637983980395838	-5.39280464934093
ENSG00000242477	0.634385687952145	-0.953098035521517	0.955458402335212	0.361387432124137	0.638025308086591	-5.65570363350097
USP3-AS1	-0.683718077371346	-1.53167466808828	-0.955384943093975	0.361422828078651	0.638025308086591	-5.59511956734498
MAN1B1-DT	0.405286319381825	-0.282555662404624	0.955375995828762	0.361427139443048	0.638025308086591	-5.72795715539827
RBM28	0.207323841636261	5.99516475187111	0.95521540775899	0.361504527357697	0.638025308086591	-6.45554067752877
C2CD2	-0.242690915739221	4.30871948526761	-0.955144616392898	0.36153864574781	0.638025308086591	-6.29572916754092
DCTN3	0.252070168569861	4.03265348936833	0.955143704561858	0.361539085226275	0.638025308086591	-6.25815799146257
RGS19	0.267015704787639	3.36632008989924	0.955112095601637	0.361554320148258	0.638025308086591	-6.16236714250908
ZFAS1	0.39589891126883	5.19715646702919	0.955105546996414	0.361557476510292	0.638025308086591	-6.39646066793953
COA6-AS1	0.595604231665058	-0.723237605825318	0.954948012266674	0.361633412666665	0.638086645097346	-5.68097096527891
MRPL19	0.269644372251515	6.37588542798186	0.954922512621852	0.361645705293158	0.638086645097346	-6.47573359502732
CIAO2B	-0.268669519986589	4.7155915455332	-0.954800424178102	0.361704564710371	0.638111060731637	-6.34665086756524
CD109-AS1	-0.563479537160663	-1.59011269136566	-0.954782896432258	0.361713015487422	0.638111060731637	-5.58971611297018
MPV17	0.322240694498354	5.39611363005477	0.954583071742261	0.361809368465899	0.638198984477866	-6.41438264569836
EIF4G1	-0.342266460271905	9.21941678221537	-0.95453015149211	0.361834889054944	0.638198984477866	-6.56337251443808
VAC14	-0.210922733668264	6.41234436595851	-0.954504026556732	0.361847488184606	0.638198984477866	-6.47782941103466
RAB39B	0.246899943003242	4.6377854158604	0.954457733918383	0.361869814259813	0.638198984477866	-6.33776138490781
G0S2	0.744060598079963	1.27609769635321	0.954370073236829	0.361912094094218	0.638221842061922	-5.89613120662729
ACTG1P24	0.95300664083769	-3.50604437528139	0.954186954451559	0.36200042606044	0.638221842061922	-5.41368762963347
TAS2R20	0.709015988397985	-0.541760087911746	0.954176457838634	0.362005489838028	0.638221842061922	-5.7012954966035
PET100P1	1.10177854177988	1.16750810236959	0.954174161325677	0.362006597728971	0.638221842061922	-5.88417187386842
EIF4A3	-0.252297232915206	7.01999891539458	-0.95415367952911	0.362016478729388	0.638221842061922	-6.50284915443863
ABCA5	-0.455286351054445	0.451399152097416	-0.954067565691711	0.36205802462018	0.638247941030344	-5.80661852419298
BCL2L15	0.644490585111024	-3.1430844492341	0.954006500541799	0.362087487778372	0.638252737873442	-5.4450314696859
NDUFA8	0.21331159413751	5.27207987167717	0.953923832137029	0.362127376989101	0.638275910685982	-6.4043958661465
ENSG00000300424	0.560355609645923	-0.670199164451808	0.953851368754239	0.362162344674351	0.638290406169158	-5.68769333793132
PTGES3	-0.236332313096051	9.16281550013766	-0.953686775365628	0.362241779356824	0.638383264262669	-6.56294568278005
TERF1P1	-0.612127997897408	-3.30685458127103	-0.953518920435513	0.362322801044485	0.638464332536736	-5.43127049952331
FZD6	0.252669383008441	4.00695222060027	0.953427220401272	0.36236706914246	0.638464332536736	-6.25621297903965
H3P16	1.0953987966353	1.37388073659196	0.953425223461255	0.362368033206629	0.638464332536736	-5.90804270477888
STIP1P3	0.943117369808533	0.124673728245694	0.953270943698202	0.36244252055305	0.638548434194999	-5.77287637168864
PARP4	0.188650599669313	6.17778216832283	0.953026428347436	0.36256059689635	0.638709312527693	-6.46769086034965
ATP1A2	0.759079220330684	7.21822296886995	0.952896645552397	0.362623280216053	0.638772590517126	-6.51098863857573
FBXL22	-0.529099092934518	-0.950843339125516	-0.952834560061757	0.362653269425192	0.638778271687901	-5.65833853207147
PGRMC1	0.313984585572312	8.46189888110163	0.952581586164957	0.362775482122712	0.638946382689305	-6.54758909374939
ECH1	0.269799910742436	5.90865873426729	0.952314238022963	0.362904671353754	0.639126755549	-6.45314783154942
RP1L1	-0.500549422359411	-1.08244154658818	-0.951929875793445	0.363090462810214	0.639347992448718	-5.64509832020274
PEX13	0.188579163097729	4.97298684501973	0.951895682785516	0.363106994208801	0.639347992448718	-6.37758254977323
LINC02569	0.681181030383799	-2.94282181837308	0.951888108063597	0.363110656456294	0.639347992448718	-5.464515204772
ENSG00000187186	-0.875410124739874	-1.32782282958187	-0.951716517993028	0.363193624431962	0.639415442989001	-5.6194555517491
ENSG00000298361	-0.89904970706281	-4.15211350502099	-0.951698068964881	0.363202545799719	0.639415442989001	-5.36289377971711
ZSCAN32	-0.17485435397561	4.72573997157363	-0.951635360340098	0.363232870892569	0.639421664669784	-6.3508261700081
ENSG00000286491	0.794342055455811	-3.97376064706425	0.951571271603901	0.363263865275499	0.63942906353937	-5.37728049115452
NUBP1	0.233691666351055	4.82302649482878	0.951352650349815	0.363369608507119	0.639524169102222	-6.36204671731077
FRS3	-0.331280937609202	2.22745366140785	-0.951348769026533	0.363371486034912	0.639524169102222	-6.01129772548877
ENSG00000264666	-0.577949463767679	-1.33951971049013	-0.951245781865554	0.363421306973868	0.639564690572579	-5.61866317472572
PCGF3	0.162847163752133	5.74599268869102	0.951172914905196	0.363456559976268	0.639579570666784	-6.44377864631072
GIMAP2	0.709513942211991	-3.50458957733028	0.951109689693934	0.363487150301626	0.639586244194111	-5.41650792130474
ENSG00000280132	-0.485401657928781	-1.65401215068741	-0.95094413174216	0.363567261182382	0.63963386927979	-5.5867027001766
LINC00539	-0.706812263615479	-4.06653261076566	-0.950904847511754	0.363586272069142	0.63963386927979	-5.37039743330288
CYP3A43	0.860165416132224	-3.78026741698141	0.950887605636579	0.363594616186321	0.63963386927979	-5.39367075523615
PFDN4	0.229374122825695	5.34840501803477	0.950743379786396	0.363664418952251	0.63970951408707	-6.41399376491519
PLEKHA5	0.176600032654778	6.49568700900476	0.950453595721854	0.363804698512694	0.639892974724917	-6.48547760763935
ENSG00000300414	-1.15584370994435	-2.49542428620034	-0.950417168858724	0.363822334898275	0.639892974724917	-5.50620020006255
ENSG00000291145	-0.492442500863198	-0.785875827822661	-0.950200385944709	0.363927304988537	0.64003043166763	-5.67851790172976
PRCC	0.266038812294917	6.73642904241107	0.950122103444467	0.363965216109317	0.640049942004204	-6.49590545980167
TMEM74	0.244184149160315	2.92052242307864	0.950051610175002	0.363999357448529	0.640054754913379	-6.10390098361042
APBB2	0.189021355611461	6.40193125199833	0.949956501876519	0.364045424007574	0.640054754913379	-6.48167166877764
ENSG00000248605	0.578493822062425	5.59815453000621	0.949933414456027	0.364056607240489	0.640054754913379	-6.43454728331993
UBAC2	-0.179530538500773	6.24810585611665	-0.949894983495093	0.364075223224705	0.640054754913379	-6.47427736690634
ECRG4	-0.457638712622382	0.204090046750212	-0.949794008523014	0.364124138838446	0.640093601064829	-5.78443953729822
MSMO1	0.546165774194475	7.69766592186493	0.949650447055688	0.364193692905777	0.640114701589862	-6.52938802690764
FBLIM1	-0.244246376467239	6.68953868214308	-0.949646615034145	0.364195549612237	0.640114701589862	-6.49446646218122
MAN2B2	0.240069484166797	3.61089567401969	0.949595699994637	0.364220219818504	0.640114701589862	-6.20303763086569
LRRC9	0.430429003267144	1.55473874251656	0.949547816156103	0.3642434223946	0.640114701589862	-5.93231775566279
ATAD2	0.18595488414625	5.60584595603516	0.94937200336594	0.364328623306906	0.640217291449414	-6.4356438345414
FKBP14	0.321519700987329	4.46724409089215	0.949274507953569	0.36437587689633	0.640253188094287	-6.32171712248308
TMEM52	-0.351478430340446	3.23426736442068	-0.949109108139933	0.364456052144113	0.640315460890559	-6.14902956524192
PTTG1IP	-0.176158726345854	7.46885754147988	-0.949038122956494	0.364490465114225	0.640315460890559	-6.52289308866284
WASIR2	0.4412795381268	-1.23004315017356	0.949024958581387	0.364496847340441	0.640315460890559	-5.63211306930948
ENSG00000261728	0.85021730905883	-2.0874915110147	0.948692901562672	0.364657858650001	0.640315460890559	-5.54600779813097
PCGF3-AS1	0.40446737706615	2.57197260530495	0.9486704642258	0.364668740148726	0.640315460890559	-6.05805571805773
IFT56	0.259193292482672	3.73404874203544	0.948663548154305	0.364672094302601	0.640315460890559	-6.22173230121833
ENSG00000305493	0.700765132386245	-3.7573681381636	0.948658366862352	0.364674607138264	0.640315460890559	-5.39750145844536
PPP1R13B	-0.251798841265825	3.52487660362901	-0.948619578590423	0.364693419165264	0.640315460890559	-6.19148100677811
NECTIN1-DT	-0.415709718754976	0.521185205037659	-0.948605368124044	0.364700311311897	0.640315460890559	-5.81908543396424
PITRM1-AS1	-0.825542607505664	-3.14140223581801	-0.94858872288758	0.364708384453304	0.640315460890559	-5.44995108232495
PPP4R1-AS1	-0.721535865619686	-4.30158563492343	-0.948562982627054	0.36472086904484	0.640315460890559	-5.35533380658477
CA3-AS1	-0.529980366877469	-0.119340828038761	-0.948537438261988	0.364733258926851	0.640315460890559	-5.75150469633357
CXXC5	0.293497940652749	7.00802828276731	0.948177935632786	0.364907662005618	0.640574519644608	-6.50809270315126
LRRFIP1P1	-0.352393254248609	0.4281326613613	-0.948085413947086	0.364952556132785	0.640606211459967	-5.80967029298649
JAZF1	0.404960172417678	4.06096088830321	0.947982393732048	0.365002549118017	0.640608517438671	-6.26883369404867
ENSG00000266268	-0.585066925530256	-2.44816641415391	-0.947895223520596	0.365044854364113	0.640608517438671	-5.51279927977766
LY6G5B	-0.938991593190823	-0.298656238094031	-0.94786988724971	0.365057151166365	0.640608517438671	-5.73312344740057
PKN2-AS1	0.604424127015176	-1.23796533731757	0.947826863414343	0.365078033201262	0.640608517438671	-5.6323683849446
ENSG00000258634	0.198909675417099	4.09985336713675	0.94780617739556	0.365088073666603	0.640608517438671	-6.27437556304351
ZNF449	0.293054208022714	3.4950207252565	0.94761285851689	0.365181915317618	0.640726073137219	-6.18812335638754
USP50	0.595356648704431	-3.22488875986094	0.947537934027497	0.365218290138973	0.640742791145756	-5.44360830934903
LTBP4	-0.558874000639412	5.85313148758304	-0.947441714670635	0.365265007151638	0.640777649811697	-6.45430118345151
ENSG00000227741	0.750193971804511	-3.62704493151014	0.947288342345022	0.365339482310541	0.640823573579595	-5.40953558606752
PCGF1	0.297474371164789	2.71977524071141	0.947277217449663	0.365344884807372	0.640823573579595	-6.07905501869117
SEPHS1P4	0.565922792469781	2.69112313867998	0.947086091986231	0.365437708560161	0.640887862430254	-6.07538119380468
ZNF45-AS1	-0.374344590810057	-0.689134355214426	-0.947016480897812	0.365471520735769	0.640887862430254	-5.69187812329394
CD47	0.258606502884143	4.26913145150009	0.947001886893614	0.365478609762849	0.640887862430254	-6.29815919161669
CHSY3	-0.386531131380391	0.351199097856335	-0.946853369985396	0.365550757368072	0.640887862430254	-5.80265705068206
FBN1	0.690290110540007	3.8054496054094	0.946777869578962	0.365587438421441	0.640887862430254	-6.23384458161842
HERC2	0.453425249952121	7.00988835745358	0.946773782224322	0.365589424293865	0.640887862430254	-6.50949060185314
LIG1	-0.33533711909049	6.66604468317747	-0.946724777033439	0.365613234443593	0.640887862430254	-6.49627824058341
FSTL1	0.196648047071168	8.96944998454815	0.94667924083134	0.365635360115295	0.640887862430254	-6.56530539117852
SEC14L1	0.174547863746554	6.59196270051327	0.94667411739759	0.365637849610501	0.640887862430254	-6.49321499712257
ZBTB8B	-0.285752699483433	2.50551323601237	-0.946648985012333	0.365650061704981	0.640887862430254	-6.05123854795608
TNIP1	-0.433671442030801	5.84612856755594	-0.946483589122999	0.365730436649973	0.640981666289095	-6.4547605518578
ENSG00000250781	-0.951168238170743	-4.15430942222337	-0.946147192015965	0.365893949663695	0.641192259266208	-5.367512700411
CENPI	0.21907551200569	5.36219478747764	0.946125846368222	0.365904326945395	0.641192259266208	-6.41953334581396
HSPA9P1	0.726787008093388	0.715620541666736	0.945848816216542	0.366039025576817	0.641363141833163	-5.84244365917293
PRKACA	0.241164609649789	6.321461931121	0.945814757959977	0.3660555879688	0.641363141833163	-6.4817956813828
ENSG00000270659	-0.40403706424506	-0.0481668571767144	-0.945656665182163	0.366132474897637	0.641426169826184	-5.76164543741656
VPS37A	0.324034181749173	5.66783499490184	0.94563027426095	0.36614531100314	0.641426169826184	-6.44360667568201
HGF	-0.886976276684067	-2.69577189412211	-0.945318620628076	0.366296918609844	0.641611650895992	-5.49244695071874
BMPR1A	0.301110327989712	7.09347781364502	0.945302103638457	0.366304954753793	0.641611650895992	-6.51386690805375
ENSG00000270059	-0.704571949228439	-3.21944761049911	-0.945040149366655	0.366432422410603	0.641749551601663	-5.44626856691538
IFI6	-0.584937267719321	0.697195988467479	-0.944832065205224	0.366533699433943	0.641749551601663	-5.8413973102623
FCHO2-DT	-0.611464029296485	-2.75749848111491	-0.944751875925902	0.366572733871939	0.641749551601663	-5.48737506282468
OTUB2	-0.279310553446456	3.15781713698029	-0.944728985422335	0.366583877030718	0.641749551601663	-6.14224016624764
MOCS2	0.282855603131125	4.52245758010057	0.944710225375075	0.366593009653656	0.641749551601663	-6.33299326024133
ENSG00000293448	-0.474148681113286	-1.13015412769465	-0.944696996713293	0.366599449628007	0.641749551601663	-5.64656462599308
MKNK1	0.237191495247717	4.24441941469705	0.944667670448422	0.366613726523861	0.641749551601663	-6.29705071592589
COL4A5	0.365841372796804	6.0621896647526	0.944614717861498	0.366639506425847	0.641749551601663	-6.46940325917571
ANAPC1	-0.177480455908561	7.02906115398775	-0.944589440458385	0.366651813157659	0.641749551601663	-6.51225155978015
ENSG00000290045	-0.692933702937663	1.10501183081012	-0.944548128024925	0.366671927454285	0.641749551601663	-5.886149967019
CRYL1	0.537708850041929	1.56089453691846	0.944524115267675	0.366683619207292	0.641749551601663	-5.93768694401985
LINC03059	0.368732619588992	1.28706224725903	0.944477437966791	0.366706347037478	0.641749551601663	-5.90653877055154
TBK1	0.212457467093027	5.27963130196812	0.944364275816667	0.366761451469567	0.641798926770596	-6.41410043551128
FGD1	-0.194215607406957	5.82246645190354	-0.944271213987753	0.366806772484267	0.641813914962422	-6.45534091047731
PSPC1	0.311696129032782	6.60767741642523	0.944191383896293	0.366845652861027	0.641813914962422	-6.4962312639688
ASPH	-0.209867373106697	7.01128847884198	-0.944143582578626	0.366868935388807	0.641813914962422	-6.51202877297553
ENSG00000304560	0.846191291650084	-2.70631763486461	0.944093394430138	0.366893381609132	0.641813914962422	-5.49257393792304
TTI1	-0.200773873445804	6.38179634511431	-0.944070624685747	0.3669044729437	0.641813914962422	-6.48630713792184
CSK	-0.290240357920657	5.49598732732435	-0.943679908939876	0.367094831390215	0.642075818791856	-6.43268724031764
ZNF112	0.301512093792324	2.14385554241416	0.943649739976916	0.367109532791186	0.642075818791856	-6.0080786104949
ENSG00000289293	-1.07057654171571	-0.736941738749048	-0.943597682087157	0.367134901707481	0.642075818791856	-5.68982312461506
SPON1	0.708439572919912	4.52833775025515	0.943420878946967	0.367221071031311	0.6421794623611	-6.33493212311805
LINC02328	-0.637265396250447	-1.02956356925513	-0.943328198037138	0.367266247133102	0.642185482317112	-5.65851077970424
PKM	-0.339547347476996	10.3064955600446	-0.943289270082719	0.367285223246815	0.642185482317112	-6.59534848136264
CNTNAP3C	-0.475410309363553	-1.57025379963322	-0.943231507662152	0.36731338184801	0.642185482317112	-5.60213163335113
AIFM1	0.206753758588076	7.25079933997739	0.943193028723257	0.367332140805012	0.642185482317112	-6.52128609563781
SLC6A12-AS1	-0.826869094448851	-2.60049493480802	-0.943057969258775	0.367397989400918	0.642231574730402	-5.50309941043571
GAS2L1P2	1.05514129033422	-2.63582508588395	0.942984160034138	0.367433978861517	0.642231574730402	-5.49994525150976
SNAPC5	0.244276633102444	4.15618164206144	0.942924067051422	0.367463282135605	0.642231574730402	-6.28674819649238
MAPK15	-0.652915756830091	2.35767095759619	-0.942827061402646	0.367510588753307	0.642231574730402	-6.03571194937634
SYCE1L	0.503654998824999	1.10884544047381	0.942754198930247	0.367546124373765	0.642231574730402	-5.88822784828494
ENSG00000227098	0.844401321038	-4.03233544813196	0.942752053012013	0.367547170992918	0.642231574730402	-5.38018154349646
ZNF22-AS1	-0.330015356649905	0.884851206550575	-0.942689117464671	0.367577867218526	0.642231574730402	-5.86366434191438
ENSG00000307334	0.704664156771722	-2.95301300613777	0.942675259009047	0.367584626797987	0.642231574730402	-5.47172513267413
ENSG00000297190	-1.48859849450977	0.860276573489449	-0.942622086530671	0.367610562953647	0.642231574730402	-5.86104938610567
KDM3A	0.418105928856471	6.53909833491672	0.94255634816019	0.367642630240662	0.642231574730402	-6.49483687406126
FAM8A1	-0.184236534735767	4.47184960490177	-0.942532011395318	0.367654502264276	0.642231574730402	-6.32865127471962
TRA2A	0.315426869479351	6.46321907944797	0.941976967633144	0.367925339822546	0.642625221242027	-6.49203328467307
CD4	-0.536394308202236	2.84527283847468	-0.941911814281959	0.367957141247636	0.642625221242027	-6.10112824045539
SEMA3G	-0.479298847485531	1.79152981383911	-0.941904674026642	0.367960626534275	0.642625221242027	-5.96706375057832
ENSG00000301913	-1.07418335278555	-3.57156168668762	-0.941821095111777	0.368001424661825	0.642649447750332	-5.4189475045959
OR14A16	-0.844974708953497	-4.11182794064491	-0.941563995781845	0.368126945209917	0.642821612622556	-5.37483451220512
ANKRD16	-0.230895627044534	3.11076276795042	-0.941391285698675	0.368211282637908	0.642882610584809	-6.13868427310828
CA3	0.944020969334005	1.892300276664	0.941382139611193	0.368215749222539	0.642882610584809	-5.97953103282835
ZSCAN25	0.235657641619241	4.46970216844489	0.941062163467161	0.368372037275132	0.643108434909339	-6.3297590252609
WDR93	-0.755815970235261	-3.69026948227149	-0.940955905092694	0.368423948269569	0.643109446984547	-5.40974916793855
STMN1	0.21254487589586	9.23434885195034	0.940929491868334	0.368436852882704	0.643109446984547	-6.57659639326935
CD52	-0.417017528153927	0.678728947123905	-0.940887207366265	0.368457512342957	0.643109446984547	-5.84303231208581
RBM19	-0.319358321554688	5.5055707491664	-0.940840365967424	0.368480399191925	0.643109446984547	-6.43611037297049
DCAF10	0.177166190545361	4.78185041654791	0.940514526966231	0.368639633312783	0.64317363340193	-6.36766200731444
FANCF	-0.194427595198612	5.1413032208058	-0.940507096366686	0.368643265144366	0.64317363340193	-6.40501775747104
ENSG00000257288	0.790119205302591	-4.12416475313255	0.940504459649695	0.368644553890689	0.64317363340193	-5.37475995353755
RPL12	-0.233585137439292	8.62168204529385	-0.940479792834562	0.368656610429117	0.64317363340193	-6.56300433779486
SLC39A13	-0.221409873183523	4.70523554170785	-0.940456967328558	0.368667767232241	0.64317363340193	-6.35898729470611
RPL7P23	0.856168526669443	-0.152375948513829	0.940434262440214	0.368678865319136	0.64317363340193	-5.75540821310366
CDC23	0.153059279817326	6.17574952961745	0.94032947010321	0.368730090627698	0.643215982532616	-6.47959616059295
DNAAF10	-0.2402393161921	3.34283109416515	-0.940223057564083	0.368782113154032	0.643259716045259	-6.17295242280599
MRPL30	-0.174527942719169	6.07970934711529	-0.940032957679021	0.368875061497848	0.643374824084269	-6.47470280617641
RPA2	0.188193821377554	6.33794189198765	0.939937826142437	0.368921581866437	0.643408943690629	-6.48812304235315
FRYL	0.239635668583047	5.10219180656658	0.9397467272492	0.369015044032036	0.643524920057913	-6.4020141461473
HTR1D	-0.58797110310245	1.66152731391799	-0.939649784305262	0.369062463128058	0.643560590887511	-5.95387125471768
VPREB3	-0.584379580478837	-1.71228715410813	-0.939186448433518	0.369289161555329	0.643891762481288	-5.59136499313734
ARL5B	0.177879178256132	6.70928622665255	0.93911939729019	0.36932197622947	0.643891762481288	-6.50520568427306
ENSG00000298992	-0.993454836721226	-3.43077053279055	-0.939051992531347	0.369354966067109	0.643891762481288	-5.43328946859996
ZNF571	0.313792462417397	2.15647939731893	0.939012845039693	0.369374126950053	0.643891762481288	-6.01393967959124
HAUS3	0.264084188724463	1.85746921967409	0.938985990067967	0.369387271625835	0.643891762481288	-5.97758954380982
DRP2	0.604294560874036	1.60503762152568	0.938818868975653	0.369469079746507	0.643908334088243	-5.94806738363468
ENSG00000244313	-0.231641731867326	8.34173809693215	-0.938749946050645	0.369502822264324	0.643908334088243	-6.55761840609414
SPRYD4	0.302571932827439	4.26296075536503	0.938661526309206	0.369546113047522	0.643908334088243	-6.30516244462434
FOXC1	1.39445855527753	0.845681988278482	0.938661105521423	0.369546319076177	0.643908334088243	-5.8630953796885
ITIH4	-0.952554828704113	-3.16413753799673	-0.938636272725341	0.369558478005373	0.643908334088243	-5.45667403085211
ATM	0.328045549395825	5.50879691925322	0.938620547692827	0.369566177631091	0.643908334088243	-6.43844651616028
PTGDR	0.517814731784471	-1.60707542199528	0.938543364728061	0.36960397126554	0.643908334088243	-5.60257825128112
ZNF766	-0.193649326308744	5.4446374886662	-0.938508631822302	0.369620979583765	0.643908334088243	-6.43352947691155
ENSG00000276728	-0.408221074494515	-0.879528751556767	-0.938420495107699	0.369664141669313	0.643908334088243	-5.67906522444765
MED26	0.226124647595088	2.97007835555205	0.938415539471803	0.369666568637747	0.643908334088243	-6.12165908225654
ELAVL3	0.724459265847022	1.13327064165609	0.938258556788161	0.369743455093084	0.643995259629762	-5.89506977618473
ADAM7-AS1	0.567725426287916	-2.3854937102103	0.937916691235312	0.369910932473411	0.644239946391046	-5.52743790897599
ENSG00000268858	-0.292244446816348	2.10057538889534	-0.937693039824894	0.370020527005113	0.644383795551334	-6.00824082329592
CTNNAL1	-0.177374906926671	6.59977320175457	-0.937492527079761	0.370118802792782	0.644443833803759	-6.50220132323335
RPL31P4	0.555495722838046	1.72618956258804	0.937474086485595	0.370127841878853	0.644443833803759	-5.96343703518235
ENSG00000262712	0.548129038295122	-2.12730187135507	0.937427262350156	0.370150794527558	0.644443833803759	-5.55219925998601
ENSG00000265010	0.825219601777399	-3.55555835518275	0.937402346838303	0.370163008237975	0.644443833803759	-5.42412308846019
ZNF8-ERVK3-1	-0.842310067893349	-2.71214044888333	-0.937320724092185	0.370203022142378	0.644466486467698	-5.49800029613636
EFNA2	-0.369375553160099	3.79756206753651	-0.937098082640951	0.370312183356277	0.644609501871801	-6.24176034625187
ENSG00000304830	-0.717472677930565	-3.07583963888312	-0.936940483792729	0.370389468068856	0.644697012427026	-5.46588790972226
OPRD1	-0.549727421723996	1.19112327794772	-0.936795871731405	0.370460394357662	0.644773443603465	-5.90285096801158
H2AZP3	1.31187453973446	-3.47987390108273	0.936627283727669	0.370543092128237	0.644854634488821	-5.43120533502542
SNRPB2	0.315139750394302	6.79513195136587	0.936590615807612	0.370561080655892	0.644854634488821	-6.5110009262731
KBTBD6	0.282009443421821	4.22852438365953	0.936430066604157	0.370639850148816	0.644916050449661	-6.3026437919829
TDRD5	-0.450302572473724	-0.559854115975132	-0.936377752340775	0.370665519433962	0.644916050449661	-5.71551721975209
PCSK9	-0.426737140487989	6.03253770644258	-0.936314948166826	0.37069633753215	0.644916050449661	-6.47554569326817
LINC01270	0.518496229449318	1.2725239921923	0.936298400347795	0.370704457875682	0.644916050449661	-5.91242844682454
RUNDC3B	0.389739095976368	0.336537818964495	0.936169259212365	0.370767834366619	0.644973738346313	-5.8108704307796
ENSG00000262202	-0.736904036410509	-2.72235152013512	-0.936102545638797	0.370800577335233	0.644973738346313	-5.49814360466776
NAP1L1P1	0.79016857701474	-0.695596512398939	0.936005987110619	0.370847971845796	0.644973738346313	-5.70113755516251
KIF15	0.194229871817979	5.31601049093492	0.935944322269719	0.370878241505527	0.644973738346313	-6.42515753718198
PHOSPHO1	-0.49168551288501	-0.538896885706797	-0.935934839974733	0.370882896273171	0.644973738346313	-5.71818242939945
ZSCAN31	-0.231530142323057	2.56487898890539	-0.935900488463194	0.370899759450419	0.644973738346313	-6.06899772451412
PLXNB3-AS1	0.971544144115926	-2.22201852534376	0.935572545559267	0.371060774413872	0.645206724678412	-5.54483998157799
ANKRD35	0.326584814857341	2.93928202588588	0.935476675875453	0.371107854404419	0.645224023830551	-6.12009536646463
MANF	0.252009812469844	5.74185043490433	0.935439894281501	0.371125918360448	0.645224023830551	-6.45832862633186
ENSG00000288844	-0.859629077172787	-3.6021483190622	-0.935387144394459	0.371151825665967	0.645224023830551	-5.42193506191639
MT-TW	0.66875465682635	-2.6317043735151	0.935292028741993	0.371198543540514	0.645258240253565	-5.50708034624379
ENSG00000279246	-0.648782432393942	-1.03441074442985	-0.93523472776571	0.371226690041329	0.64526017123417	-5.66526843227229
ZNF266	-0.200408681911989	4.56169219057486	-0.934996806853533	0.371343574194553	0.645393555593943	-6.34691685986433
NUP188	-0.244036594043988	7.28092365746254	-0.934944601835566	0.371369224635956	0.645393555593943	-6.53005395326868
RSBN1	0.218640975710244	4.84981006794886	0.934841315224248	0.371419977265473	0.645393555593943	-6.38055430576353
SPART-AS1	0.587434991942105	-3.38372988178633	0.934837961286871	0.371421625395086	0.645393555593943	-5.44096561504438
LCDR	-0.445953344116913	-0.332926024141307	-0.934765695564107	0.371457138143824	0.645393555593943	-5.74137448586281
ENSG00000228719	-0.880762551469801	-3.76131938096615	-0.934748323772515	0.371465675333892	0.645393555593943	-5.40919696081457
ENSG00000260645	0.583669423689454	-1.26963308812069	0.93414699021697	0.371761281013683	0.645860132039131	-5.64133549454235
ZNF592	-0.182076348692634	6.00322734316482	-0.933954396259204	0.3718559925546	0.645930962949787	-6.47607399631398
ELP1	-0.18969802753287	6.19247378192533	-0.933954016586951	0.371856179282275	0.645930962949787	-6.4864470028114
TOLLIP	-0.262127321383198	4.87740200594363	-0.933873924034976	0.371895571322277	0.645952376155214	-6.38448639760296
LINC02851	0.274795025620056	2.84028974417262	0.933770161509901	0.37194660943249	0.645994013049427	-6.10799755816444
NDUFB6	0.237418378318997	4.70274209473349	0.933702096816475	0.371980091416857	0.646005154758505	-6.36501497058566
UPK1A-AS1	-0.715981363474212	1.65505238505572	-0.933514329630476	0.372072467908078	0.646118567488511	-5.95875787956198
KIF3B	0.211580928059503	5.80323968614472	0.933455723773462	0.372101303794611	0.646121630968787	-6.46427119512834
PSPH	-0.258937890309644	6.03295895623897	-0.933203094438081	0.372225623474021	0.64623996827755	-6.47848203529626
TEN1-CDK3	-1.08547157744147	-2.3189824855927	-0.933173221214221	0.372240326140694	0.64623996827755	-5.53781516684292
ENSG00000306793	0.816611135773696	-3.77754327247786	0.933142519947941	0.372255436775997	0.64623996827755	-5.40923168548872
LINC01426	0.456889996775273	-0.754451782559616	0.93307928902691	0.372286559327789	0.64623996827755	-5.69741049714055
MYRFL	0.658623331109641	-0.995759322293616	0.933042154861026	0.372304837801832	0.64623996827755	-5.67136480154448
SYS1	-0.207988716535692	4.41873981137151	-0.932910637764186	0.372369579344645	0.646286043644404	-6.33091535254545
PRRC1	0.197730692985874	6.620000031227	0.932847171210708	0.372400824717222	0.646286043644404	-6.507412253145
ZNF155	0.291725699966813	2.75804497612471	0.932823216945846	0.372412618185842	0.646286043644404	-6.09765088356322
BLCAP	0.233711182565649	5.98741455519122	0.932217551074703	0.372710895910989	0.646756649171701	-6.47679028325543
ENSG00000260855	0.570275176810046	-1.08609754433807	0.932047424539816	0.37279471032022	0.646855060066354	-5.66261157349563
GAPDHP21	0.711445286845599	-3.09553339310894	0.931493946181835	0.37306747959401	0.647252782036817	-5.46888741110398
EIF3D	-0.213683174655534	8.0590770015274	-0.931355769344909	0.373135599122667	0.647252782036817	-6.55701431082978
TAF3	0.29763274366773	4.42216354709915	0.93123622016368	0.373194542598141	0.647252782036817	-6.33290703841732
SRSF3	-0.224605913553935	9.06088455474413	-0.931204044292713	0.373210407978708	0.647252782036817	-6.5819251612421
FAXDC2	0.543172800238354	3.19926226217474	0.931174152159401	0.373225147717724	0.647252782036817	-6.16073736697665
LINC01058	-0.400588552378148	-0.981669271301159	-0.931166960473302	0.373228693982798	0.647252782036817	-5.67455504705398
TRABD-AS1	-0.532255430768788	0.414178358469389	-0.9311617140493	0.373231281042215	0.647252782036817	-5.82364306927689
SLC35D2	0.440593627003413	2.45522867783861	0.931142251801638	0.373240878165363	0.647252782036817	-6.05905509291387
ENSG00000289402	-0.570488715276959	-3.26155925139178	-0.930810569000917	0.373404462936452	0.647489415642567	-5.45498269058086
CROT	0.420600067549985	2.12785870927046	0.930613534246746	0.37350166397637	0.647549696196136	-6.01812940170117
KRT10-AS1	-0.22124324113405	2.8790360527022	-0.930595573704002	0.373510525155256	0.647549696196136	-6.11625827489604
ENSG00000267114	-0.761804148051839	-2.95232576200264	-0.930552794440859	0.373531631730469	0.647549696196136	-5.48236191442405
ENSG00000308641	0.605366453684709	-1.78370441291662	0.930520120971668	0.373547752848217	0.647549696196136	-5.5918924999687
SLC27A4	-0.327960771003397	5.13892039797439	-0.93038886447048	0.373612519917805	0.647577913024596	-6.41425188198901
INHBA	-1.20995112864874	-1.97149345251429	-0.930367456477583	0.373623084214597	0.647577913024596	-5.57347532552255
ZKSCAN8P1	-0.529697925559561	-0.288153155223918	-0.930288551539088	0.373662023622058	0.647577913024596	-5.75017943772253
ENSG00000251867	-0.460937522807768	-1.54820010476244	-0.93026719970565	0.373672561200601	0.647577913024596	-5.61593030291998
RIMKLBP1	-0.711148127098658	-3.23882394921306	-0.929929787042353	0.373839109566592	0.647806137157941	-5.45771744653978
HHIPL2	-0.638782291109361	-3.15422187833631	-0.929890433112317	0.373858538283549	0.647806137157941	-5.46512859439983
TCF7L1	-0.202756286066042	7.385644814934	-0.929668657358088	0.373968040635259	0.647948836721722	-6.53844397684582
TRAM1	0.29546639828507	7.18961695041744	0.929571689405591	0.374015925993689	0.647950673444225	-6.53199266774351
ENSG00000291255	0.604340396063957	-2.29080074027808	0.929556560395136	0.37402339749617	0.647950673444225	-5.54363388008765
ADCY6	-0.586552329502358	4.61070540316178	-0.929297628168328	0.374151288360544	0.648125185026934	-6.35813267067899
RNU6-1223P	-0.588834232915572	-4.34187119929951	-0.929146922347645	0.374225738775757	0.648182193581264	-5.36979975035426
TMEM40	-0.774327167166381	-3.70371654781888	-0.929073591448446	0.374261968903748	0.648182193581264	-5.41884987715229
STARD7	0.218938737972829	8.22932321089465	0.929066095185089	0.374265672675384	0.648182193581264	-6.5637516634193
OLFML2A	-0.485061873038942	4.77852038571749	-0.928688653635905	0.374452193652803	0.648458170505837	-6.37832645533356
ZBED6	0.599278712516627	-1.60678359580312	0.928586143050999	0.374502862926938	0.648498863054287	-5.61144624793096
QRFPR	-0.536050189384922	0.0139170647454947	-0.928459657125669	0.374565389542479	0.648560080688504	-5.78380928484348
ENSG00000307673	0.637596214990958	-2.63072711182059	0.928351467173379	0.374618877689279	0.648605640464999	-5.51322953289114
ACBD5	0.18433789066447	5.19397513164129	0.928255795535252	0.374666181425097	0.648638530644274	-6.42141158332311
ENSG00000236212	-0.490461719540337	-0.0633968068662656	-0.92820311871946	0.374692228683647	0.648638530644274	-5.77586461773572
KCNJ5	-0.868491735476749	-2.40009343482477	-0.928094893048	0.374745747392881	0.648660719318403	-5.53469595839503
DISC1	0.302665527990214	2.07729026356471	0.928067281484209	0.374759402467066	0.648660719318403	-6.01422138162929
ENSG00000267108	-1.06919037711854	-2.60033389438648	-0.927972570654939	0.3748062436289	0.648694655499948	-5.51633538844395
ENSG00000290858	1.78113919988089	-0.486460720785844	0.927917730192654	0.374833367997644	0.648694655499948	-5.73104162890227
PLEKHB2	-0.184799499897486	7.19224133437122	-0.927814677440752	0.374884342188349	0.648735832004737	-6.53371993778103
ENSG00000289052	0.436580168433418	-0.812136061276017	0.9276460072776	0.374967784137778	0.648833183790063	-5.69598803776993
SMIM26	0.366685148549015	4.29220295813621	0.927329143841884	0.375124573767566	0.649006082942393	-6.31960963059568
LINC00052	-1.02158507768156	-2.16451975641874	-0.927273552435656	0.375152086189286	0.649006082942393	-5.55758501127463
SUCLG2P2	-0.321332194496351	3.18408254848111	-0.92725904971408	0.375159263883653	0.649006082942393	-6.16218529439441
NRF1	-0.223644153912168	4.55150614716345	-0.927224275211175	0.37517647489656	0.649006082942393	-6.35290000029285
MIR4258	-0.921150394578843	-3.62610995292857	-0.926691662263888	0.375440152286916	0.649339458756635	-5.42738408984008
KCTD7	-0.362222726502034	3.7003045796423	-0.926681014735358	0.375445424836957	0.649339458756635	-6.23735705728215
SH3PXD2B	0.202431189096832	7.50790360560682	0.926670135793289	0.375450812035093	0.649339458756635	-6.54515018624948
AKAP13	0.313418934079838	5.5907295677619	0.926472528645981	0.375548675687151	0.649395741474359	-6.4560092553963
PKMP1	1.29533680573322	-2.34214725583112	0.926459865356497	0.37555494771748	0.649395741474359	-5.54152646954744
MFN2	-0.257816625276536	6.73941590532841	-0.926439606849229	0.375564981756006	0.649395741474359	-6.51827131047523
ENSG00000290994	0.267490644085262	3.43026894674461	0.926369947832238	0.375599485322146	0.649408353823794	-6.19846507217149
PROSER1	0.284613682337008	7.01575718619612	0.926024997361696	0.375770379728847	0.64959165357256	-6.52916695648207
LINC00973	0.568015061585687	-1.49279380643037	0.925989064039346	0.375788184896195	0.64959165357256	-5.62539549877301
CPNE8-AS1	0.502809784797898	0.285442674954842	0.925954880231381	0.375805123726093	0.64959165357256	-5.814714549409
HECW2	0.248417115751475	3.13184616309455	0.925936222405935	0.375814369318721	0.64959165357256	-6.15599080243582
JTB-DT	0.440360029002052	0.587519121364372	0.925675500287644	0.375943582999351	0.649745293979382	-5.84708759770478
HERPUD2-AS1	-0.329821797562392	2.41306053633496	-0.925551715999881	0.376004941456809	0.649745293979382	-6.05873087634196
PRPSAP2	-0.203595467999016	5.90533371818984	-0.925550848989124	0.376005371249251	0.649745293979382	-6.47807628459199
GNA12	-0.194681151255825	7.35756169968053	-0.925487452367318	0.376036799013536	0.649745293979382	-6.54142127044294
TMEM183AP2	0.594851203017942	-2.86358474042582	0.925433496477414	0.37606354817178	0.649745293979382	-5.49471627447316
EIF3CL	1.18174818675273	1.17024855006143	0.925427345113946	0.376066597856085	0.649745293979382	-5.9108888608553
TAX1BP1	0.220512638833212	7.1205195438134	0.925272632189988	0.376143306240097	0.649830784656706	-6.53358799862509
MARCHF10	-0.450146647266429	-1.66971039077123	-0.925179765217291	0.376189356058144	0.64986330059639	-5.60806006736171
ENSG00000273226	0.577275702593829	-2.11624352341883	0.924925984891147	0.376315218202109	0.649991151337759	-5.56425367132639
KCMF1	-0.246708546183135	6.78491251251988	-0.924865141230039	0.376345398014133	0.649991151337759	-6.52153772577664
FZD4-DT	0.512755835406708	-0.931575953315702	0.924812595010907	0.376371463494551	0.649991151337759	-5.68562645660669
MTA1-DT	-0.453164328918071	0.959671555616858	-0.924758191259221	0.376398451753544	0.649991151337759	-5.88820273060571
DMAP1	-0.29921873749854	4.84325148090263	-0.924756007608942	0.376399535033275	0.649991151337759	-6.38920039354189
MKRN1	0.185618349246099	7.0604239743207	0.924578198565782	0.376487751161181	0.650096451813334	-6.5321077888763
CCDC47	-0.190362229426788	6.87903849510376	-0.92450902724391	0.376522072992967	0.650108682349935	-6.52550071736206
RAMAC	0.246916015120205	3.6576369320257	0.924268586644815	0.376641393517331	0.650229426113991	-6.23342667770135
ZNF114-AS1	-0.538932723100873	-1.1449404267348	-0.924258314712734	0.376646491642265	0.650229426113991	-5.66326227515339
ZFAND4	-0.211881015992414	3.62606531820274	-0.924125885760986	0.376712222650253	0.650295864168493	-6.22896166335827
ENSG00000294479	0.523257485098974	-0.593820994291371	0.92394460225485	0.376802215794318	0.650387629447442	-5.72298020803876
SERP1	-0.228346637004187	7.37207362497707	-0.923909017427983	0.376819882683171	0.650387629447442	-6.54336187177019
PSMG2	0.27466873787697	5.74665456772064	0.92368031941207	0.376933439010038	0.650536581737839	-6.46960360938325
ENSG00000283078	-0.443712603673419	-0.942321026615197	-0.923610853018013	0.376967936245569	0.650549076961172	-5.68553059840125
FEM1B	0.16769010924877	7.0526797732971	0.92353123722285	0.37700747646468	0.650570272632674	-6.53280338575911
SRRM1	0.191285879670641	7.74697004751324	0.923458560878067	0.37704357286195	0.650585522953742	-6.55543733586518
DDX18P5	-0.375505054834999	0.83657309845977	-0.923354415747142	0.377095303243275	0.650627745428124	-5.87602253978922
TCF21	-0.997573236697623	-2.8177452184203	-0.923291378005768	0.377126617443255	0.650634738941606	-5.50068183393628
UBR5-DT	-0.374978917868587	0.879623900634791	-0.923097781918275	0.377222798465593	0.650753634331644	-5.88094320912181
SEMA6A-AS2	-0.335403294112885	-0.423934674595609	-0.922804644548955	0.377368466031751	0.650942150556038	-5.7423496897459
NPM1P27	-0.208726314574138	9.6440876631312	-0.92272816407491	0.377406477733315	0.650942150556038	-6.60212869381441
WRAP53	-0.264111616738041	5.28531961015705	-0.922713236992369	0.37741389698724	0.650942150556038	-6.43480805422789
MYL4	-0.877342768860395	-4.00987929177735	-0.92258532486379	0.377477477793373	0.650962539102806	-5.39920377044456
MED24	-0.261364693704827	6.83599007102532	-0.922579713143855	0.377480267364262	0.650962539102806	-6.52565149964516
PPP1CB-DT	0.468991399957798	0.557233932617487	0.922465264443829	0.377537162698474	0.651013616221694	-5.84673918480223
ENSG00000233170	0.439878840203809	0.975256032486557	0.922336442168689	0.377601210782008	0.651077019053184	-5.89210331941417
ENSG00000296802	-0.527073325482311	-1.5572705469103	-0.921775961791915	0.377879961175151	0.651453629354304	-5.62249437239461
RETREG1	0.28835356532698	1.91957203714045	0.921752689487841	0.377891538624893	0.651453629354304	-6.00080778482672
ADAM22	0.192667329829258	4.46823494859643	0.921689746343828	0.37792285268959	0.651453629354304	-6.34758621887027
RBSN	-0.183138873799907	4.51480099175755	-0.921677768526331	0.3779288118339	0.651453629354304	-6.35349377794103
HDAC3	-0.245328470346911	7.1083566555762	-0.921402008004988	0.378066025279319	0.651557202668057	-6.53674846286222
GSAP	0.645059948901697	0.579963283388266	0.921395745714088	0.378069141692382	0.651557202668057	-5.850134743866
ITGAV	0.16717155021708	5.9712352620133	0.921355793833047	0.378089024072958	0.651557202668057	-6.48594716328657
ENSG00000272518	-0.41208594198675	-1.35559704484584	-0.921337565118726	0.378098095988293	0.651557202668057	-5.64369453287249
JAK3	-0.323297958499268	3.54324932285491	-0.921281258134332	0.378126119356543	0.651558449980695	-6.21953508112223
LRRFIP1	-0.171244186221874	6.08350747183663	-0.921199240128965	0.378166941454318	0.65158174932791	-6.49247616488077
WDR75	0.250070392608587	6.99955542004661	0.920948974006327	0.378291523527941	0.65174935335605	-6.53328287866044
CDK5RAP3P1	0.553067326088238	-2.08412696958873	0.920632845267286	0.378448933517139	0.651973242730746	-5.57109472982645
CSE1L	0.228045101211837	9.13894949241383	0.920578279097452	0.378476108351887	0.651973242730746	-6.59353368049401
LZTFL1	0.233333230315017	3.83271515600365	0.920460920076424	0.37853455973073	0.652026871903387	-6.26222732749294
HMX3	1.27240781660354	-1.26671203520024	0.920158649537364	0.37868513690051	0.652239168824744	-5.65404272086224
ENSG00000273308	0.509277748553545	-1.9171827248438	0.919814427475692	0.378856664090826	0.652487516370021	-5.58805717086359
IMPA1	0.193942950107619	5.35708283780223	0.91961030577238	0.378958404740352	0.652583557528055	-6.44384571367644
RPS6KA6	0.204296918585202	4.47624205139901	0.919592834448053	0.378967113895288	0.652583557528055	-6.35053115309112
ADI1	0.353220856232106	5.55406353151459	0.919522148837008	0.37900235090585	0.652597150932105	-6.45968735894942
ZNF786	-0.234921449178197	3.96053289705764	-0.919452897647602	0.379036875104607	0.652609515085965	-6.28132185954339
ACSL3	0.193759759380324	7.40925487635851	0.919119561404182	0.379203086350468	0.652848594238376	-6.54899492608752
LINC00847	0.328811842450055	3.00466149962493	0.919040098500197	0.37924271651256	0.652858145234782	-6.14433258370682
ENSG00000307898	0.539786069236965	-3.03644500284873	0.918998744407046	0.379263342006966	0.652858145234782	-5.48486984979249
SNTB2	0.197881664637166	4.21840904811721	0.918943241076656	0.379291025730855	0.652858712759146	-6.31748390652283
TNKS2-DT	0.364928720796844	-0.373010036093909	0.918790683017303	0.379367125391785	0.65294261063862	-5.75139769039823
VPS54	0.169136806324938	4.92450213692861	0.918547636968989	0.37948838500201	0.653095033897797	-6.40371521274656
RMI1	0.185229418992723	5.84482729271448	0.918503491338342	0.379510412918614	0.653095033897797	-6.48080216059343
ENSG00000301123	0.581839619104017	-2.54470322287926	0.918298260964126	0.379612831268423	0.653224184851007	-5.52982584454579
ENSG00000235119	-0.976675115689615	-3.13113956713483	-0.918234390917318	0.379644709028178	0.653231942208602	-5.4771760793606
BOLA1	-0.366326875968042	2.37477855627757	-0.918119785482471	0.379701913747964	0.653283273891484	-6.06059970861387
GJA5	-0.615456691948563	1.83095943537432	-0.917900393988275	0.379811438925654	0.653424609878078	-5.99370658270044
ST20-AS1	-0.442625799010941	0.139119932972668	-0.917724201369561	0.3798994144494	0.653516879734782	-5.80665005873672
TNPO1	0.157361544084372	8.25546062885398	0.917683307960528	0.379919835183312	0.653516879734782	-6.57500186496259
ENSG00000287672	0.576049960090567	-2.33605355164978	0.917572324836803	0.379975260179263	0.653546281255068	-5.54982253561041
PCSK2	0.955816521829114	0.843449477613983	0.917539421243207	0.379991693341291	0.653546281255068	-5.88200711947938
ANKRD13C	0.165323422733366	4.8645799646284	0.917318092772148	0.380102245305637	0.653689313208649	-6.39842626822737
ENSG00000287315	0.875316091504487	-2.53381597599176	0.91718657042616	0.380167950547815	0.65371408847499	-5.53178724935144
WDR45BP1	0.619730322959589	-1.84103148141974	0.917163871351798	0.38017929124562	0.65371408847499	-5.59790222617551
LARP6	-0.318710951753283	4.6904194939386	-0.917122586841355	0.380199918037905	0.65371408847499	-6.37891688217156
RPL41P2	1.95932108972709	0.169454548227962	0.91706996393945	0.380226210927632	0.65371408847499	-5.8104413465748
ISYNA1	-0.267947993524102	6.92735888075157	-0.916990341905525	0.380265996307309	0.653735398247247	-6.5342681521591
ENSG00000260657	0.603562349504429	-2.56176681121411	0.91665712222213	0.38043253082745	0.653974590410454	-5.52967387045873
LTBP2	-0.502252873682022	0.781538866197658	-0.916460124548981	0.380531009409201	0.654050617937985	-5.87625819854805
MX1	-0.492285107155956	2.43902304749955	-0.916459011662946	0.380531565789033	0.654050617937985	-6.07037280949931
MNT	-0.264939486575654	4.2156202210479	-0.916331230350927	0.380595453017874	0.654069399610756	-6.31950622756647
BSDC1	-0.227390734891477	5.49637148333663	-0.916327531160687	0.380597302626814	0.654069399610756	-6.4581848793335
ENSG00000304336	-0.490422462785965	-0.776382618290621	-0.916221962720075	0.380650089922342	0.654113017220573	-5.71002268767698
COQ10B	-0.189712686155541	4.49630185202453	-0.916091897292167	0.380715133547781	0.654155378555417	-6.35628994203647
CTNNBL1	-0.17437623022116	5.81318073561791	-0.916063055128781	0.380729558114271	0.654155378555417	-6.48103005164482
FCGR2A	-0.594557988182239	-2.45058766348736	-0.915095451094569	0.381213701115985	0.654842193268047	-5.54128444948036
LRIG1	-0.281038461726907	7.43292359090875	-0.915091405977148	0.381215726013648	0.654842193268047	-6.55347118071347
ENSG00000303863	0.575379654245493	-2.0205909071395	0.915060044196504	0.381231425295927	0.654842193268047	-5.58208755996762
WDR72	-0.457413320295754	3.0052226346109	-0.915010918596669	0.381256017824227	0.654842193268047	-6.14808295332043
LINC00824	-1.61986053619584	-1.5092008904343	-0.914990016913382	0.381266481654703	0.654842193268047	-5.63337005054188
ENSG00000260830	-0.677508581326075	-3.34526493055944	-0.914853950437208	0.381334604411637	0.654912067603982	-5.46140951063075
ENSG00000291066	0.481502778421513	1.58791398905797	0.914778114344788	0.381372576085514	0.654930153506473	-5.96798154594678
MRPL50	0.297799851903612	5.70552417907293	0.914472600284337	0.381525576237629	0.655127506815659	-6.4752589259343
ENSG00000287960	0.690858466351289	-3.39568773558923	0.914407502039331	0.381558182771029	0.655127506815659	-5.4574438874038
PLK2	0.261655983286936	3.53493844207166	0.914299946223213	0.381612059849544	0.655127506815659	-6.22471739850283
ENSG00000305617	-0.732098548986064	-4.49002939193564	-0.914097203445053	0.381713632795734	0.655127506815659	-5.37479535828502
SUV39H1	-0.313597750443988	4.4652888548589	-0.91409069698532	0.381716892810421	0.655127506815659	-6.35419256857677
ENSG00000299647	-2.23638468456066	1.30069680967612	-0.914017814538437	0.38175341137909	0.655127506815659	-5.93582365122052
TPX2	0.190421780722327	8.58815882681609	0.913881838512293	0.381821550294572	0.655127506815659	-6.58695178817453
AMIGO1	-0.30083428220233	2.81430681908187	-0.913860091831664	0.381832448565881	0.655127506815659	-6.12267050023338
PCDHB11	0.338848700588621	0.0106840138890865	0.913846469874867	0.381839275272837	0.655127506815659	-5.79654174819906
PALB2	0.203212026352957	5.59659168338972	0.913831284802237	0.381846885444219	0.655127506815659	-6.46810945318267
ENSG00000295494	-0.497434615074786	-2.65013665184843	-0.913788592921406	0.381868281538763	0.655127506815659	-5.52404883547781
ENSG00000285567	-0.424680278461751	0.275156873595047	-0.913766543173405	0.381879332648421	0.655127506815659	-5.82454487990832
ENSG00000294697	0.744382243895832	-3.0182127902903	0.913718018226265	0.381903653654782	0.655127506815659	-5.49100288536516
ANAPC2	-0.475868141498321	4.41824525152985	-0.913680662466089	0.381922377340511	0.655127506815659	-6.34859915772858
NEIL3	0.287937430446259	4.15163006063427	0.913667538201896	0.381928955719555	0.655127506815659	-6.31321295593521
CREB3L4	-0.292279990951338	4.89502791205255	-0.913514747776096	0.382005545968095	0.655127506815659	-6.4052095106785
GHDC	-0.348340488261247	3.27406357814245	-0.913465434188393	0.382030268026558	0.655127506815659	-6.18770135336545
WFDC10B	-0.934113340569337	-3.89042566624109	-0.913464413020262	0.382030779974046	0.655127506815659	-5.41663634647498
ZMYND19	-0.20869149018375	5.09585914609804	-0.913444410444903	0.382040808066077	0.655127506815659	-6.425805334306
ENSG00000289262	-1.50720952599453	-0.650739607453738	-0.913252412206712	0.382137073931177	0.655127506815659	-5.72627270428953
ZNF862	0.381042910989766	2.95021959839524	0.913226997068228	0.382149818094217	0.655127506815659	-6.14202467949406
ENSG00000273958	0.767619714585622	-3.35948764066971	0.913223400873962	0.38215162139355	0.655127506815659	-5.46156706274449
ENSG00000287595	-0.682614386818747	-1.93836075794538	-0.913194362968704	0.382166182572207	0.655127506815659	-5.59173066491337
NIF3L1	0.186786153364218	5.93214612346336	0.913190820475694	0.382167958996919	0.655127506815659	-6.49112209405608
MCM10	0.182110550091139	5.99013837581344	0.913154915816164	0.38218596413916	0.655127506815659	-6.49459038697893
ENSG00000267882	-0.620293129624204	-3.33012513865434	-0.913079486207343	0.38222379184534	0.655127506815659	-5.46422438373993
ADGRD2	-0.650115126598917	-0.987547849553273	-0.913069854179953	0.382228622466504	0.655127506815659	-5.68994884151452
ENSG00000261051	-0.584887791069204	-2.91999438345299	-0.912942199559818	0.382292647444357	0.655133516203763	-5.50040797596344
BBS12	0.252660231200964	2.27114758043736	0.912921361709575	0.382303099355128	0.655133516203763	-6.05212404080291
DHRS4-AS1	0.28626932677113	4.98354865604169	0.91289867943283	0.382314476628232	0.655133516203763	-6.41502377112157
LINC00667	0.195719648911973	4.63986397560261	0.912527180590381	0.382500851910302	0.655322915522507	-6.37709275497018
IQGAP1	0.196239538537195	7.92887233272997	0.912515575803564	0.38250667488742	0.655322915522507	-6.57081776046798
ENSG00000289318	0.497397064891965	1.97612107407667	0.912431933364716	0.382548646317086	0.655322915522507	-6.01608932670071
MIAT	0.573264772488481	6.4631201867775	0.912427991103583	0.382550624607652	0.655322915522507	-6.51950480038439
ENSG00000249631	0.548560271363351	-2.11596158062188	0.912404744505914	0.382562290274232	0.655322915522507	-5.57516807202604
FAIM	0.368070492628879	2.91325503716043	0.912333199809743	0.382598194591167	0.655329568090019	-6.13769321111868
PPP1R3D	0.249509226337257	2.01045094460382	0.912287581752929	0.382621089007182	0.655329568090019	-6.02039146716858
SPIN1	-0.286576554808026	7.30336260114774	-0.912202715249928	0.382663683684876	0.65535549214315	-6.55189376873668
PELO	-0.183232425790567	5.25430829745124	-0.912062827367155	0.382733901016514	0.655428716048011	-6.44187446222974
DCAF12L1	-0.380354553280492	2.08254693122898	-0.911955532041281	0.382787764536045	0.655461043882301	-6.02950363089057
MZT2B	-0.370424959715146	4.95459264483183	-0.911915814018819	0.382807704808958	0.655461043882301	-6.41291993241878
ENSG00000261884	-0.567244371782219	-0.900088547520923	-0.911824169391282	0.382853717422242	0.655480632093498	-5.70049736651449
DNTTIP2	0.225738065511135	6.56029161228068	0.911753939108995	0.382888981038214	0.655480632093498	-6.52439843916393
VCL	-0.142124001349291	8.92064927129565	-0.91172893493164	0.382901536541985	0.655480632093498	-6.59679898697493
NARF-AS2	-0.316684640729614	1.17607193620707	-0.911633288356851	0.382949566835949	0.655515836740558	-5.92397132529688
ENSG00000302303	0.77336379390563	-3.5025040209888	0.911507190993368	0.383012894926754	0.655577220540508	-5.45075365582465
ENSG00000306208	-0.383580850468014	-1.33481860508713	-0.911358930000827	0.383087363396031	0.655657662400364	-5.65461315512577
PLXNB1	-0.392980521511184	6.59655072981671	-0.911175493478483	0.383179513956273	0.655768353620706	-6.52647380995879
ENSG00000301917	1.94057087641336	-1.41865732174681	0.910995558875762	0.383269920498947	0.655876044493322	-5.64621040232971
CLEC2L	0.597448373732614	0.278562730243226	0.910760272019414	0.383388160994411	0.655968705159291	-5.82757935622963
HORMAD2-AS1	-0.523643469744431	-0.415705729977249	-0.910748044703402	0.383394306383975	0.655968705159291	-5.75393319146042
NT5DC3	-0.232202696683952	3.78236871565134	-0.910723741999458	0.383406521011108	0.655968705159291	-6.26384420811013
RYR1	0.500141188372641	4.33263066081619	0.910628011627072	0.383454638113892	0.656004003144167	-6.34034017232729
LINC01341	0.586381743776023	-0.702953374265348	0.910451768476365	0.383543234616745	0.656108542187346	-5.7230770664844
LINC02728	-0.64830316477253	-1.94794207750963	-0.909609139219768	0.383967019424697	0.656786415294864	-5.59389204637178
SS18	0.218323347391298	6.91228442255366	0.909526655876297	0.384008520631023	0.656810331224067	-6.54056194871031
NGLY1	0.171107075710901	5.20680459755202	0.909273282325797	0.384136024424857	0.656981332493591	-6.4400964562366
ALKBH8	-0.260596093745852	4.13981592544117	-0.909102825792883	0.384221819128322	0.657080980018319	-6.31573959585711
ENSG00000294020	-0.525989019322482	-1.43190850734539	-0.909046142867426	0.384250351943811	0.657082693260941	-5.64653792650765
ENSG00000297678	-0.564971886428292	-4.08387918875647	-0.908900277365592	0.384323783980141	0.657161180129963	-5.40472364747723
C22orf23	-0.676946294046396	-1.66333356067283	-0.908753683750111	0.384397592528997	0.657240299512113	-5.62305674897296
NSUN2	-0.268987813142926	6.97969229278428	-0.908628288831877	0.384460735653146	0.65729363680256	-6.54388668213491
ENSG00000310388	-0.662388309612457	-3.15612569464541	-0.908556505657988	0.384496885653409	0.65729363680256	-5.48322468527829
ZNF772	0.212107618260592	3.73199141385619	0.908503721464829	0.384523469296633	0.65729363680256	-6.25856639377093
RPN2	0.20868934105428	8.86118855148769	0.908472990071102	0.384538947109991	0.65729363680256	-6.59841062616345
NWD2	0.546267034765137	-1.82687509866908	0.908331612716894	0.384610157224877	0.657305142194536	-5.6069777517769
FLI1	-0.497593259620286	-0.00426943521474324	-0.908295990380952	0.384628101242903	0.657305142194536	-5.79987837127364
ENSG00000294355	-0.55625438688321	-4.27232294576868	-0.908295597497423	0.384628299153177	0.657305142194536	-5.39131973184226
ENSG00000273204	0.557146540520354	-2.03441548153357	0.908042658342951	0.384755729050789	0.657475834843214	-5.58681633685888
CCNA2	0.249566721976603	7.84185929125828	0.907980101307661	0.384787249661976	0.657482623688601	-6.5724782069942
NUP205	-0.153125577196032	8.1189061761199	-0.907640930501254	0.38495817930889	0.657727320224232	-6.58056541685389
ENSG00000274737	-0.592742843284269	-3.9077722442319	-0.907586584449197	0.384985572695878	0.657727320224232	-5.4201398032854
ENSG00000300334	-0.670924550978093	-3.13926787385102	-0.907519321791904	0.385019478660302	0.657738164568422	-5.4855845793135
KLC4-AS1	0.386868468161074	0.445985234295088	0.907425022985091	0.385067016629524	0.657772293579792	-5.84830085816649
LUZP2	0.492756730198192	2.47639364691455	0.906981477455821	0.385290672497953	0.658107241144252	-6.08379562294784
NR4A2	0.669030914518116	0.04089517566387	0.906776446781689	0.385394089209925	0.658236777384664	-5.80599560820708
MGAT5	-0.202509024261119	5.8566743059031	-0.9063626942318	0.385602843959095	0.658474369700305	-6.49268826705621
TCP1P1	0.897648394125165	-1.09571407948667	0.906352642256361	0.385607916573686	0.658474369700305	-5.68425052494597
RNU6ATAC35P	-0.806325669141389	-4.25998613328104	-0.906336691176678	0.385615966200241	0.658474369700305	-5.39375881732734
PPP1R12A-AS1	-0.37956656795587	0.28387788743918	-0.906245876314908	0.385661797684916	0.658505517623829	-5.83214385724388
PRKCI	0.214628093226602	7.63827179187747	0.906074015196821	0.385748541228504	0.658604114235205	-6.56816066202996
SLC2A1	-0.595135984916073	9.27587164324416	-0.906022130899003	0.385774731512472	0.658604114235205	-6.60988491615163
LAT	0.638044602610025	-2.73446091715778	0.905861836353117	0.385855653292834	0.658624941571439	-5.52315475910325
ENSG00000293283	1.08905081880614	-3.09446483854691	0.905837906192903	0.385867735022603	0.658624941571439	-5.49095503733479
DLG5	-0.271630997221811	6.63598730120216	-0.90578503125836	0.385894431177101	0.658624941571439	-6.53306773705435
BRSK1	-0.335742670721337	4.31548175210071	-0.905779322490925	0.385897313568316	0.658624941571439	-6.34246462200823
ENSG00000291159	-0.306740967480982	1.87312137121088	-0.9054702529988	0.386053387232961	0.658768169195724	-6.00991905488784
PIP5K1C	-0.247105012282622	5.67367446600083	-0.905440963345236	0.386068180201781	0.658768169195724	-6.48129823041612
DPP10	0.308846612952169	3.6387625053049	0.905437449564986	0.386069954890789	0.658768169195724	-6.24786799002167
TMEM215	0.364689471049151	0.732732005138757	0.905314462552021	0.38613207499739	0.658768169195724	-5.88092529169094
G6PD	-0.272689682599227	6.22630459537001	-0.905263303855042	0.386157917061967	0.658768169195724	-6.51467459447204
CREBRF	0.410974015176596	2.45964834314264	0.905205282533631	0.386187227152593	0.658768169195724	-6.08321019486049
PRSS12	0.32242309229326	3.47927711978825	0.905102682029982	0.386239060723198	0.658768169195724	-6.2250176951644
RNF34	-0.185736076900149	5.74396171298285	-0.905049766700823	0.386265795354667	0.658768169195724	-6.48652785485567
MYO5C	-0.282419748742893	4.86608880945563	-0.904964209845497	0.386309024353011	0.658768169195724	-6.40988085646141
ERGIC3	-0.218605910551584	7.04509355562184	-0.904947438088574	0.386317498955907	0.658768169195724	-6.54961685864069
TBCAP1	0.810804338314786	0.0024013581875884	0.904942149582801	0.38632017121268	0.658768169195724	-5.80354618407501
ENSG00000303988	0.817432362787671	-4.00758653113246	0.904936670300874	0.386322939881446	0.658768169195724	-5.41419936162713
LAMTOR2	0.413251366889437	4.48839614579782	0.904854953589594	0.386364232806635	0.658768169195724	-6.36553782545055
SSC4D	-0.426982683882407	4.6923662513778	-0.904848180637268	0.386367655440639	0.658768169195724	-6.39035616002223
STAMBP	0.210218123532499	6.34704515473034	0.904787917942808	0.386398109442889	0.658773032221832	-6.52109047492917
BTF3P5	0.808349016935692	-1.45419928924574	0.904656052048641	0.386464754306071	0.658839592215929	-5.6480376612027
ENSG00000299227	-0.513499220097824	-2.02629348672012	-0.904521279482838	0.386532876548244	0.658908661136844	-5.590635430998
ENSG00000291051	-0.311899034404182	0.630633843699208	-0.904385845569185	0.386601341579709	0.658978304490996	-5.87075077799087
SLC7A10	0.421880923950236	2.5440723250389	0.903964215079088	0.38681454029728	0.659294624957165	-6.09536392987735
FBP2	-0.548974853419345	-4.39580751342954	-0.903897259031053	0.386848404425007	0.659305260526395	-5.38811480191744
PHKA1P1	0.402330430582845	0.707059656871535	0.903759392515406	0.386918139255348	0.659377024606026	-5.8795352234056
METTL8	-0.218951296759816	5.04099248863612	-0.903555537410914	0.387021268233283	0.659505683915734	-6.42941597654699
HM13-AS1	-0.682002889287449	-2.92397493547516	-0.903483685773024	0.387057622115151	0.65952054451505	-5.50809844631647
ENSG00000257869	-0.87910458950991	-1.98232592004996	-0.903326883951976	0.387136965518658	0.659548875192848	-5.59593864869513
ZNF124	0.234338445890044	3.77437204211815	0.903287212365747	0.38715704157806	0.659548875192848	-6.2694261632957
SBF2	0.182224883676327	6.04168916020933	0.903260569748181	0.387170524655268	0.659548875192848	-6.50657591999446
CDIPTOSP	-0.525569208224456	-1.38249939034226	-0.903232389742865	0.38718478612004	0.659548875192848	-5.65670673582743
WAPL-DT	-0.334232022133513	0.427968717239688	-0.903047026512253	0.387278604781605	0.659639061936575	-5.85025932153704
REPS1	0.234485113473062	6.79711256204016	0.903018575883583	0.387293006029967	0.659639061936575	-6.54209315478911
ENSG00000295854	-0.725974079277559	1.98275627990399	-0.902765946722971	0.387420899327924	0.659809804785183	-6.02556970611724
ENSG00000232536	-0.748346243225009	-3.68215131980596	-0.902674573658276	0.387467164168244	0.659841513178985	-5.44297568513163
ENSG00000272622	-0.555546744355197	-2.06867481300729	-0.902485169128881	0.387563077547911	0.659957760547659	-5.58827396113353
COG1	0.185081118221946	4.35992502843405	0.902358812122002	0.387627073290815	0.659961825758242	-6.35142920491898
MRGPRG-AS1	-0.471136239987712	-1.53045670395746	-0.902338247218051	0.38763748945254	0.659961825758242	-5.64217699756434
ANKRA2	0.257921510836907	3.97560121139351	0.902316667565928	0.387648419797411	0.659961825758242	-6.29907452906419
MTCL3	-0.433185018025181	0.144434313880937	-0.902197780162729	0.387708641530786	0.660017271570276	-5.8209764236962
SMARCD1	-0.179620664808576	8.13827927657656	-0.902078030480624	0.387769306686828	0.660058422400888	-6.58616402282356
ARSA	-0.427871521070082	3.84702199145347	-0.902040885223063	0.387788125818295	0.660058422400888	-6.28104543376077
DSTNP3	0.843594775201915	-2.84772373103189	0.901861566955447	0.387878983960141	0.660105645211147	-5.51631461769151
ENSG00000232019	-0.548217508582598	-2.27210972519706	-0.901833745501505	0.387893082053802	0.660105645211147	-5.56938038733008
CBR4	-0.228437804761326	5.27277316123846	-0.901702081085215	0.387959805849957	0.660105645211147	-6.45296133023323
ENSG00000277837	-0.477695671655327	-3.44150588725373	-0.901670816966941	0.387975650803003	0.660105645211147	-5.4642503956284
PRKD3	0.170697633964351	6.74433155339219	0.901617271254864	0.3880027893353	0.660105645211147	-6.54127490202979
ENSG00000260751	-0.550300074417963	-1.68664825782556	-0.901572994862502	0.388025230911781	0.660105645211147	-5.62690006855
KIFBP	0.235118125682882	5.79681747593671	0.901547636565075	0.388038084224972	0.660105645211147	-6.4932423626516
GNAI1	0.228153208944826	5.18482771292255	0.901514826371404	0.388054715110458	0.660105645211147	-6.44509727013811
PDHA1	0.202988493802095	7.04257408397961	0.901494953525868	0.388064788534697	0.660105645211147	-6.5526684404145
EDRF1-DT	0.423857817785284	-1.06796556885404	0.901373455941155	0.388126378910679	0.66016336127859	-5.69154844569689
ENSG00000290835	-0.284168171650972	2.29179032639353	-0.901267110938057	0.388180293667731	0.660164799100973	-6.06521402320817
LMNA	-0.362056142032169	5.02171622312809	-0.901262671391501	0.388182544541964	0.660164799100973	-6.42952681039136
TBC1D15	0.171966983972886	5.81924312915919	0.901164067360026	0.38823253968272	0.66020278052066	-6.49502563583111
PYCARD-AS1	-0.522460708072787	0.50095815592533	-0.901031108562023	0.388299960853289	0.660223810370836	-5.8598185301264
ZKSCAN4	-0.21934158182574	3.2332037506057	-0.901030574782571	0.388300231540429	0.660223810370836	-6.1930701043051
PLAGL2	0.15621529724237	6.00993763612078	0.900946056086696	0.388343093841703	0.660249652423417	-6.50686424757082
KLK1	0.409319317108536	0.646524012978038	0.900811991730983	0.388411089238864	0.660318218310704	-5.87561954989444
ENSG00000309174	0.433061442486058	2.13113785054793	0.900714622939159	0.388460478441497	0.66032648157825	-6.04559726934232
RPL4P3	0.791551506597175	-2.44124168328793	0.900693321990935	0.38847128369046	0.66032648157825	-5.55449264955846
ANKRD39	-0.373721079059103	2.00889665274476	-0.900508562758509	0.388565014632077	0.660405602955797	-6.03076375223373
GAS2L2	-1.07031452897487	-2.77615636044274	-0.90049248585319	0.388573171421136	0.660405602955797	-5.52393404470887
NFKBID	0.288092576648653	2.08750800399851	0.900241613239976	0.38870046987282	0.660556931079234	-6.04062075174684
REV1	0.208519885196878	4.95843158782034	0.900176203027236	0.388733665304655	0.660556931079234	-6.42399831743873
EXT1	0.180169918570309	5.56076202279375	0.900153395597893	0.388745240454977	0.660556931079234	-6.4779067891731
ENSG00000251066	0.697523501928806	-2.89319921062342	0.900082762785904	0.388781089317174	0.66057081645426	-5.51373236046926
HELZ-AS1	-0.422396839948457	-0.668434914765451	-0.900010482984325	0.388817776489887	0.660586124109064	-5.73595647873768
EIF2S2P3	0.622407702713968	3.62055193744632	0.899630457878609	0.389010706369045	0.660866860908961	-6.25044864229755
ENSG00000309772	0.659367568166589	-3.97925882055928	0.899494400344322	0.389079795919326	0.660931661688856	-5.42102569959525
ZNF782	0.306062372481579	2.58133476692267	0.899372415860955	0.389141746536084	0.660931661688856	-6.10438137513353
ARL4AP2	-0.608614616903265	-1.61427051199333	-0.899359394571393	0.389148359891502	0.660931661688856	-5.63616424164624
ZNF263	-0.379518175794454	4.64163925711613	-0.899337225196221	0.389159619630179	0.660931661688856	-6.38929198694379
PDE8B	0.452006942183622	0.424496918749732	0.89921443853151	0.389221986630898	0.660950493531953	-5.85326872022593
ENSG00000307016	0.937087402276032	-3.22671629780368	0.899195610775037	0.389231550428154	0.660950493531953	-5.48493732571859
ZBTB37	0.330615514419379	3.7702485505937	0.899151835804228	0.389253787115479	0.660950493531953	-6.27255690881597
AGPAT4	0.262269879621956	5.19587243625909	0.89903264296914	0.389314338871879	0.660977629169701	-6.44837795905527
RNF216	-0.179559584344867	5.96523291236619	-0.89900025474	0.389330793721028	0.660977629169701	-6.50604455598832
THSD1	-0.615419218744362	-1.64855019568824	-0.898956841223496	0.389352850735192	0.660977629169701	-5.63301431802222
DTWD2	0.318087201924307	3.63482896433547	0.898897702363443	0.389382898700743	0.660981624700613	-6.2531925277046
HSF2	0.224171604869099	4.82282949625468	0.898625505529256	0.389521220614795	0.661122890216181	-6.41082007214527
APOBEC3B	0.359025155893757	3.69910349930961	0.898624919393961	0.38952151850756	0.661122890216181	-6.26274422362058
DPYSL3	0.217650548116206	10.2544611031021	0.8984963965046	0.389586841819281	0.661186742067894	-6.63590894971088
TOP3A	-0.217742990983414	5.66777107722564	-0.898398742186583	0.389636480938252	0.661223968327166	-6.48727096319805
TPBG	-0.175498252761367	5.12072696860574	-0.898270450688519	0.389701700118926	0.661287627212116	-6.44197821576733
COX7CP2	0.633740622425808	-1.98641090459737	0.898165866027199	0.389754873181643	0.661330837354349	-5.59996251413386
ENSG00000288926	-0.424847135277703	0.645928390794239	-0.898089120228537	0.389793895608667	0.661350032451273	-5.87795638485325
TECPR2	-0.248719795933831	4.88122968015528	-0.898001181436748	0.38983861262734	0.661378885952283	-6.41782833347074
KIF4A	0.222493796947306	6.44841982621064	0.89790634536881	0.389886840949337	0.661380122969591	-6.5320692754749
ENSG00000285852	0.708736111854352	-1.25010849085136	0.897890766466747	0.389894763907577	0.661380122969591	-5.67520710089488
UQCRQ	0.350195995163621	5.18101431456479	0.897771365805989	0.389955491215512	0.66138329558811	-6.44812740763622
ZFP41	-0.28818368668169	3.27381534802908	-0.897759702351874	0.389961423616313	0.66138329558811	-6.2018486975908
ENSG00000287528	0.558523326617979	-1.81250830403095	0.897723637317893	0.389979767830539	0.66138329558811	-5.61753855200373
ENSG00000284837	-0.799618715855065	-3.18468395087649	-0.897652867440015	0.390015766164894	0.661397349087503	-5.4899134787006
WAS	0.4777709821983	0.178586073344647	0.897395267593433	0.390146818478061	0.661543293615651	-5.82881147353692
LINC02490	0.600196710407761	-3.16054558110579	0.897374739771244	0.390157263205845	0.661543293615651	-5.49226626884531
HEATR5A-DT	0.739164863863011	-3.64424764640043	0.897105592057722	0.390294225929231	0.661728513905872	-5.45080878537062
ZDHHC7	-0.206408897934717	6.14362224098791	-0.89704121447988	0.39032699110077	0.661737057579348	-6.51784085050674
AAR2	-0.276522770395166	5.63890252010774	-0.896939535874295	0.390378744670824	0.661777789548871	-6.48654653550158
GPD2	-0.194148405296176	6.15688864741876	-0.896737157849061	0.390481767709273	0.661905422579348	-6.51881562531851
KRBOX5	0.18795086110449	4.20265208544552	0.896640701416035	0.390530876746862	0.661927026432343	-6.33563371217985
PHF10P1	-0.71318992585101	-4.07615241839502	-0.89657448541623	0.390564591920636	0.661927026432343	-5.41557231557525
POLRMTP1	-0.250287392532691	3.53927341798087	-0.896525836339314	0.390589363849631	0.661927026432343	-6.24141588985231
GRK5	-0.294016302470161	2.20547589821439	-0.896442751257465	0.390631673007014	0.661927026432343	-6.0586537497213
TMEM267	0.317731811655897	3.13836524147825	0.89639029615006	0.390658386209675	0.661927026432343	-6.18371712822419
PDGFRB	-0.664750789112132	3.63107048721666	-0.896385327683336	0.390660916509238	0.661927026432343	-6.25490024062641
ZFPM1	0.464894647850613	2.19427864610867	0.896270458921081	0.39071941911864	0.661979156392744	-6.0574096135831
TMC5	-0.50519619524714	1.36101535734331	-0.895897922432709	0.390909193969291	0.66225367209434	-5.95879815283838
BPGM	0.22259717406841	4.4535938177314	0.895559828023314	0.391081479400399	0.662438458289639	-6.36952553288073
SLC22A17	-0.445753768492754	5.4720216675919	-0.895539564290852	0.391091807037125	0.662438458289639	-6.47520977806305
ENSG00000309211	-0.502751548259816	-2.04114891363355	-0.895520479164812	0.391101534158433	0.662438458289639	-5.59689473047453
ENSG00000305943	-0.644059404403275	-2.91629345064237	-0.895317913410591	0.391204786331168	0.662566323826709	-5.51567645852549
COQ10A	0.207070168923846	3.80132783605094	0.895176101000111	0.391277082547889	0.662641746198146	-6.28064137585956
DBH	1.16782886764184	-1.6018162366358	0.895088568303413	0.3913217115345	0.662670305746694	-5.64110737922895
SNORD19	-0.865217424755465	-3.30831517861069	-0.89485597383387	0.391440318294592	0.662824127473361	-5.48145618291533
DYNC1LI2	-0.190674774320831	6.39772681457909	-0.894404362980289	0.391670679730014	0.663167147638781	-6.53289045691352
RAB40C	-0.328702843209805	4.49594269138655	-0.894261391886769	0.391743627366665	0.66320048014718	-6.37606079710497
ZCCHC4	-0.206245982569745	3.34290119573465	-0.89422038808374	0.391764550344803	0.66320048014718	-6.21497041859904
ENSG00000267079	-0.384901291556591	-0.798840636940373	-0.894202402377704	0.391773728143256	0.66320048014718	-5.72681720562292
SLC28A3	-0.982044867718913	-3.67000221521584	-0.894141851367847	0.391804627393578	0.663205747659754	-5.45109916179516
ZNF469	-0.53144919315036	0.460417027088371	-0.894058117245901	0.391847359819305	0.663224262228477	-5.86161927481073
GINS2	-0.19112105517006	6.23183664525374	-0.894011518877953	0.39187114199296	0.663224262228477	-6.52515179419698
ENSG00000293143	0.465473046135999	-1.80876478755711	0.893739650936644	0.392009913973011	0.663273058425085	-5.62131811592417
TMF1	-0.211044051790659	4.74887674425938	-0.893730740931114	0.392014462567801	0.663273058425085	-6.40693264158455
ENSG00000289175	0.658907252079754	-4.09316742538779	0.893685979476597	0.392037314034107	0.663273058425085	-5.41657712269843
MRPS16	-0.202986258240898	6.74321570223923	-0.893679192666738	0.392040778894579	0.663273058425085	-6.54841360710429
STK26	-0.152773985805487	8.33429310972632	-0.89365361461366	0.392053837414266	0.663273058425085	-6.59898427664875
ENSG00000225559	-0.727046573115679	-3.41327241157998	-0.893628389790908	0.392066715894796	0.663273058425085	-5.47339744132625
NOC4L	-0.263186043047073	5.03486398079747	-0.893530508602899	0.392116691729783	0.663310587675578	-6.43785273043338
LARP1	0.174632117811791	8.96065503959028	0.893430925819663	0.392167540927062	0.663342208425226	-6.61436470095539
TMEM30A-DT	-0.58614943479503	-0.614966711550517	-0.893385043677334	0.392190970925896	0.663342208425226	-5.74753082989213
RPL23	0.2314135509913	9.48655044345867	0.893248255922928	0.392260828240126	0.663413349461954	-6.62590507138658
C20orf204	-0.473147066971092	-1.76685269041403	-0.893174975679079	0.392298255933614	0.663429637523387	-5.6260069296428
EDIL3-DT	0.344401671551709	2.91180151953537	0.893052482664195	0.392360824492005	0.663488436881868	-6.15481902663241
BCL2L12P1	-0.749329582232584	-2.12897414526466	-0.892983066040398	0.392396285102794	0.663501391183024	-5.59055259010975
ANXA5	0.22128518505528	8.59646406932838	0.892896374691101	0.392440573433775	0.663529269349951	-6.60626748587295
SESN1	0.181588748062818	5.1962901865966	0.892715347116764	0.392533066919189	0.663604062741437	-6.45411234582138
DIS3L2	-0.220818082685221	4.49134256104089	-0.892631855109345	0.392575731112573	0.663604062741437	-6.37693977988041
THAP9	0.218459138015427	4.47493624614864	0.892606478136206	0.392588699319982	0.663604062741437	-6.37488163364646
NISCH	-0.307058938662752	6.76128179784111	-0.892543716137442	0.392620773406211	0.663604062741437	-6.55015328120218
GET3	-0.15146701201251	6.58910227688728	-0.892537733648846	0.392623830811239	0.663604062741437	-6.54308640160151
EGLN1	-0.617438457308305	2.11514596580765	-0.892279725719117	0.392755703923361	0.663712208898246	-6.05111322024934
DBX1	0.838468876401273	-2.94508957947319	0.892265676288548	0.392762885761527	0.663712208898246	-5.51565926183356
TMEM26-AS1	-0.651172208189219	-2.55691091328665	-0.892249329205446	0.39277124223735	0.663712208898246	-5.55092996899743
MED12L	0.234502507512696	4.11222702942781	0.892076742545865	0.392859474495659	0.663814306392062	-6.32729207915864
CDCA3	0.215520674431652	5.55521537903761	0.892008109351355	0.392894565999454	0.663826603901243	-6.48483031878908
NMT1	-0.18704255394122	7.58011396462198	-0.891724370838359	0.393039662042759	0.663988362831843	-6.57938261466957
ENSG00000289586	-0.41163179970954	0.896154898428966	-0.891712084326864	0.393045945870377	0.663988362831843	-5.91068654897228
FBXL19	-0.387526239915004	6.32677602323243	-0.89163202911387	0.393086891117926	0.664010533676235	-6.53203635206307
ENSG00000301033	0.608579569114465	-3.94805780860798	0.891511162307306	0.393148715609893	0.664056117725577	-5.43016969277032
HNRNPA3	0.139070077598602	8.56220451529584	0.891416016589878	0.393197388300034	0.664056117725577	-6.60676004253946
C1QTNF1	-0.40056027451701	0.962952855950637	-0.891412774646295	0.39319904682097	0.664056117725577	-5.91828003859015
TMEM268	0.32155967488958	4.78192603926104	0.891359398070884	0.393226354033811	0.664056117725577	-6.41277868932202
TFAP2E-AS1	-0.544750063796819	-2.50766434060485	-0.891307331499483	0.393252992329715	0.664056117725577	-5.55627359783177
RIBC2	-0.327243321336873	0.281953719256575	-0.891251291569656	0.393281664882121	0.664057551874184	-5.84511142570695
DNAJC3	-0.234227929972966	5.28078487616165	-0.891148942228006	0.393334035180839	0.664098996721921	-6.46317529423731
LRRIQ1	0.484178101768762	0.35585371948932	0.890969212727608	0.393426011276182	0.664183427289439	-5.85319706811667
ZNF669	0.199594687996592	4.0570155077518	0.890942468282766	0.393439698957477	0.664183427289439	-6.32066666880066
ZNF655	0.170158456360448	5.65846454240746	0.890645636768216	0.393591638240727	0.66423370424717	-6.49359861124353
NAGPA	-0.297215244190862	2.92967905040785	-0.890641729786898	0.39359363838194	0.66423370424717	-6.15944590670262
XPO4	0.177775886527944	6.4544499748575	0.89060934275659	0.393610218881167	0.66423370424717	-6.53892308403061
CYP2R1	0.296320274441607	4.10106435858435	0.890599710934563	0.393615149974276	0.66423370424717	-6.32707078671351
NAMPTP1	-0.198923346870324	5.21645999342865	-0.890573760032964	0.393628435973269	0.66423370424717	-6.45791784723372
IGFBPL1	0.303083974093827	6.97453332313945	0.890506605955311	0.393662818080925	0.66423370424717	-6.56012754508104
INSYN1	-0.562827524035525	3.0311578438827	-0.890488753182826	0.393671958845519	0.66423370424717	-6.17377861873457
THOC5	-0.217428989858348	5.92685980691645	-0.890449365117493	0.393692126378702	0.66423370424717	-6.51144625281286
POMZP3	0.3325542958992	1.35906147702743	0.890279604303247	0.393779055798242	0.664244313629728	-5.96352804906451
EMC1	-0.191068114096987	6.36309794551728	-0.890264540111425	0.393786770365538	0.664244313629728	-6.53498766323518
SAT2	-0.275759886730953	4.87725732393767	-0.890236360958727	0.393801201556788	0.664244313629728	-6.42438290777123
LBX2	-0.67646588288014	-1.94068419085946	-0.890197145751011	0.393821285179074	0.664244313629728	-5.6112366322538
GATB	-0.181410608239277	4.64710932597842	-0.89016534917604	0.393837569957442	0.664244313629728	-6.39819340657783
HMG20B	-0.334052193635361	6.02769819734967	-0.890038427386506	0.393902578279212	0.664267207314837	-6.51772700221477
ENSG00000291024	0.513959036541441	-2.93629019654451	0.890030169930847	0.39390680794096	0.664267207314837	-5.51831799452165
DDX28	-0.300951709972065	4.28121902512578	-0.889543362456745	0.394156218076474	0.664603821565107	-6.35252688278497
TMX2P1	0.602630368213806	1.09004959617382	0.889531863773333	0.394162110623626	0.664603821565107	-5.93397859922954
TRAF5	0.370103651854833	4.7430420113934	0.889322160421162	0.394269584733534	0.664732959935009	-6.41022647469954
ULBP1	0.910889811529617	2.11937409978014	0.889273740926042	0.394294402891018	0.664732959935009	-6.05429499744679
CEP95	0.295015621210895	5.18324260042875	0.889025251087119	0.39442178731687	0.664832452580085	-6.4562019885466
TCEA2	-0.200528371290549	4.64406774280583	-0.889019147254071	0.394424916712221	0.664832452580085	-6.39885570465604
HLA-G	-0.41234678016765	0.922484506313398	-0.888995607961511	0.394436985315876	0.664832452580085	-5.91595214366388
RELA	0.1907326883887	4.93918459197919	0.88877403515188	0.394550598386703	0.664944724666428	-6.43226056496953
ENSG00000178107	0.618660389512955	-3.83377234725278	0.888671009597196	0.394603433256012	0.664944724666428	-5.44192954262185
BTNL9	-0.413731916274349	-0.563802686980592	-0.888661216926046	0.394608455514178	0.664944724666428	-5.75718837202334
CAPZA1P3	0.412993287294636	-1.92950938566478	0.88864838476548	0.394615036668844	0.664944724666428	-5.61365430693226
PRR15L	-0.916059213395313	-2.36910476861415	-0.888501091312438	0.394690583672441	0.665025073103435	-5.57155553288159
GPRC6A	-0.868215467013065	-3.25242941343836	-0.888314045822218	0.394786534070323	0.665139786012734	-5.49177437788039
LINC01435	-0.716758261732111	-3.74420579640151	-0.88781517428745	0.395042524126341	0.66552409990283	-5.45009723155131
ENSG00000289024	0.632026507006316	-3.62151234422171	0.887632938899501	0.395136064894171	0.665634702204205	-5.46057530411725
TSEN34	-0.302545971391414	4.54801999828498	-0.887578485430398	0.39516401865653	0.665634810732967	-6.38854296538733
ENSG00000257027	-0.364235998041141	-0.276978261726346	-0.887511884066883	0.395198210429207	0.665645426133654	-5.7890972824346
S100A16	-0.449822755689113	4.10483399558176	-0.887370903595138	0.395270593704747	0.665677380878728	-6.33047427343703
FUNDC2P1	-0.371083748316648	0.590522579675312	-0.887366286471199	0.39527296442005	0.665677380878728	-5.88139686353099
PGRMC2	0.151247531600046	6.68161733522424	0.887218554721848	0.395348824209419	0.665758158992888	-6.5517384640422
HTR2C	-0.34711887493229	2.33021819397761	-0.886866034570268	0.395529883150013	0.665987778610731	-6.08289257321938
WEE1	0.215796369881891	6.8243774214153	0.886835886446801	0.395545370297736	0.665987778610731	-6.55776291718251
ENSG00000309494	-0.518743391808292	-2.03353987481918	-0.886790099050089	0.395568892176885	0.665987778610731	-5.60504177683936
ELOVL2-AS1	-0.544017605124099	-3.58811714919738	-0.886675342160459	0.395627849308375	0.666032280631378	-5.46419799998742
ENSG00000286608	0.731149929007901	-3.25764286314808	0.886582840330086	0.395675377203748	0.666032280631378	-5.49275507944382
ENSG00000273877	0.721617316341223	-3.72534159693784	0.886562272325458	0.395685945685691	0.666032280631378	-5.45270864675472
AK2P2	-0.540928104154766	-1.80295699268952	-0.886521398568724	0.395706948479195	0.666032280631378	-5.62803744484157
ENSG00000289340	-0.807304058264256	-3.91959691746925	-0.886347755261661	0.395796182949963	0.666130636947397	-5.43674610772606
ENSG00000249328	0.581233100995295	-2.9115573675959	0.886288040256444	0.395826873443199	0.666130636947397	-5.52365985550978
NUP107	0.15028277977385	7.12316943518025	0.886244766817727	0.39584911483743	0.666130636947397	-6.5692763706466
C9orf153	0.772643142478658	-3.71576863652121	0.886004046268986	0.395972854657672	0.666247291309808	-5.45397087446178
ZZZ3	0.144574298333333	6.06875160787141	0.886001299299061	0.395974266863436	0.666247291309808	-6.52365686028501
BTBD16	0.725553556876662	-3.55424441791644	0.88582687331716	0.396063945707635	0.666272763790927	-5.46777972720087
ENSG00000246090	0.280653734076675	1.82305213739289	0.885722571156093	0.396117578053928	0.666272763790927	-6.02145715882155
POU3F1	-0.276668765541412	5.36207040892293	-0.885714901618636	0.396121521942359	0.666272763790927	-6.47503390033141
TBXA2R	-0.68916178665942	-0.391830829933883	-0.885701965487615	0.396128174120855	0.666272763790927	-5.77834873936954
ABCF1	-0.178853387096875	7.56904998827527	-0.885694521860038	0.396132001911008	0.666272763790927	-6.58445449408006
APOM	0.321206988143896	1.50926142046397	0.885646100783337	0.396156902457663	0.666272763790927	-5.98478032194983
RIN1	-0.707290578919314	2.11580571846034	-0.885503396924165	0.396230294273415	0.66630528808534	-6.05717525726142
ENSG00000282718	-0.363429435831661	1.21748066517672	-0.885372128211185	0.396297813406198	0.66630528808534	-5.95184155738474
ENSG00000258857	0.517870110399631	-2.27945998464205	0.88530432314893	0.396332692626851	0.66630528808534	-5.58269272591985
CDK12	0.221015039783519	6.42523467285552	0.885277409679573	0.396346537625106	0.66630528808534	-6.54235965590028
NBEAL2	-0.314576591782357	5.71592167968142	-0.88521480397296	0.396378744952527	0.66630528808534	-6.50247885596747
PRKN	0.601582810563161	0.12551227896076	0.88520086469952	0.396385916219771	0.66630528808534	-5.83381423997053
MORC3	0.168089928703735	5.12266405453958	0.885172799423249	0.396400355093692	0.66630528808534	-6.45392186767217
ENSG00000285569	-0.606263529595273	-3.40779155465069	-0.885153944212892	0.396410055827342	0.66630528808534	-5.48089630451753
MAILR	0.444817418511799	1.83136616274894	0.885120043180977	0.396427497834324	0.66630528808534	-6.02297634046458
DDAH1	0.335061143478955	5.93012764954776	0.884993322033569	0.396492700314096	0.666367951439796	-6.51652993498833
CLEC3A	-0.803742766020939	-4.12547869039886	-0.884923277137781	0.396528744072363	0.666380188088878	-5.421146938588
ENSG00000280206	-0.333305484078309	2.09165248562113	-0.884867679378402	0.396557355233521	0.666380188088878	-6.05474560582017
TLX2	-0.802007598669523	-2.97139983893819	-0.884762950507893	0.396611253652593	0.666380188088878	-5.51956861846184
CSNK1D	-0.186561187076988	7.0644370103117	-0.884762154257533	0.396611663460113	0.666380188088878	-6.56852606912319
CTSC	-0.176930032617726	8.55928639906165	-0.884559258874974	0.396716097565103	0.666407076507763	-6.6128418227531
AP2B1P1	0.383098104120602	1.13616855120206	0.884535621833607	0.396728265242171	0.666407076507763	-5.9434799918381
NBPF2P	-0.281273328770047	0.522470976858674	-0.884532150457737	0.396730052229651	0.666407076507763	-5.87656248110198
LINC00623	-0.184908903128989	3.80683130669936	-0.884514082111557	0.396739353504789	0.666407076507763	-6.29095361202787
FAM13A	0.257945174995129	5.04725534534389	0.884243467038738	0.39687867964661	0.666506252312773	-6.4474173408494
CHUK-DT	-0.562552174400283	-4.16576425477494	-0.884222040498368	0.396889712551436	0.666506252312773	-5.41847955963194
RNF113A	-0.18607173836654	3.67157341044319	-0.884213012749082	0.396894361163139	0.666506252312773	-6.27164497991702
LINC00529	0.559486885575123	-0.690239495452555	0.884129403743948	0.396937415308849	0.666506252312773	-5.74731487535762
LINC00472	0.403142433081786	-0.316405231620739	0.884071894635839	0.39696703129396	0.666506252312773	-5.78784870435055
SRF	-0.220263361811428	6.53207303628001	-0.884030627569414	0.396988283914427	0.666506252312773	-6.54826154421265
WDR37	-0.218953852533395	4.17455598678217	-0.884019765836458	0.396993877859739	0.666506252312773	-6.34309191932108
STXBP1	0.275497103790964	6.19848434379893	0.88393646660095	0.397036779959123	0.666531393914637	-6.53247932524503
NRDE2	-0.356381312540767	3.33388060330776	-0.883849007049711	0.397081828237788	0.666542401874315	-6.22289317428772
CRAMP1	-0.311567378238199	3.70931915141185	-0.883741901710272	0.397137000420048	0.666542401874315	-6.27750569072861
C1orf220	0.555221506574797	-0.982199107248397	0.883710949391984	0.397152945593364	0.666542401874315	-5.71596392247534
FAM90A25P	-1.07626849986816	-2.30191614099666	-0.883706871053865	0.397155046593817	0.666542401874315	-5.581906696267
ZNF45	0.201661969319109	4.53868400139136	0.883621398411272	0.397199080536723	0.666548852652541	-6.39092143386779
PFKFB3	-0.337156918221964	5.75576562946878	-0.883590993288727	0.397214745517958	0.666548852652541	-6.50665954750665
NEK5	-0.417591310826522	-0.940672705292249	-0.88334113562148	0.397343490598676	0.666718018146695	-5.72078447713127
RAB33B	-0.231612912626958	3.95928473645426	-0.883245978195178	0.397392530338	0.66673629950629	-6.31382276494422
TRAPPC2B	0.332873326228428	2.20178352252341	0.883211583701158	0.397410256704926	0.66673629950629	-6.06988675703411
ZNF543	-0.248616098260338	2.39356313213708	-0.883074179247628	0.397481078221973	0.666778194074782	-6.09433521211737
ERVMER34-1	-0.368535045063891	4.72706032142767	-0.883002131634429	0.397518216775286	0.666778194074782	-6.41402813148464
CALN1	0.249326322105414	4.15300815038825	0.883000534998165	0.397519039824447	0.666778194074782	-6.34102659524809
CDH11	0.391036176926484	4.79484971358895	0.88293554896148	0.397552540445726	0.666787525145337	-6.42175805598986
TMEM276	-0.285942879526262	2.09289749971577	-0.882745309574839	0.397650621055908	0.666905162865671	-6.05676304509749
MAP1LC3A	-0.426160269750848	1.13651899778847	-0.882594259499065	0.397728509029099	0.666988921093136	-5.94521174192192
ENSG00000271959	-0.653989868491529	-1.78634779923162	-0.882512768217127	0.397770533869048	0.6670125294634	-5.63309843116106
C6orf58	-0.565040760248332	-2.95250633025489	-0.882184468081441	0.397939868616516	0.667210048382576	-5.52340061164423
ENSG00000286747	0.424618867525595	-1.1173917922414	0.882122261214406	0.397971960090945	0.667210048382576	-5.70280549446801
HAUS6	-0.159226311826426	6.6169237866847	-0.882121816374416	0.39797218958287	0.667210048382576	-6.55360370430406
LHPP	0.269361690532866	5.18802882291311	0.88174262753195	0.398167845646972	0.667491182977895	-6.46314958927636
TEX26	0.937658468458171	-2.9021721844122	0.88163418043885	0.398223815084141	0.667515770172897	-5.52837375035818
ENSG00000304299	0.745066297555534	-3.95748990833981	0.881605828197913	0.398238448547865	0.667515770172897	-5.43750816196513
CAPN5	0.185045368529391	5.67953117980952	0.881501095770691	0.398292507410711	0.667549817221238	-6.50326489151366
ZNF567	-0.254657089775487	3.89879609438428	-0.881458103028224	0.398314700089984	0.667549817221238	-6.30680016435918
CLASP1-AS1	0.410041548256269	-1.54824774203325	0.881101337387484	0.398498894171113	0.66776824648141	-5.65850258888966
ZNF239	0.21313278259916	3.52198654821315	0.881074418130979	0.398512794677379	0.66776824648141	-6.25266452715932
POLR2A	0.239398249714178	8.04390154033983	0.88102123116837	0.398540260232691	0.66776824648141	-6.60254396792394
DHRS13	-0.267664799061395	4.52465370560609	-0.880974359703117	0.39856446557656	0.66776824648141	-6.39153685978472
BABAM1	-0.182801330650612	4.68480721925613	-0.880882586998527	0.398611861754307	0.66776824648141	-6.41097833307524
TMEM260	0.215426527247383	4.69444129030886	0.880880431274581	0.3986129751288	0.66776824648141	-6.41211877056814
DHCR7-DT	0.551180892410419	3.4468923153358	0.880826395483628	0.398640883892702	0.66776824648141	-6.24197720762033
ENSG00000306642	0.71451784580989	-4.07465077323119	0.880759679983887	0.398675343426598	0.667779101801011	-5.42864228518763
HOXC4	1.15537022611353	-3.52512745717574	0.880625543057468	0.398744633369336	0.667848292254453	-5.47454233843209
ENSG00000297268	0.503440787824156	-0.498662839639409	0.880421161308629	0.398850225126185	0.667973966912085	-5.77133538841611
IL11RA	-0.649258448837293	-1.32012318087536	-0.880371968073231	0.398875643207401	0.667973966912085	-5.68282151488597
ENSG00000298930	0.487562596377974	-2.53294137316366	0.880300922721769	0.398912354231457	0.667988574927537	-5.56315996338548
DUSP14	0.230682573018716	4.6022241816774	0.879991018198217	0.399072517548135	0.668134162071896	-6.40185882500956
ENSG00000295436	0.578756875471939	-3.11983171403103	0.879972995207663	0.399081833472331	0.668134162071896	-5.51033934925006
TMEM178A	0.320118132741861	2.96401916118483	0.879970199090748	0.399083278773911	0.668134162071896	-6.17367469208494
SEC23A	-0.163887211645868	6.49444344406872	-0.879865315879653	0.399137495104797	0.668178059596422	-6.55033351126702
THRA	-0.184411425750936	4.3726308718567	-0.879759536442119	0.399192179885766	0.668214096611183	-6.37331086496687
EPOP	0.32235992584486	3.91513653006303	0.87964751371208	0.399250097923457	0.668214096611183	-6.31072578840715
ENSG00000270953	0.447356741943085	-1.97166189330436	0.87960592795816	0.399271600089505	0.668214096611183	-5.6171317741073
DNAJC9	0.175108751960729	5.69939463522671	0.879587807523689	0.399280969621041	0.668214096611183	-6.50634724355333
FTCD	-0.633695192866144	0.081473369112421	-0.8795529208127	0.399299008918955	0.668214096611183	-5.83402803827958
FEZ2	-0.231823015553589	5.1167938703394	-0.879451507125718	0.399351451341238	0.668255001693986	-6.45845354816872
RSF1	0.346446498471412	6.53570830476671	0.879343781045505	0.399407163218273	0.668289589618756	-6.55259503450196
THAP1	0.317066561052108	4.21373321081339	0.879303256581964	0.399428122340954	0.668289589618756	-6.35259710725544
TTC39B	-0.302476113296327	3.91775888737405	-0.879016329374932	0.39957654197783	0.668491050566723	-6.3116567368443
SQOR	-0.621206544673904	-2.92839726970383	-0.878857212977255	0.399658865031818	0.668540182408409	-5.52831888503008
TMEM81	0.362687871047875	1.27224414563615	0.878781681548562	0.399697947316429	0.668540182408409	-5.96374954633257
TMX4-AS1	-0.710135874465151	-4.46535576696037	-0.878720372859887	0.399729672264803	0.668540182408409	-5.40506484862821
SDHAF3	0.269412515994568	4.63700819786948	0.878695393011465	0.399742598900268	0.668540182408409	-6.40719954604707
RPL7AP60	-0.677445291917624	-4.1378155028865	-0.878688888627077	0.399745964853162	0.668540182408409	-5.42521875596399
TM2D3	0.207539378547031	4.18586454385926	0.878627578215218	0.399777693333799	0.668546399018904	-6.34941752139148
SNIP1	-0.186515147784799	4.2255452309141	-0.878493712709919	0.399846975543893	0.668570316125518	-6.35489446365911
BBS7	0.184081859870041	4.51808428746798	0.878491694836681	0.399848019959595	0.668570316125518	-6.3929205538699
ENSG00000305143	0.68793293417831	-1.61993213012583	0.878410243342569	0.399890179398278	0.668593969295881	-5.65342450344008
AKR1C1	-0.545695491634368	0.551223909033763	-0.878276169783814	0.399959582817246	0.668629817800849	-5.88506167194495
ENSG00000288815	-0.821448085549518	-2.89161982566709	-0.878260586140497	0.399967650259468	0.668629817800849	-5.53211864603183
WDR86	-0.424580644371989	3.34659503759946	-0.87803409193856	0.400084915980368	0.668779008944071	-6.22985869657866
RPRD1A	0.154697990042716	7.69038827753618	0.877974708621165	0.400115665199261	0.668783568969169	-6.59505077321018
ALDH7A1	0.161835052280723	7.48108640627242	0.877745571251833	0.400234329943008	0.668935066719171	-6.58877986808012
FANCD2	-0.168010506291195	6.96348323511078	-0.877619311483893	0.400299727258969	0.668997520516058	-6.57123070379895
CIC	-0.346999977743084	5.72538488523527	-0.877234915576063	0.400498873923718	0.66923928677742	-6.51023419818884
CD53	-0.742674515932679	-0.358509808639997	-0.877218272687283	0.400507497769759	0.66923928677742	-5.78922080053358
NLGN3	0.497926748398909	5.15046828167442	0.877177720931295	0.40052851101222	0.66923928677742	-6.46367566551619
ZNF106	-0.208406130952486	6.49320269189705	-0.876998516683301	0.400621380797543	0.669307754837417	-6.55282390395376
PPAT	-0.145842124580675	7.09743165009912	-0.876850483907119	0.400698107697696	0.669307754837417	-6.57674283138798
ENSG00000299265	0.549238772566929	-1.28710168160418	0.876850435201133	0.40069813294418	0.669307754837417	-5.68927939824664
CNGB3	0.537324653800802	-3.5233909532722	0.876845212088403	0.40070084032272	0.669307754837417	-5.47778716059397
METTL15	-0.170593491544295	4.41210801312457	-0.876828112045276	0.400709704146807	0.669307754837417	-6.3809508851921
ENSG00000294498	-0.439283724263691	-0.951827423974176	-0.87665035254867	0.400801853992942	0.669366193683982	-5.72527141603604
ITM2B	0.402326272380288	7.39923032570167	0.876607647942691	0.400823994082583	0.669366193683982	-6.58716326037259
SLC15A3	-0.307256460658976	3.57869801632122	-0.876598324142701	0.400828828094502	0.669366193683982	-6.26483847639273
DSG1	-0.971816371159443	-3.25994207554086	-0.876154564253403	0.401058946239543	0.6697036220457	-5.50115599650787
LMO1	-1.11620697301092	0.568737547569817	-0.875977240762803	0.40115092546779	0.669810349666975	-5.88892401612594
MEMO1P1	-0.316471486416984	2.40845464512928	-0.875585827540168	0.401354006540523	0.67005786023469	-6.10280962824721
XKRX	-0.366454032083418	0.790093705551784	-0.875539020264326	0.401378296814736	0.67005786023469	-5.91319091230053
NAA60	0.171473268412463	5.66625980838855	0.875529217374562	0.401383384077403	0.67005786023469	-6.50762360429884
HLA-DMB	0.721450186282624	0.714646793030934	0.875460177294668	0.40141921406318	0.670067454100285	-5.90508763271475
PSMB7	0.275341368737188	7.54637322207877	0.875409951748005	0.401445281190765	0.670067454100285	-6.59291253264921
MFF-DT	-0.28618000047654	0.742312101842936	-0.875269977024884	0.401517934440657	0.670097505494907	-5.90824273206512
TIMELESS	-0.258512233214109	7.5128088177583	-0.87526708048586	0.401519437972207	0.670097505494907	-6.59198539931904
ENSG00000278698	-0.629535648359097	-2.60645141373486	-0.874833967354607	0.401744301560075	0.670384313248482	-5.56091680006063
PPP2CA-DT	0.394668369886547	-1.08094733557332	0.874827868523574	0.401747468571376	0.670384313248482	-5.71291011325989
MYO15A	-0.512365449178686	0.431747851746323	-0.874670224933183	0.401829335990155	0.670474046565788	-5.87538647697217
ENSG00000302338	0.543012480767517	-0.63874238063765	0.874455416266834	0.401940908918238	0.670591349691592	-5.76118536016349
EIF2D	-0.197365700556187	5.83766483358334	-0.8744266878307	0.401955832265803	0.670591349691592	-6.52014630004627
WDR41	-0.187597129103848	5.88445403266167	-0.873722426767953	0.402321789285554	0.671113647594734	-6.52371947319817
ENSG00000309317	0.811447289442857	-3.54521439282364	0.873703739350415	0.402331503011214	0.671113647594734	-5.47848547924562
FAM238C	0.805000379624285	-2.20155884109017	0.873608823182132	0.402380842967339	0.671113647594734	-5.59989030476037
ENSG00000273133	-0.797580945760438	-4.3245246213087	-0.873425220047905	0.402476296636039	0.671113647594734	-5.41667169180785
PPP2R2A	0.162722363934563	7.00883737264975	0.873413451142801	0.402482415720548	0.671113647594734	-6.57662173340747
ZCCHC18	0.469959544362884	1.67225302351068	0.873396794125864	0.402491076423137	0.671113647594734	-6.01439019036784
ENSG00000256299	0.801819604076883	-3.66232073038305	0.873340942999004	0.402520116775787	0.671113647594734	-5.46882434555762
CAMK2B	0.495926057849325	-1.58132488807865	0.873335576913256	0.402522907002001	0.671113647594734	-5.66164939065709
PTPN23	-0.338231567199158	5.65681883164228	-0.87332702569595	0.402527353442095	0.671113647594734	-6.5089011230401
DNAJC9P1	0.295216820042016	2.17291211484983	0.873212335929595	0.402586992811954	0.671113647594734	-6.07502219427686
ENSG00000273007	0.621942103419947	-2.29400895010106	0.873136822867303	0.402626263391094	0.671113647594734	-5.59148252074578
ENSG00000289931	0.584913740596794	-3.10780865036119	0.873129416971846	0.402630114970557	0.671113647594734	-5.51703616191926
H2BC15	0.370314875410958	-0.0372428077056733	0.873041809381005	0.402675678926815	0.671113647594734	-5.82702165036579
H2BC4	0.366052475749671	-0.684432050492353	0.873023591322195	0.402685154430069	0.671113647594734	-5.75742170755036
UBE2Q2	0.194519702210202	5.00618802633633	0.873012960671823	0.402690683672191	0.671113647594734	-6.453181031611
MGC16275	0.722460441433729	-2.0467528323055	0.872733491194805	0.402836060884433	0.671309053562963	-5.61555317039953
RPL34	0.312154130935163	8.11202773737791	0.872575524224145	0.402918249742086	0.671399138909054	-6.61190555300671
EIF3A	0.158722504566677	8.92600981045709	0.872416770902102	0.403000859393785	0.671413997049139	-6.63234525645948
ENSG00000305611	0.679893114095779	-4.14710373951782	0.872399645831777	0.403009771377357	0.671413997049139	-5.42954949129237
TTC14	0.268934352766985	4.29973038266934	0.87239620733931	0.403011560804708	0.671413997049139	-6.3701888734258
ENSG00000289294	-0.322282967942074	1.12517677986842	-0.872234070175665	0.40309594490271	0.67150770691652	-5.95292612114905
TOPORS	0.183161884087697	5.95573859393999	0.871964216953603	0.403236416735393	0.671674064718504	-6.52963737109385
G2E3-AS1	-0.713944437743971	-1.77319504829514	-0.871865759940692	0.403287676848279	0.671674064718504	-5.6433685416775
ENSG00000289515	-0.659235729001427	-2.28603768424875	-0.871828105256382	0.403307282362864	0.671674064718504	-5.59332574802669
P4HA2	-0.412374437522518	4.18582481384332	-0.871826003911008	0.403308376481371	0.671674064718504	-6.35540438674377
SURF2	0.219252244740048	4.23001825206395	0.871746516791312	0.403349764960563	0.671696123382205	-6.36143734763259
STARD13	0.254780411776492	2.57454852036047	0.871396952341704	0.403531815912732	0.67182742199358	-6.12816431406503
FAM162A	0.42273422204511	6.60351663999046	0.871358767062987	0.403551705997991	0.67182742199358	-6.56257597213623
ENSG00000259130	-0.419050850013155	-2.1670714405865	-0.87130562659517	0.40357938712142	0.67182742199358	-5.60510417160899
EPHA7	-0.219888911807241	3.90352152771316	-0.871194771279258	0.403637136400954	0.67182742199358	-6.31651287602624
FGGY-DT	0.440739194466018	-0.533255850886102	0.871164137095453	0.403653096063885	0.67182742199358	-5.77547924490182
LINC01036	0.497106317817631	-1.81405523472344	0.871162113906101	0.403654150111537	0.67182742199358	-5.63984790654752
SPART	-0.410707862469587	5.6681077938048	-0.871128975737021	0.403671414810945	0.67182742199358	-6.51163918450146
ENSG00000286443	-0.752108340180366	-1.10764376133493	-0.871115656200297	0.403678354317854	0.67182742199358	-5.71317544117288
ZNF740	-0.312760080044449	5.08295407934365	-0.871086291912385	0.403693653464865	0.67182742199358	-6.46259347977519
ENSG00000286850	-0.796411417405692	-4.10681817514174	-0.871009014582999	0.403733917793635	0.67182742199358	-5.43392135180782
MEIOC	0.441716955342179	4.07610225078166	0.871000708279328	0.403738245847988	0.67182742199358	-6.34096600086312
CYRIB	0.189124698074862	6.90757673883353	0.870670882428041	0.403910129647872	0.672034791035233	-6.57529471523319
MEI1	-0.747891631497196	-3.8018379387684	-0.870653517823421	0.403919180349454	0.672034791035233	-5.45928124271845
RAB27B	0.607495511996223	-1.17718063907947	0.870385652799883	0.40405881347703	0.672195389534903	-5.70635723980831
PINK1	0.214024224236411	5.42666288749276	0.870359527417897	0.40407243394095	0.672195389534903	-6.49403263620552
PARP6	0.199090388070321	4.34742326107331	0.870213293225135	0.404148678959868	0.672195389534903	-6.37844425451394
USH2A	-0.645228674681836	-2.72869533644318	-0.870204739952002	0.404153138856385	0.672195389534903	-5.55353320328755
MPP3	0.255595154145876	2.19329853140411	0.870194089248344	0.404158692454532	0.672195389534903	-6.08018667609206
CARD14	0.643199594135192	-2.468402885136	0.870144229303285	0.404184691633444	0.672195389534903	-5.57758272115521
MARCHF3	-0.247846740291016	3.0758854539013	-0.870067586382246	0.404224658887976	0.672215017675537	-6.19807761304292
KANK4	-0.358043840872075	-0.00269470673737149	-0.869932421213832	0.404295150584044	0.672285400891059	-5.83334882617132
ENSG00000289631	-0.648983250000576	-3.1132204905034	-0.869581110826511	0.404478406535552	0.67254327217389	-5.51946239105264
RPS7P11	0.445921864216104	3.9303203380414	0.869517663473813	0.40451150902573	0.672551458440759	-6.32179644078983
CPMER	-0.908128546305621	0.241748329560679	-0.869382526602472	0.404582020427209	0.672592861484288	-5.85972295698561
CHRNB1	-0.176674924333691	4.21008123770581	-0.869361920522031	0.404592772963922	0.672592861484288	-6.36085630777676
MEST	-0.269624734839953	7.96441694777403	-0.869151472671884	0.404702598826452	0.672728578227534	-6.61083563704463
TSC22D2	0.162290683265507	5.03896341257363	0.869034810649041	0.404763489775771	0.672750436430615	-6.46003763156585
ECD	0.247809604191388	6.27699702458745	0.869018270481883	0.404772123314352	0.672750436430615	-6.54969712122553
KIAA1614	-0.553175474440319	0.802845041604947	-0.868625027098211	0.404977423531421	0.673044785699076	-5.92052202921669
ENSG00000307322	-0.838647069568516	-3.9645839618981	-0.8684518613862	0.405067850738539	0.673122507513872	-5.44757782554107
ENSG00000213067	0.733832285250176	-1.75431252039788	0.868427457434969	0.405080595609911	0.673122507513872	-5.64814143382199
HUNK	-0.313458851261321	3.88581111666709	-0.868299008286256	0.405147682244773	0.673187115854636	-6.31653002493423
PADI2	0.266954887018595	3.94676125638072	0.868177637221331	0.405211079155969	0.673206979948132	-6.32530772114899
CAMK1D	0.229667210863799	4.42812628971963	0.868124367728918	0.40523890607713	0.673206979948132	-6.39063879815155
KANK2	-0.216178685801477	5.37737940348662	-0.868057022474017	0.405274087779267	0.673206979948132	-6.49197087008887
ARMC7	-0.295231385813269	3.31063878690164	-0.86805514355595	0.405275069371312	0.673206979948132	-6.23341409370044
CHCHD2P9	-0.528895883019779	2.94660947483729	-0.868006140804174	0.405300670166955	0.673206979948132	-6.18170416168363
HES1	0.374913854798008	4.22578280793948	0.867923085724733	0.405344063663082	0.67323220371933	-6.36422213155996
TOE1	-0.307782146648895	3.83342812043666	-0.86779885152849	0.405408977838241	0.673293164989583	-6.30950690707936
ENSG00000284707	0.464826087209014	0.225570465163479	0.867571468039533	0.405527807554941	0.6733372702129	-5.85955240114817
VESTAR	-0.534933279191785	-0.568310296245129	-0.867499981213729	0.405565171241881	0.6733372702129	-5.77476935605994
USP11	0.179875119536735	8.19803301730995	0.867492398536706	0.405569134583425	0.6733372702129	-6.61871213510072
KIF4B	0.379559975600935	0.452159423769677	0.867448555913675	0.405592050929719	0.6733372702129	-5.8837485131774
CEP120	0.241713003872529	5.40308639095446	0.86743860678852	0.40559725141776	0.6733372702129	-6.49466755023533
RTL4	0.439289761814672	0.495093805581891	0.867424151841368	0.405604807217114	0.6733372702129	-5.88836001764473
GADD45G	-0.5973642800563	1.21934373409757	-0.867316932506047	0.405660855260183	0.673383477013131	-5.96769285871508
KYNU	0.656581078283618	-1.71158838684613	0.867251280409059	0.405695176995554	0.673393614949085	-5.65344532324823
RABL2B	0.232856579083049	4.53455763551063	0.867157196586872	0.405744365809309	0.673428426896438	-6.40493679597951
ENSG00000306533	0.391897588107667	-0.414339583338103	0.867021258000879	0.405815444339148	0.673499562620294	-5.79187375503581
BZW1	-0.244045463933522	7.42900313711574	-0.866957133562678	0.405848976209646	0.673508379585289	-6.59664342498831
PLD1	-0.409617847906819	2.00512199232405	-0.866628287012313	0.406020966189582	0.673746951265158	-6.06002866309646
CEP152	-0.364055141107691	3.73885798340098	-0.866487983802951	0.406094361405919	0.6737802817272	-6.29694388537111
PKHD1L1	-0.647523909259174	-2.4795378501068	-0.866481958776212	0.406097513413742	0.6737802817272	-5.57956398943151
CHRNA2	0.810663442376333	-2.65696037345353	0.866126678627517	0.406283408867206	0.673981227943232	-5.56344938526149
POP4	0.231012504322205	4.71241538773405	0.866100320444392	0.406297202755813	0.673981227943232	-6.42723950528101
OVOL1	-0.715554560738335	1.70288831914091	-0.866088585875851	0.406303343849131	0.673981227943232	-6.02429443001721
ACAA2P1	-0.570271322868132	-0.20685243838872	-0.865971224971392	0.406364766258693	0.673996817462082	-5.81501604765043
FYN	0.190272306519415	6.61195706680131	0.865962713237309	0.406369221237666	0.673996817462082	-6.56768281184645
ENSG00000308602	0.254829757095969	2.15032142278399	0.86584707344753	0.406429749580205	0.674042649567743	-6.07859013666907
C1orf216	-0.383351234565353	3.25297623696028	-0.865802011263344	0.406453337770937	0.674042649567743	-6.22705520814349
SLC26A2	-0.210313363391207	4.42949310486456	-0.865645361732682	0.406535344648741	0.674131805094943	-6.39298057569286
PTRH2	0.271441643732516	4.70469130436812	0.865344891518362	0.406692674267911	0.674320505546803	-6.42699880803021
PARD6G	-0.186759265913757	4.47656664124184	-0.865320119555333	0.406705647016643	0.674320505546803	-6.39924183029842
DDHD1	0.216188774800586	4.77209484916993	0.865050325426672	0.406846953045115	0.674507934726852	-6.43496501447377
DPF2	0.159626096027	6.8711623746709	0.864994017674869	0.406876448768257	0.674509981437243	-6.57891008413564
PENK	0.515340222011441	-1.1995532515028	0.864885003365735	0.406933557975557	0.674557801653188	-5.70859501649374
RHOU	0.332751798608547	5.06375227625231	0.864771544080318	0.406993001617651	0.67459561342648	-6.46624378773806
FOXO3B	-0.229719106469421	3.98749931839866	-0.864654556048247	0.407054300290312	0.67459561342648	-6.33418630006108
MYCBPAP	-0.597448774815451	0.450863654716965	-0.864584699931561	0.407090906095419	0.67459561342648	-5.88605108318285
VANGL1	-0.218280827881425	5.08326551712597	-0.864458786447667	0.407156892636461	0.67459561342648	-6.46843651477042
ENSG00000300534	1.04705448701682	-2.98317260173176	0.864425462944784	0.407174357465969	0.67459561342648	-5.5352589953276
FBXL19-AS1	-0.612338805085248	-1.84689260200126	-0.864333660366645	0.407222473808622	0.67459561342648	-5.64224754661346
PFKFB1	-0.437996024869412	-1.01448420095489	-0.864315623591123	0.407231927854869	0.67459561342648	-5.72889490696708
NECAP2	-0.231691561983793	5.37240918626062	-0.864293982935328	0.407243271088002	0.67459561342648	-6.49484518589498
C2orf72	0.470634040372802	2.75149091175931	0.864242069545494	0.407270483056008	0.67459561342648	-6.15808812755098
KCNK13	-0.593501338728667	-1.4519852410863	-0.864183829049792	0.407301013053963	0.67459561342648	-5.68266324140732
SLC16A7	0.303779280836825	2.09081842006955	0.86416885582746	0.407308862356019	0.67459561342648	-6.07265375857354
ENSG00000261065	0.829335279894151	-3.4386557018299	0.864061414035748	0.407365188823022	0.67459561342648	-5.49546730834045
SMG8	-0.230285242307392	4.86762422317591	-0.864003875218472	0.407395355805462	0.67459561342648	-6.44654435716879
VWA5A	-0.195286263427686	5.25305515709589	-0.863993720257898	0.407400680101263	0.67459561342648	-6.48477698930547
DRD1	0.528572859728992	-2.64088802516157	0.863981371447644	0.407407154707645	0.67459561342648	-5.56668614510644
ALDH3B2	-1.11416349281077	-2.67896620009514	-0.863978605657907	0.407408604848925	0.67459561342648	-5.56319169796264
SRP14-DT	-0.277138662195938	1.78425208404132	-0.86384931672182	0.407476396757793	0.67466105871788	-6.03584223081341
HTATSF1	0.141469567943918	6.87677212870345	0.863722778122817	0.407542754044781	0.674724119782657	-6.58023565518843
ECE1-AS1	-0.552483656388622	-2.32662850056253	-0.863626673852434	0.407593156420859	0.674737038081821	-5.59625888756344
ENSG00000289390	-0.485722517129317	-2.66711195127375	-0.863594904123956	0.407609819158809	0.674737038081821	-5.56459276769845
ENSG00000258090	0.991785826294765	-2.76590162146291	0.863546191667688	0.40763536900749	0.674737038081821	-5.55560188633576
ENSG00000309655	0.334314563326322	1.52242119601382	0.863360646845272	0.407732697968448	0.67477540128497	-6.00561046547439
MDFI	-0.413699464404557	5.67964256655896	-0.863272611351378	0.407778883243416	0.67477540128497	-6.51935066012512
BCRP3	0.556404663877045	-0.154668136996681	0.863256531559097	0.407787319429165	0.67477540128497	-5.82287035657274
SUPT5H	-0.272525767928132	6.98335540465046	-0.863198389068227	0.407817824607542	0.67477540128497	-6.58467496938863
ENSG00000295919	-0.500337140767381	-2.76691855805506	-0.863159687021733	0.407838130984329	0.67477540128497	-5.5558250373712
PANK3	0.151207920497179	7.26799440336444	0.863149540347931	0.407843454905022	0.67477540128497	-6.59469003367339
TMOD4	0.387535991872738	-1.29045265678906	0.863124770097835	0.407856451960321	0.67477540128497	-5.70045337711769
ENSG00000287929	0.785121662004783	-3.02462032961138	0.863023160716961	0.407909769808931	0.674801895392515	-5.53269382341244
RAD51C	0.27906789437836	3.87656535540681	0.862986491167741	0.407929012725655	0.674801895392515	-6.31984744582268
NAMA	-0.390602874548764	-0.186353965526668	-0.862781398883203	0.408036649582939	0.674933170392682	-5.81990008747194
NEURL4	-0.334303601359629	4.72947310537006	-0.862520490560654	0.408173608072346	0.675069635271762	-6.43234109083568
THBS3	0.448620606733855	3.34556957296744	0.862516467982022	0.408175719889672	0.675069635271762	-6.24326059535806
ADAMTSL3	0.38207681643797	0.501204747596006	0.862025078462967	0.40843375133583	0.675426136070586	-5.89361242647036
LINC02883	-0.51371305086555	-0.682033954113229	-0.861958572000259	0.40846868285594	0.675426136070586	-5.76702195263061
MON1A	-0.297288008373662	3.03915796684345	-0.861922774739911	0.408487485677439	0.675426136070586	-6.19995066117973
TNFRSF10C	0.288475082221867	1.62131692409201	0.861883193455737	0.408508276781497	0.675426136070586	-6.01835742597827
IER3-AS1	0.509066058420886	-0.33881931978677	0.861836559725779	0.408532773298487	0.675426136070586	-5.804393018484
CAP1	0.224455525568008	8.52836808180452	0.861694031606983	0.408607649011088	0.675489983146616	-6.63229947083648
ENSG00000289523	0.762476762828046	-1.4633550255007	0.861644051625711	0.408633907720203	0.675489983146616	-5.68359299736066
ENSG00000247033	0.585476393243924	-2.4817908552788	0.861586380939043	0.408664208445239	0.675489983146616	-5.58337405970694
ANKRD6	0.198397806022107	4.06918958855899	0.861375479282737	0.408775031295162	0.675489983146616	-6.34840961456621
ENSG00000301757	0.8700916092232	-3.28500491365993	0.861332426100074	0.408797657056736	0.675489983146616	-5.51103687289478
ZC2HC1C	-0.425634813763593	0.522303169206945	-0.861328727439057	0.408799600856051	0.675489983146616	-5.89646811617278
ENSG00000228933	-0.759048130741038	-2.75229032517925	-0.8613269345096	0.408800543116905	0.675489983146616	-5.55865421856156
ENSG00000298227	-0.655385017805036	-1.23871580215659	-0.861302931101348	0.40881315807453	0.675489983146616	-5.70743864725412
PKDREJ	-0.775560197857792	-3.75188728123431	-0.861231998008916	0.408850438422034	0.675489983146616	-5.47105271570608
CTTN-DT	0.380520453099964	-0.356201822947939	0.861116719464075	0.408911030408054	0.675489983146616	-5.80313150540296
ENSG00000260257	0.348719847137277	1.55588976970684	0.861037752938922	0.408952539851233	0.675489983146616	-6.01146631327373
THORLNC	0.362421938316213	0.421757266836401	0.86102031143784	0.40896170851803	0.675489983146616	-5.88597449682195
PRORP	0.231720877158493	2.73315179589487	0.860973307021385	0.408986418551274	0.675489983146616	-6.15842701150813
DNAJC27	0.240202064482088	2.55824990318697	0.86095854410376	0.408994179569103	0.675489983146616	-6.13505276897465
TLX1	1.53647981217551	-1.94532396856073	0.860929872198997	0.409009252973196	0.675489983146616	-5.63527396770135
ENSG00000289508	0.813534122294752	-1.91988199464199	0.860901389195393	0.409024227445213	0.675489983146616	-5.63782004331922
IMPA2	-0.21634307898041	6.4204723060552	-0.86077717440883	0.409089535725793	0.675551093141044	-6.56378086481474
BRPF3	0.202609700124331	5.63350274569006	0.860708602848557	0.409125591586763	0.67556389196079	-6.51832050805808
PRPF8	0.196948848163856	9.17458911420125	0.860541137025153	0.409213656555456	0.675584307124964	-6.64833532761189
UMPS	-0.255036641634867	5.64064526843443	-0.86051682693521	0.409226441541163	0.675584307124964	-6.51899328429383
COL28A1	-0.51470058559378	-1.24929422981331	-0.86048827864978	0.40924145579736	0.675584307124964	-5.70700331683668
PLA2G4B	-0.957151473133909	-3.75314948814148	-0.86041479854859	0.409280102554048	0.675584307124964	-5.47160177673749
RRP1B	-0.224301928583653	7.277009499296	-0.86038328052235	0.409296680182521	0.675584307124964	-6.59740957695978
GPR161	0.333493380470825	4.791693728167	0.860362154050594	0.409307792392298	0.675584307124964	-6.44126086329065
ENSG00000279611	-0.776902018492984	-2.92038062684207	-0.860239946157455	0.409372075982981	0.675613040428867	-5.54430487242812
MYL12B	-0.271966813401274	7.3190778098955	-0.860221431746105	0.409381815506024	0.675613040428867	-6.59895892752293
APIP	-0.205032198845367	4.24210192444649	-0.859955475205399	0.409521739711788	0.675797231674013	-6.37334888369241
ZBED9-AS1	0.464732875871323	-1.78242519017552	0.85987622373994	0.409563441576422	0.675819321080231	-5.65240147874912
SUPT16H	-0.159824972147488	8.96820387885286	-0.859725891682293	0.409642553812568	0.675901938325507	-6.64445453326725
ENSG00000297160	0.429297183968403	-2.59989616595526	0.859575341399247	0.409721791381385	0.675901938325507	-5.57406666732406
RPL23AP7	-0.326169404053113	2.16295867733316	-0.859550122963136	0.409735065365908	0.675901938325507	-6.08558141153756
C20orf144	-0.566328584051469	-3.04906625493454	-0.859548900170286	0.409735709003052	0.675901938325507	-5.53333222047828
ACOT4	-0.928336750458064	-3.75188728123431	-0.859512047595221	0.409755107287542	0.675901938325507	-5.47243088798412
ENSG00000279692	-0.856179218717445	-8.44447392549742e-06	-0.859409327472746	0.409809179941203	0.675944415871229	-5.8425551618405
PEX7	-0.225494651747702	3.26465360627347	-0.85920010745005	0.409919330067596	0.676032410902869	-6.23445578560515
FAM133CP	-0.772787369024818	-2.44848701315875	-0.859188480867841	0.409925451823541	0.676032410902869	-5.58844873404394
LINC02609	0.52510148865173	-0.241251068954161	0.859146599443545	0.409947504210719	0.676032410902869	-5.81710450404118
ENSG00000289291	0.326988604878016	0.659742890371035	0.858984252790033	0.410032994446897	0.676091596484379	-5.91324316989072
IFNAR2-IL10RB	0.873190890912635	-3.34198951945914	0.858970856405664	0.410040049403418	0.676091596484379	-5.50796603151537
PXMP2	0.390377267350477	0.46789594565019	0.858521456466158	0.410276765683653	0.676368809351556	-5.89301612082718
CBX4	0.394562190656075	2.58295780651278	0.858519710750098	0.410277685402016	0.676368809351556	-6.14041113466855
NPTN	0.246547044694625	6.90172838570878	0.85849027744057	0.410293192348926	0.676368809351556	-6.58574775500734
SGO2	0.149035410099494	6.29323206957166	0.858426191988579	0.410326957174135	0.676377753082056	-6.5597725470886
QDPR	-0.215763743934094	4.70245093983734	-0.858311000063518	0.410387653347293	0.676431085803857	-6.43286377237183
DCAF1	0.183863607214832	5.57822569626302	0.858220916620761	0.410435123805931	0.676441743577209	-6.51644561550312
ENSG00000302876	0.772243151791957	-2.77628783426515	0.858183510214179	0.410454836626672	0.676441743577209	-5.55902612782013
ENSG00000276603	0.666458434464305	-2.39129703896281	0.858137383657834	0.410479145775704	0.676441743577209	-5.59467115459703
ENSG00000286281	-0.962724315503307	-3.40137872155555	-0.858053435728199	0.410523389689156	0.676467946817942	-5.50354073274106
GRIK3	0.417777459978729	3.2018984293321	0.857977478457512	0.410563425018593	0.676487211937782	-6.22649464568335
ENSG00000289970	-0.799573471449701	-4.20604981915102	-0.857910237264877	0.410598868533526	0.676498908966565	-5.43663582383307
CHCT1	0.880126624388264	-3.47020343851269	0.857753577012043	0.410681453864647	0.676519735406707	-5.49782755660888
PCP2	-0.559683464635427	-3.34344431741025	-0.857697900064661	0.410710807372706	0.676519735406707	-5.50886447451823
CAPS	-0.590945044806315	-0.677068552725353	-0.857685179773953	0.410717513853394	0.676519735406707	-5.77114271136912
AGO4	-0.196849350003204	4.49903182004144	-0.857662278576697	0.410729588171777	0.676519735406707	-6.4087571656227
LINC02348	-0.363017781799988	-1.0149552978558	-0.857617427221407	0.410753236090778	0.676519735406707	-5.73443895630659
ZNF737	0.403173335821346	3.87399537845008	0.857372530543527	0.410882374523345	0.676662207242307	-6.32434884935477
ENSG00000285847	0.558728567964046	0.00898474471535669	0.857345857244727	0.410896441511826	0.676662207242307	-5.84524891238574
SPMIP8	-0.476482080991469	-0.688201634007289	-0.8572750850922	0.410933766990535	0.676676984735967	-5.77027223494846
ITM2A	0.535298076889267	4.82500314302034	0.857027978835638	0.411064109874521	0.676798390104931	-6.4478813033932
TSEN15	0.235895601142456	5.90150514686502	0.857027791983991	0.411064208445179	0.676798390104931	-6.53941050274391
MIR3682	-0.626223299939281	-3.50051178799296	-0.856466899629776	0.411360171277613	0.677209117912991	-5.4962489972668
SFMBT2	0.281249124243422	3.52069723011226	0.856447483560418	0.411370419051516	0.677209117912991	-6.27397024493703
LINC01970	-0.420300422777463	-0.529796505802173	-0.855997457354154	0.411607991154663	0.67755348126687	-5.7886293103504
ENSG00000297328	0.502297714387384	-1.25731081747481	0.855894688210695	0.41166225688376	0.677596074830669	-5.70997117220827
SNAI3-AS1	-0.381255009771796	1.97566487738639	-0.855642421281102	0.411795483445484	0.677768623087606	-6.06586812885978
LINC02601	0.639059617666489	-4.03014655883299	0.855517095826979	0.411861680956383	0.677830832946214	-5.45253684522247
NUFIP2	0.172729727966389	7.30719601818254	0.855411137459356	0.411917654351415	0.67787293464138	-6.60274922439634
HSF2BP	-0.341534978967493	-0.611305159596961	-0.855361141629326	0.411944066872191	0.67787293464138	-5.78026631905127
LINC02350	-0.673126110383922	-3.526295666028	-0.855187580783558	0.412035767089602	0.677958021148525	-5.49505874859412
SF3A3	0.238760131053079	7.9272255064114	0.855098329528526	0.412082928082696	0.677958021148525	-6.62207467608269
TET1	0.181153277285325	7.08258479177115	0.855058419976844	0.412104017764666	0.677958021148525	-6.59534325714662
CCDC142	-0.451266727140871	2.18549034110921	-0.855043354080526	0.412111979332758	0.677958021148525	-6.09224932087176
ZNF446	-0.432883717790613	2.21578368553692	-0.854994489824051	0.412137802356557	0.677958021148525	-6.09607889022037
ZRSR2	0.211716720998067	4.15260577008967	0.854902909163365	0.412186202459763	0.677990909311314	-6.36556896041986
PSMD7-DT	-0.799848628291934	-3.31356967614458	-0.854745357021837	0.412269477377104	0.678065115631161	-5.51384531344253
PSMB8-AS1	-0.46882800353193	-0.87133399624837	-0.854685693433079	0.412301015844206	0.678065115631161	-5.75245787279421
NBPF25P	0.345169207553145	0.00461630300198691	0.854656313497534	0.412316546828468	0.678065115631161	-5.84704613184224
UBQLN1-AS1	0.359578951991421	0.575140562636453	0.854527975642776	0.41238439418105	0.678065703597255	-5.9078984995128
VPS26B	0.174080099903315	5.88419607769246	0.854445093342716	0.412428214959112	0.678065703597255	-6.54057168088149
LINC00205	-0.313251919181505	4.24216926761425	-0.85443221145315	0.412435026040467	0.678065703597255	-6.37813856843322
CDNF	-0.396082070241228	-0.0590365573790589	-0.854357754636032	0.412474395329018	0.678065703597255	-5.84052300123241
CYTH4	-0.777859397539127	-2.58061943093101	-0.854346997966873	0.412480083165596	0.678065703597255	-5.58010465068769
ENSG00000227934	0.37470228587307	1.56803638243246	0.854333226125585	0.41248736542207	0.678065703597255	-6.01859342693063
SYPL1	0.23263097849121	6.15084495406884	0.854194904963651	0.412560511576756	0.678139237589699	-6.55615926939028
ENSG00000303764	0.712104061347686	-3.85403961430842	0.854094486901339	0.412613619593623	0.678167343408653	-5.46820439632017
RDH13	0.303229118577721	2.86531902445571	0.854055122992194	0.41263443922489	0.678167343408653	-6.18245375743953
ENSG00000267571	-0.665247282574976	-3.51367412975505	-0.85393364894642	0.412698691553726	0.678215414794082	-5.49714550347594
ENSG00000224905	0.266572865278157	2.00459715132423	0.853892380838646	0.412720521409027	0.678215414794082	-6.07088519880137
ACADM	0.142908921091576	6.24900089922909	0.853783767333685	0.41277797915796	0.678263134496594	-6.56158289606655
SPMAP2L	0.865033575761281	-3.06142098610864	0.853662843047621	0.41284195587036	0.678304839511148	-5.53698486572982
KIAA0408	-0.725980706942476	-3.74921556190468	-0.853628360813798	0.412860200426465	0.678304839511148	-5.47735236878215
ENSG00000287207	0.61954841833	-3.18638928024687	0.853382754552186	0.412990166663417	0.678471662152793	-5.52611797094685
ENSG00000188512	0.90524224785658	-1.96531743248283	0.853240677613752	0.413065361552926	0.678496200048177	-5.63961824568664
HNRNPA3P10	-0.320628428807727	2.38917685715216	-0.853220385290582	0.413076102123105	0.678496200048177	-6.1196376172984
PIGQ	-0.25747129844948	4.75777393276344	-0.853176571456702	0.413099293097499	0.678496200048177	-6.44366846438373
ST6GALNAC2	-0.597785767701997	-4.30027169765712	-0.853110613344111	0.413134206871849	0.678496200048177	-5.43415034147463
CLTB	-0.206768050372414	4.37458321204661	-0.85308598472874	0.413147244115312	0.678496200048177	-6.39687570812924
ENSG00000290008	-0.725782726837343	-2.92500972691736	-0.852925527963743	0.413232189335926	0.678589009417953	-5.54980900910921
CCT6B	0.394218014915678	1.10880090898352	0.852768774232747	0.413315185690145	0.678678605907582	-5.96772288113877
GLP1R	0.604724340693909	2.62456329830885	0.852660953185574	0.413372280270896	0.678725661339122	-6.15096188391223
LY6H	-0.637363562803092	-1.30520844541338	-0.852540150698675	0.41343625531632	0.678784006716283	-5.70767807595674
RPL35P2	0.652460059670903	1.13537769186354	0.852475250329481	0.413470628292082	0.67879374641953	-5.97093625665433
GTF2IP14	0.596062571487827	-1.9908399859032	0.852391687341066	0.413514888361986	0.678810981054162	-5.63780514602687
ENSG00000228477	0.484181719516627	-2.55478430912099	0.852295777547625	0.413565692037887	0.678810981054162	-5.5841620147663
PRKG1	-0.313167838168654	4.67104027431841	-0.852294345631986	0.413566450559709	0.678810981054162	-6.43434490529613
RPL10	-0.145804163320374	9.2060652574712	-0.852210844303749	0.413610684959826	0.678836901247157	-6.65626980498048
ZNF135	-0.24057515400879	2.75189315408178	-0.852128389233751	0.413654368276166	0.678861913473647	-6.16855781897444
ENSG00000265342	-0.484640081862541	-2.99293575773149	-0.852034495011826	0.413704115694922	0.678887481443	-5.54442078554584
LINC02245	-0.275449223151399	1.9068626185237	-0.851991613037139	0.413726836954307	0.678887481443	-6.06062917564625
ORC1	-0.18037889842611	6.50123858577457	-0.851828884883706	0.413813067137758	0.678977695648914	-6.57522770691527
LINC02166	0.628615419542724	-1.56248055484009	0.851755255448945	0.413852087643711	0.678977695648914	-5.68151122474897
PARL	0.241866561946872	3.13285380789834	0.851726815374506	0.413867160359509	0.678977695648914	-6.22203073783961
TAMM41	-0.208091207660339	3.61363530028193	-0.851552664597969	0.41395946522719	0.679082449417647	-6.2916992437619
ENSG00000261166	1.1906628539663	-1.33772584619885	0.851395532618335	0.414042761691413	0.679123471169571	-5.7051945480774
LINC00639	0.415774387822914	-1.43118954046011	0.851375600915065	0.414053328405506	0.679123471169571	-5.6954376760369
COX6B2	-0.708767643950771	1.61034471319912	-0.851153687240074	0.414170987483585	0.679123471169571	-6.02621860195297
PRR22	-0.549419955038331	0.297575910940397	-0.851147347103573	0.414174349371538	0.679123471169571	-5.88107696440131
ACTR1B	-0.249288882991583	5.63719100944218	-0.851093573875099	0.414202863633049	0.679123471169571	-6.52692332200322
ENSG00000272885	0.883921069523748	-3.20543021561487	0.851086717438523	0.414206499483125	0.679123471169571	-5.52627957659437
ENSG00000300564	-0.717692973778736	-3.78566143494339	-0.851033228131855	0.414234864686754	0.679123471169571	-5.47635210856688
ATG16L1	0.183573282383301	5.11668464510573	0.851023551483525	0.41423999632298	0.679123471169571	-6.48331392008027
KALRN	0.240528848718232	3.40387708896677	0.851022484797401	0.414240562001366	0.679123471169571	-6.26162270856765
RAD23B	0.169821813882006	8.38168548564259	0.850965617371411	0.41427072034505	0.679126264336514	-6.63793478044049
PLPP7	-0.55483013312953	2.48736112211572	-0.850860318120213	0.414326567354023	0.679143110659877	-6.13439534415359
ATP13A1	-0.244741692531505	6.05098318937389	-0.850838937828785	0.414337907333073	0.679143110659877	-6.55356663317396
ENSG00000301664	-0.644440343591636	-3.97600656049642	-0.850408167301845	0.41456643050743	0.67947102025277	-5.46102606570058
ENSG00000300857	-0.908983599572592	-2.92685033901134	-0.850311835054286	0.414617546378519	0.679508135646234	-5.5517483361519
SLC25A3	-0.174770838607349	8.90223053308103	-0.850156500717648	0.414699979013687	0.679596566816785	-6.65126300386209
ZSCAN23	-0.398237621565173	1.17621968881782	-0.850095882242457	0.41473215097972	0.679602625982354	-5.97751433804191
ACTN2	0.359385148923676	1.08668249250469	0.849969751017586	0.414799097892223	0.679640706322041	-5.96762292090441
DLGAP4	0.153921648622445	6.44020806588008	0.849944799924284	0.414812342103875	0.679640706322041	-6.57409745745222
ATP5PDP4	0.672955302933165	-1.18827185423036	0.849826805257717	0.414874978384389	0.679668548624811	-5.72229866446654
ENSG00000279434	0.538447882062802	-3.8632680298337	0.849696979331336	0.414943902611643	0.679668548624811	-5.47092329689534
CDK2	0.201932464377639	5.87355321811362	0.849643630756649	0.414972227483434	0.679668548624811	-6.54405870353756
ARPP19	0.284787264796588	8.26104977278256	0.849636410804654	0.414976060943122	0.679668548624811	-6.63594832722665
ENSG00000294853	0.799433762022523	-3.60955449041881	0.849593945619317	0.414998608475229	0.679668548624811	-5.49239360692368
SDHAF4	-0.361782943460968	3.84162415907921	-0.849581268497514	0.415005339746374	0.679668548624811	-6.32644988261802
IFI27L1	-0.249881750224609	3.23310437853151	-0.849537318616957	0.415028676735995	0.679668548624811	-6.23821205166301
ENSG00000302414	-0.669390240173513	-4.15211350502099	-0.849357176022596	0.415124340163192	0.67967801550997	-5.44748489776383
ENSG00000288770	0.701402714342971	-3.86312416673319	0.849314163708018	0.415147183762972	0.67967801550997	-5.47123809695832
CLTC	0.20672469666917	9.1544393064424	0.84931367289569	0.415147444435593	0.67967801550997	-6.65764950156506
RNASEL	0.295335877353709	1.18071709214614	0.849311933075232	0.415148368462913	0.67967801550997	-5.97867918233954
ATP6V0E1	0.388444085185568	5.65609386600097	0.849123873417209	0.415248256140035	0.679786943492403	-6.52996100975063
RNMT	-0.170486979793955	6.81876706083092	-0.849079426554602	0.415271866431442	0.679786943492403	-6.59073918144254
FERMT2	-0.289479187183578	7.56695614199171	-0.849014428649703	0.41530639513625	0.679796840595081	-6.6166346333434
PAQR9-AS1	-0.444405344161632	-1.26682543780723	-0.848946864365208	0.415342289245013	0.679808971156955	-5.71470083035809
PAPSS2	-0.189666951783207	5.1505960193511	-0.848871294985455	0.415382438631149	0.67982806437699	-6.48839952050828
RPS3AP6	-0.236865199666658	8.60734173028782	-0.848602476630108	0.415525281008483	0.680015214058521	-6.64562104898977
LINC00354	-0.663669798092785	-4.30158563492343	-0.848450228941077	0.415606195896228	0.680100999482707	-5.43772627757288
KCNMA1	-0.27606180707536	2.12041925498797	-0.848229994673071	0.415723262495526	0.680245928011842	-6.08994291204224
ENSG00000224848	-0.31834842261725	0.192004091341354	-0.848038417241624	0.415825114657024	0.680308084408202	-5.87247433910054
DEPDC1P2	0.481656578517689	0.326138033543941	0.847981636691013	0.415855305303556	0.680308084408202	-5.88676434746631
WDR6	-0.284350044529308	7.36828497935968	-0.84788368073872	0.415907392726216	0.680308084408202	-6.61128143665259
ENSG00000308808	-1.03375941520613	-2.4590155547066	-0.847818909236125	0.4159418369768	0.680308084408202	-5.59670536278727
CLIP4	0.558674462320029	-1.29311381846064	0.847815448268299	0.415943677508131	0.680308084408202	-5.71284524792742
ENSG00000294294	-0.947380688450253	-3.26357286621256	-0.847807149197003	0.415948090949574	0.680308084408202	-5.52378106439577
PPP1R15B-AS1	0.518770951910271	-3.64556158366674	0.847783293702491	0.415960777465492	0.680308084408202	-5.49076374604135
SNX5P1	0.772969269363076	-0.926323209073535	0.847721366074503	0.415993712231965	0.680315330261772	-5.7522618982962
TMEM64	-0.696069578503216	5.16800516483829	-0.847060256459185	0.416345418503941	0.680843857720697	-6.49159665861255
VTI1B	-0.144904641167028	6.27256742414819	-0.846985961217832	0.416384955750321	0.680861862078166	-6.56864620824208
IDH3G	0.221757400432207	5.44404989786774	0.84657436993418	0.416604036013681	0.681137773433688	-6.51612737035963
SEPTIN10	-0.176656906579191	7.1476832744549	-0.846561723405326	0.416610768700925	0.681137773433688	-6.60498067208516
CD38	-0.414410199730309	-0.363458271817417	-0.846473783834172	0.416657587515523	0.681148375883619	-5.81458205045664
ZC3H11A	0.445839912304043	-1.45042250463554	0.846420068910273	0.416686186969868	0.681148375883619	-5.6974980020436
HMGCR	0.320924410131289	8.85263170405751	0.846388733344156	0.4167028715916	0.681148375883619	-6.65336416520784
ENSG00000307172	-0.695123610822693	-0.52586766821509	-0.84629394388682	0.416753345000553	0.681184227169442	-5.79712804900872
ZDHHC2	-0.165793065298057	4.67183194351512	-0.846155642540591	0.416826995034947	0.681257953194486	-6.43971816191954
KCNN2	0.245267356026561	4.31789288782745	0.846057083923141	0.416879486150191	0.681291849911171	-6.39546105300814
SERAC1	0.215664040590187	4.94811947236105	0.846009509327621	0.416904825405483	0.681291849911171	-6.47066542308591
BCORL1	0.423486674828151	4.85797914870737	0.845943971933511	0.416939733748185	0.681302247389287	-6.4611101823201
XIAP	0.22044074178793	5.2645139317278	0.845873428091271	0.416977310983042	0.681317004260442	-6.50150098545059
STK32B	0.423120194521291	3.04784316244576	0.845752225028695	0.41704187870109	0.681359909768776	-6.21504179089947
ENSG00000290832	-0.311316755555406	1.95042362740307	-0.845697297059344	0.417071142356693	0.681359909768776	-6.07124214288494
GPI	-0.253201579186216	8.94191669051923	-0.845663376958662	0.417089214468589	0.681359909768776	-6.65604735499562
ENSG00000289890	-0.363368444523323	-1.52375183139212	-0.845608400249725	0.417118506349632	0.681361124566879	-5.69054592520831
ENSG00000255182	0.723854502180777	-1.62833450726286	0.845523861110595	0.417163551975948	0.681388071106621	-5.67984118267674
ENSG00000293499	0.66704570617484	-3.49515747759844	0.845431020212909	0.417213024897277	0.681422244934189	-5.50550934896037
CACYBPP2	0.255671034566053	4.67566005953531	0.845279303389539	0.417293880111509	0.681449898261501	-6.44092764337813
LAMTOR5-AS1	0.444725946505328	2.15659802705035	0.845181589809868	0.417345960737217	0.681449898261501	-6.09702446876932
GCNT2	-0.165169462368436	5.93361021880249	-0.845177915319846	0.417347919299722	0.681449898261501	-6.55161602283006
ENSG00000250132	-0.262636961097432	1.36009068042966	-0.845020849251589	0.417431643885107	0.681449898261501	-6.00256068379939
ENSG00000260774	-0.422354599200694	-1.63477872539743	-0.84501059715234	0.417437109196866	0.681449898261501	-5.67959901909875
BOD1L1	0.408377053307002	5.72222521913075	0.8450058361208	0.417439647281057	0.681449898261501	-6.53812675688053
CTTNBP2	0.220931183552159	4.71530391702271	0.844987678756376	0.417449326985364	0.681449898261501	-6.4458497189862
MIR497HG	0.359207450822792	1.24736215230159	0.844970712373211	0.417458371914418	0.681449898261501	-5.98982657097349
CAPN9	-0.431013125779322	-1.81921311024217	-0.844855763279058	0.417519655798655	0.681478846579138	-5.66100981064312
DTYMK	-0.173026100122821	5.56045081943709	-0.844807807735105	0.417545224591259	0.681478846579138	-6.5266914018856
USP15	0.192820234175898	5.37844323991039	0.844776785877363	0.417561765298249	0.681478846579138	-6.51226015099224
PSMF1	0.239633419515922	6.57312848440325	0.844721789675061	0.417591090105043	0.6814801058145	-6.58446401048605
STN1	0.285286992736696	2.25488987985398	0.844566804041933	0.417673738309825	0.681568379067454	-6.10985736566131
H2AZ1-DT	0.371512591867228	-1.39358658038444	0.844511859336164	0.417703040990019	0.681569595905434	-5.70498603053773
DNPEP-AS1	-0.464031803032768	-0.615645060937052	-0.844318898723735	0.417805960287706	0.681614231283066	-5.78895559535554
BCL3	-0.397695277991024	1.6268182683942	-0.844198027771691	0.417870437928395	0.681614231283066	-6.03401467706741
ENSG00000299250	-0.714046044039404	-1.93749927335802	-0.844195179723377	0.417871957278371	0.681614231283066	-5.64974138327881
AASDH	-0.168359836731165	4.34090946779386	-0.844171254319608	0.417884720925342	0.681614231283066	-6.40013828784745
TMEM132E	0.474041791396339	1.57466162716377	0.844144331489424	0.417899083946014	0.681614231283066	-6.02797817296374
SLC1A3-AS1	-0.483287015934381	-1.87285824536671	-0.844090638266047	0.417927729664255	0.681614231283066	-5.65626367082699
JUND	0.433991671650884	5.06478154235671	0.843944169030246	0.418005878822807	0.681614231283066	-6.48436715507093
SMYD3	0.309254367990527	4.62154116627503	0.843923568680278	0.418016871004864	0.681614231283066	-6.43560121831738
CNOT11	0.30414595767874	6.3961855285407	0.843888945935788	0.418035345866361	0.681614231283066	-6.57726751383469
ZRANB2	0.1332423709656	7.19467603556953	0.843881726442734	0.418039198292073	0.681614231283066	-6.6089112707074
CASP3	0.317550256413001	6.97703531570887	0.843798946997493	0.418083372320581	0.681614231283066	-6.60125554726907
ENSG00000287705	-0.59103633126937	-1.77835258309405	-0.843783624508322	0.418091549288001	0.681614231283066	-5.66599922433883
KIF2A	0.143744336891627	6.94648120452212	0.843764676633097	0.418101661121384	0.681614231283066	-6.60014999984939
CD93	-0.647992947070969	-3.19849309930833	-0.843707639566899	0.418132100855599	0.681617297392294	-5.5327838923942
SPAG17	-0.370704433798557	-0.77504470694714	-0.843561658866228	0.418210015177409	0.681652015680684	-5.77217089129665
ENSG00000293141	0.365801045815977	0.978615655851032	0.843560714283344	0.418210519361975	0.681652015680684	-5.96102324992507
NIT2	0.203437073747225	4.55587771097559	0.843304195810454	0.41834745501031	0.681828647140881	-6.42818509494062
LNC-LBCS	-0.548854708136374	-1.1522029293457	-0.843133936718638	0.418438360143368	0.681846324429122	-5.73164733187725
DLSTP1	-0.245951151172473	3.68852161396503	-0.843021496205128	0.418498401990111	0.681846324429122	-6.30988390041601
GOSR2-DT	-0.886258066591175	-3.56538184701866	-0.842955390344971	0.418533704430761	0.681846324429122	-5.50143182266222
ERVK9-11	0.511188252142931	-2.99395986663872	0.842892410817283	0.418567339197811	0.681846324429122	-5.55165374240846
SHLD2	-0.185733575874063	5.4524659673835	-0.842872039380642	0.418578219133852	0.681846324429122	-6.51996889001857
ENSG00000272195	0.564720370940818	-0.945288240030725	0.84286867746062	0.418580014679792	0.681846324429122	-5.75418822664985
ELOVL5	0.204593077543237	8.19292503513592	0.842808499704558	0.418612155508507	0.681846324429122	-6.64001709456376
FAM219A	0.188896442490901	4.99767121075993	0.842687760233832	0.418676647284279	0.681846324429122	-6.47863639375647
HEBP2	0.284772988361794	5.14489975590553	0.842672456610468	0.418684822042018	0.681846324429122	-6.49317425392211
EMC10	0.236948820686444	6.95137157140714	0.842644757869613	0.418699618192063	0.681846324429122	-6.60129254422729
WDR11	-0.154379570001331	6.17309230569174	-0.842635321291927	0.418704659116581	0.681846324429122	-6.56727817274447
LINC02449	0.274302778367727	1.05561073249227	0.842609030208967	0.418718703764645	0.681846324429122	-5.9703495200415
MTDH	0.199264608446663	6.60917328018081	0.842588459612092	0.418729692762293	0.681846324429122	-6.58783140989608
ZNF107	0.250307477854533	5.53713282040602	0.842524739611186	0.41876373380007	0.68185523499838	-6.52685440732796
MIOX	-0.892617401480781	-3.05369421574719	-0.842377992877604	0.418842137216482	0.68191455054025	-5.54671234357014
SUGT1	0.15935004844065	6.08995887174505	0.842349604689933	0.41885730552311	0.68191455054025	-6.5630560386904
LY6S-AS1	0.739810655998276	-0.65520703563331	0.84213192421326	0.418973628394477	0.682040476784146	-5.7864305969648
C1QTNF6	0.362739286992628	3.39288728536522	0.842097908417854	0.418991807542177	0.682040476784146	-6.26763542694882
ENSG00000289268	0.267558954048166	1.52685324985229	0.841775922286812	0.419163913885624	0.682274100300634	-6.02442585971704
GLIS3	-0.669853289841992	-0.634718947452991	-0.841631106072842	0.419241335907017	0.682291277103565	-5.78908426147128
ABHD6	0.210965367230792	3.28511523912259	0.841614269721795	0.419250337629537	0.682291277103565	-6.2524577402957
PGK1P1	0.543644247833738	-0.867637613454991	0.841595770920129	0.419260228348803	0.682291277103565	-5.76367167934066
PDPK1	-0.232807998879	5.29527307006905	-0.84143874122055	0.419344193487813	0.682381391284764	-6.50798055335127
ENSG00000262691	-0.470826791212233	-0.609653790466627	-0.841152717462206	0.419497162137251	0.682583772070477	-5.79222023469967
CA5B	-0.226044459060676	3.20641882470594	-0.840937334428907	0.419612376294607	0.682691308382895	-6.24170211416372
NPIPB4	0.389283984927922	1.05098902430225	0.840891060188826	0.419637132422456	0.682691308382895	-5.97127187538484
HLA-F	-0.415360203954682	1.68281863433659	-0.84084134506624	0.419663730480716	0.682691308382895	-6.04339302526129
TGDS	0.178632159694732	4.14376901432847	0.840815296940223	0.419677666928974	0.682691308382895	-6.37641727502911
ENSG00000235077	0.610984670165079	-3.97541912922191	0.840749257086723	0.419713001432016	0.682702256196955	-5.46866944242571
SS18L1	-0.209638298436849	4.39532960523557	-0.840542929746437	0.419823409477727	0.682819132372543	-6.41029437564514
TMEM167B-DT	0.302400230670557	-0.442289261750621	0.840508054647234	0.419842073472455	0.682819132372543	-5.81098134103643
ZNF879	0.247981733629492	2.32847041723263	0.840295683608533	0.41995573952503	0.682839007300243	-6.12281854361043
ENSG00000286634	0.510236858314701	-1.46159305296162	0.840287709483429	0.419960007873034	0.682839007300243	-5.70133552439948
DTX3L	-0.197314078359005	3.52907998163051	-0.840277723256061	0.419965353290041	0.682839007300243	-6.28901048922484
EXOC5	0.146308145971339	6.98898724570389	0.840254295247969	0.419977893989713	0.682839007300243	-6.6047300094015
SLC7A6OS	-0.175313619331651	4.41266775522361	-0.84020148768462	0.420006162102438	0.682839007300243	-6.41278556551908
EOLA1-DT	0.846458381571442	-3.15923164383948	0.840164514215083	0.420025954924158	0.682839007300243	-5.5390736436491
PSME2P1	0.222023373863732	3.92049896654937	0.84002778954781	0.420099152537881	0.682911488463533	-6.34582582087231
ENSG00000300994	0.799199264376226	-3.37752796904923	0.839968238903136	0.420131036573279	0.682916805141623	-5.52003327153795
SEC11A	-0.163306247011146	7.66438270421402	-0.839630722272561	0.42031177744021	0.683104486900375	-6.6276851191475
PKP4	0.133599221552143	6.9509519821325	0.839600175910511	0.420328137677659	0.683104486900375	-6.60388220983006
RCCD1	-0.250208157132609	4.05105930251141	-0.839592287924827	0.420332362451038	0.683104486900375	-6.36461356336755
RRP7BP	-0.436960089124425	2.710588927962	-0.839452394155551	0.420407293764478	0.683120688003533	-6.17372590930879
ADH5P4	-0.414763770167557	2.17666881672163	-0.839393986180991	0.420438581508114	0.683120688003533	-6.10440591939736
ZNF276	-0.328854390706244	2.79065809383496	-0.839366893242979	0.420453095076622	0.683120688003533	-6.1846838694708
TP63	0.878401863273673	-3.26385201203667	0.839297522858888	0.420490258033388	0.683120688003533	-5.53051756212253
ENSG00000279531	0.866211260575506	1.03950490454873	0.839278649584991	0.420500369168674	0.683120688003533	-5.97134133059565
PIGP	0.408347513928814	3.28768331520318	0.839212897899079	0.420535596148531	0.683120688003533	-6.25486333393873
AK9	0.287995863966778	2.43051821440442	0.839199666437346	0.420542685248917	0.683120688003533	-6.13685972745169
GLTPP1	0.73041395777798	-3.01408502135766	0.839048730183647	0.420623559000952	0.683205558913552	-5.55290666818028
TMSB15A	0.365829540056682	5.41901560635489	0.838920914429577	0.42069205269284	0.683245716540418	-6.52063940144984
SLC25A1	-0.345744816727598	7.40754683940174	-0.838895753187965	0.420705536945489	0.683245716540418	-6.62026289308865
ENSG00000279786	0.70380231506434	-3.84381639909553	0.838709392300466	0.420805419388785	0.683361430533586	-5.4811933192983
ELOB	0.162034946848905	6.54456604667535	0.838619736985198	0.420853476987188	0.683384892564354	-6.5884559356317
NTNG1	0.364036758798419	0.530881852076278	0.838575607138622	0.42087713310443	0.683384892564354	-5.91648523672123
GIGYF1	-0.396323447198084	6.22674021341777	-0.83840362821068	0.420969332208984	0.683481101804517	-6.5736709037922
PPWD1	0.174918462870634	5.44655807067094	0.838322876600025	0.421012628423084	0.683481101804517	-6.5233871798244
ZNF394	-0.210908007440384	4.04709038655601	-0.83830484483405	0.421022296842084	0.683481101804517	-6.36515758092661
ENSG00000272669	-0.425314190554682	-0.850386217535597	-0.838201084568769	0.421077934782784	0.68350769654441	-5.76832852014137
ENSG00000294203	0.617055657257015	-3.8928182397466	0.838167479368665	0.421095955502954	0.68350769654441	-5.47753133126204
GREB1	0.245871334094775	5.54654513298581	0.83806200648708	0.421152518507434	0.683553020007951	-6.53138782843421
HNRNPUL1	0.154150674244745	8.82271614319784	0.837698639355145	0.42134742438602	0.683809714223113	-6.6601175499869
FLJ13224	-0.610064451162284	-4.13359685286438	-0.837660332429089	0.421367975324897	0.683809714223113	-5.45813502028509
ENSG00000309250	-0.718919642921871	-4.20736375641733	-0.837423603835715	0.421494990751874	0.683903946842827	-5.4526230748903
PORCN-DT	-0.494520916660751	-3.0381793572516	-0.837356689858344	0.421530897768915	0.683903946842827	-5.55208964291438
VAMP8	-0.463387987262675	4.09428542963478	-0.837315076248219	0.421553229282003	0.683903946842827	-6.37253497166611
CYTH3	-0.176146486928511	4.54961846724029	-0.837276672151935	0.421573839152019	0.683903946842827	-6.4325525127736
ARHGEF39	0.200622705270876	5.20507996304481	0.837205322325922	0.421612131422834	0.683903946842827	-6.50349319112846
YIPF1	0.184273293440247	5.07123999223787	0.837158416975749	0.421637306028287	0.683903946842827	-6.49079472638277
DNASE1	0.283894423454759	3.70147069517569	0.837150354077717	0.421641633574597	0.683903946842827	-6.31673442322978
CAMKMT	-0.269805122983032	3.85273139589697	-0.837124928228242	0.421655280420338	0.683903946842827	-6.33864638535082
GON7	0.248245599921157	3.26164399334252	0.83705412302897	0.421693285349896	0.683919111269772	-6.25292576495835
GRINA	0.181959624811166	6.45443797706904	0.83697820191881	0.421734038832985	0.683938731047553	-6.58586401357618
RPL32P18	0.315892187199828	5.50322190055725	0.836561193503241	0.421957931071033	0.68425532958774	-6.52932899303001
ENSG00000307319	0.563675318289876	-3.0747885897967	0.836002771970667	0.422257873862465	0.684695201812314	-5.54988626046188
FAM53C	-0.195415925083731	6.7248910911036	-0.835888155289584	0.422319455277577	0.684745325813737	-6.59832231622779
MEDAG	0.280215817429857	2.31333719896938	0.83583844441953	0.42234616589031	0.684745325813737	-6.12463092210213
MRPL2	0.453179678072019	3.14664166115642	0.835706193499612	0.422417232422584	0.684805401021551	-6.23759428916489
ENSG00000308310	-0.538477104997699	-3.04755931599665	-0.835614199177187	0.422466671375687	0.684805401021551	-5.55262903265721
THNSL1	0.170414187725695	4.32405947258029	0.835586625485585	0.422481490599259	0.684805401021551	-6.4051997407074
SCN4B	-0.401700485303545	2.9653502600073	-0.835555926094563	0.422497990113644	0.684805401021551	-6.21207820080363
PELI1	-0.183701152563381	6.29729661348232	-0.835259045874631	0.422657572052819	0.684811132909848	-6.57990517691937
TOP6BL	-0.241955179744376	4.25156283268776	-0.835185071421831	0.422697341849052	0.684811132909848	-6.39584834828603
ZNF222	0.244256661060652	1.89698651637653	0.83513491501525	0.422724308136177	0.684811132909848	-6.07364072720417
ENSG00000243696	0.391944638264498	-0.838055594737363	0.835108212355668	0.422738665132319	0.684811132909848	-5.77219695532258
ENSG00000279821	-0.723150596479838	-1.12498012837117	-0.835073038884472	0.4227575770612	0.684811132909848	-5.74114393486741
LINC01618	-0.75006453114019	-1.66403490881096	-0.835027350130607	0.422782143656888	0.684811132909848	-5.68470466492625
ZNF513	-0.313362918785463	4.08373207786739	-0.834960927477459	0.422817860476126	0.684811132909848	-6.37306375718158
ZBTB38	-0.205054473983203	4.20487016806366	-0.834950744295644	0.422823336361261	0.684811132909848	-6.38977925715931
MBD2	0.310589019921232	4.50919132372761	0.834925844888901	0.422836725923194	0.684811132909848	-6.42953007240244
MED1	0.17417789643213	6.8690018904983	0.834885174429789	0.422858596924236	0.684811132909848	-6.60482541556103
PPP2R2B	0.141610193916805	5.9597260737768	0.83488178837973	0.422860417845508	0.684811132909848	-6.56198100228667
H2AC15	0.31087539606774	1.28695437455031	0.834753331065569	0.422929502437451	0.684811132909848	-6.00283901131122
ENSG00000256843	0.566888869618584	-1.53916266213186	0.834744528605598	0.422934236696195	0.684811132909848	-5.69777890832214
ENSG00000294110	-0.616226611517411	-2.95679503995025	-0.834676414441419	0.422970871991096	0.684811132909848	-5.56152362174635
ENSG00000291202	0.213293699126835	3.3441019216363	0.834588412731463	0.423018206998809	0.684811132909848	-6.26690881294806
TSLP	-0.37864302453003	-0.0206501821733567	-0.83455194195752	0.423037825214535	0.684811132909848	-5.86105254619308
MRPS6	0.513846259781042	-0.887539587019244	0.83450383554053	0.423063703368399	0.684811132909848	-5.76730956617141
AQP4-AS1	-0.382961083558611	-1.56646171387148	-0.834498036195432	0.423066823114654	0.684811132909848	-5.69515803743842
ENSG00000304600	0.606037237950231	-3.72360695834784	0.834362736897956	0.423139611508934	0.684811132909848	-5.49470309275503
H2AC6	-0.281339613222463	3.40055837144715	-0.834307945891495	0.423169090408997	0.684811132909848	-6.27533775440633
FAM174A-DT	0.360501259488388	-0.840785261298678	0.834301924953203	0.42317232990536	0.684811132909848	-5.77255664662975
TRA2B	0.23872423804872	8.26870865510313	0.834283860134203	0.423182049573121	0.684811132909848	-6.64930670476101
NODAL	-1.64538173170502	2.27481280487784	-0.834277297034977	0.423185580846672	0.684811132909848	-6.12103260531789
SPATA31E1	-0.53125328844417	-2.29472061917623	-0.834268798075191	0.423190153738943	0.684811132909848	-5.62309022910998
RRAS2	-0.330008026861793	6.85069550556773	-0.834190455422995	0.423232307820909	0.684832914627908	-6.60472367660445
EEF1A1P8	0.897436081119299	-2.14915490250777	0.833963567876842	0.423354405905528	0.684981270468564	-5.63728538265208
NUP85	-0.177923073064208	6.06586006873795	-0.833891675709799	0.423393099171226	0.684981270468564	-6.56891138138194
TKTL1	-0.493820375810485	-3.01096957985743	-0.833860103040006	0.423410092731501	0.684981270468564	-5.55729569674716
EVA1A	0.343184651548776	1.2440321963706	0.833667746351334	0.423513636039891	0.685072045351924	-5.9988874341106
SLC4A7	-0.184839423580767	6.52221855867253	-0.83358638604371	0.423557436458691	0.685072045351924	-6.59176887862297
CXADR	0.147318743216382	7.52170379406642	0.8334114258548	0.423651636829416	0.685072045351924	-6.62858141252512
TLCD4	-0.266374041314037	2.14353735174903	-0.833392521003289	0.423661816241847	0.685072045351924	-6.10530242403414
FTH1P11	0.338043592024092	2.97691886650896	0.833380145936781	0.423668479747966	0.685072045351924	-6.2155214360922
ENSG00000275343	-0.5170978889295	-4.477692579448	-0.833371658786683	0.423673049798718	0.685072045351924	-5.44017867108644
KHDC3L	-0.799479372472102	-3.86215248299988	-0.83328072755584	0.42372201535626	0.685072045351924	-5.48389735495295
TFDP1P2	0.422528096541032	-0.31900278070095	0.833277636923332	0.42372367969795	0.685072045351924	-5.8302360186604
NME2P1	-0.361903224083991	0.866346615106954	-0.833244272149543	0.423741647298718	0.685072045351924	-5.95725179677534
SLC25A42	-0.325008524818106	2.99160997625745	-0.833203590357197	0.423763555955709	0.685072045351924	-6.21772617659319
INTS6-AS1	0.313997497146023	0.454140942941192	0.833117215519459	0.423810074546853	0.685072045351924	-5.91276286691201
TSKS	-0.850001907794139	-2.38861986944919	-0.833046102611093	0.423848376157635	0.685072045351924	-5.6151761115185
ENSG00000268093	-0.72453365967752	-2.81685958385268	-0.833032182394855	0.423855873897923	0.685072045351924	-5.57550675785028
SMS	0.213617955648411	8.49826485049308	0.832917245814911	0.423917784730293	0.685072045351924	-6.6563511976139
MAGED4	0.903551150970689	-1.38157582714109	0.832862180630999	0.423947447867274	0.685072045351924	-5.71571309983494
SLC35D3	0.569892132236126	-1.32833843890431	0.832852344752375	0.423952746517003	0.685072045351924	-5.72131940638336
ENSG00000248206	0.68940062496151	-3.33233000426233	0.832830269160772	0.423964638939626	0.685072045351924	-5.52960244775771
RAB9A	-0.234394796626534	5.41041116660332	-0.832729651149291	0.42401884608338	0.685072045351924	-6.52519219676958
ENSG00000257175	0.349476713657325	-1.44352689285136	0.832700795211006	0.424034392849478	0.685072045351924	-5.70936990210919
RIMKLB	-0.190928823486895	6.31885371291756	-0.832655072587194	0.424059027696659	0.685072045351924	-6.58318042000365
ENSG00000240497	0.44240364227905	1.6330180281058	0.832630153655508	0.424072454149131	0.685072045351924	-6.04441514162459
ENSG00000300910	-0.428668152547529	-2.3429509696461	-0.832583325969614	0.424097685929303	0.685072045351924	-5.61985823035175
ARFIP2	-0.226549385783377	5.45839411066211	-0.83247958568293	0.424153587064283	0.685115976073581	-6.52927968482886
TCEA1P2	-0.272498676661598	6.94162012451399	-0.832358474109385	0.424218855111296	0.685175029772031	-6.60969842695187
ENSG00000277767	0.405753264678981	-2.31452155130814	0.832151260879443	0.424330539754777	0.685283176292569	-5.62289641198645
POMT2	0.21062094781561	5.39673014092641	0.832077283333473	0.424370417275226	0.685283176292569	-6.52461986137222
SF3B5	-0.292571229812494	6.16733035360177	-0.832074438877747	0.424371950626563	0.685283176292569	-6.57597370445572
SLC3A2	-0.219648321346515	8.65527487923011	-0.831949453181963	0.424439329936159	0.685299556987306	-6.66103136776269
SESN3	0.450517604979454	6.65385146656644	0.831900954685698	0.424465477229723	0.685299556987306	-6.59881365460649
PHAX	-0.210443278973214	5.85254828432758	-0.831895840710913	0.424468234421726	0.685299556987306	-6.55790361954587
MTOR	-0.224662646955786	7.34739807717358	-0.831741995513399	0.424551185473162	0.685387117403136	-6.6243931888821
LETM1	-0.248821148071824	5.98214184775291	-0.831613221916011	0.424620626680804	0.685387922968405	-6.56607282847045
TPRKB	0.16545156030166	4.75575200803249	0.831610017170596	0.424622354938417	0.685387922968405	-6.46186013805132
RBM25-AS1	0.34658700604604	-1.72621485553497	0.831581311851363	0.424637835376621	0.685387922968405	-5.68114105011548
CISD3	-0.240455710123707	3.07597858088133	-0.831423279508918	0.424723067148744	0.685479134679408	-6.23113037619431
OARD1	-0.172717270893656	5.50827820655112	-0.83136961782697	0.424752011186976	0.685479494962442	-6.53412773486949
HNRNPD-DT	0.441992291581515	-0.274074955497165	0.831198838894234	0.424844134765655	0.685581809631636	-5.8367609220279
NHLH1	0.489666141760719	-0.196934171508136	0.830614707530467	0.425159335432989	0.685967461361753	-5.84549914767917
ATG16L2	-0.543506800173209	2.99044855264	-0.830605005615561	0.425164571970651	0.685967461361753	-6.21974090967136
MAP4	-0.13764144383385	8.58542070413292	-0.83058914153477	0.425173134585808	0.685967461361753	-6.66048746880598
ENSG00000286342	-0.594751274172474	-1.4397462284852	-0.830538146981263	0.425200659609854	0.685967461361753	-5.71150873754415
ENSG00000228187	0.362344155383901	0.651832917666437	0.830489676643999	0.42522682326422	0.685967461361753	-5.93620060882513
ENSG00000280378	0.744924002427664	-3.87799741582686	0.830278346393134	0.425340909227028	0.686079392560314	-5.48490764412952
RPL39	0.494481335658548	3.19657298999854	0.830254654360656	0.425353700578832	0.686079392560314	-6.24929172793522
TMEM220-AS1	0.240240192959975	2.60522539193768	0.830033837645893	0.425472932187273	0.686225332647225	-6.16749417234967
DLEU2	0.288330205749721	2.43177205909966	0.82961814468304	0.425697449646052	0.686495706797323	-6.14504639467293
NPIPB13	-0.851820718394228	-1.84600927831269	-0.829596455584838	0.425709166202632	0.686495706797323	-5.67063313971443
ENSG00000258734	0.311728272458258	2.14665105585232	0.829549850630447	0.425734343159764	0.686495706797323	-6.10889249767729
CARS1	-0.247041181844412	6.91988828763616	-0.829510461222064	0.42575562291088	0.686495706797323	-6.61130043717401
NFIX	-0.637388125484018	-1.65305563705069	-0.829371174796117	0.425830876806032	0.686500715874042	-5.69037739272925
ENSG00000310458	0.484844214286063	-1.2423828464014	0.829320263442901	0.425858385505861	0.686500715874042	-5.73327279046074
ENSG00000261242	-0.678897709315131	-3.65367974613227	-0.829211042661266	0.425917404304613	0.686500715874042	-5.50465573284379
SREK1IP1	0.248878315146476	5.54186569162835	0.829184901457286	0.425931530842649	0.686500715874042	-6.5385541284996
ENSG00000289401	0.858430692636315	-3.35687450715735	0.829133925600287	0.425959078772969	0.686500715874042	-5.53035051257072
ENSG00000291149	0.786908752921316	-3.84149911761423	0.829125725805923	0.425963510146515	0.686500715874042	-5.48885163995603
TRADD	-0.518877076671899	-2.57259606285608	-0.829095658775596	0.425979759385348	0.686500715874042	-5.60109379496798
ENSG00000303159	0.520876627879455	-2.87865805417763	0.829078859926152	0.425988838232478	0.686500715874042	-5.57300975951911
SAFB	0.234187890302302	6.94619037410179	0.828990247113972	0.426036730699159	0.686531540854556	-6.61271969610138
H6PD	-0.259663408988534	5.23750287246143	-0.828742981367021	0.426170389277639	0.686700559066257	-6.51363817586222
TMEM80	-0.195823073306983	3.48362894003071	-0.828580530811985	0.426258216657879	0.686781784260876	-6.29228560359837
LSM14A	0.148897666680806	7.80285460753176	0.828523333338423	0.426289142834487	0.686781784260876	-6.64124904515298
NEDD4	0.197643039014496	4.64811789231833	0.828490078327671	0.426307124222771	0.686781784260876	-6.45188327835248
DPF1	0.301303826827701	3.56551783853363	0.828414944590939	0.426347751823438	0.686800876941819	-6.3043011884365
SLC37A3	-0.138253191367657	5.79157260190551	-0.828179329408766	0.426475174570083	0.686959775356966	-6.5571337133769
ZNF556	-0.618173322256196	-4.43609307780562	-0.828024935014726	0.42655868628019	0.687047925863767	-5.44645975130322
PRLHR	0.917631250895657	-1.667655107568	0.827916485808317	0.426617352870851	0.687077544974163	-5.6900499504949
CATIP-AS1	-0.554734353687371	-2.44349934789452	-0.827851085117106	0.426652734592906	0.687077544974163	-5.6141365705017
NT5C3B	-0.147599942287897	5.66262875349275	-0.827831299823589	0.426663438809321	0.687077544974163	-6.5485708515667
LINC01465	-0.417981005714743	-2.20084559429558	-0.827678172317293	0.426746289774445	0.687122274786689	-5.63732462165912
RNF141	0.159378193455452	5.62067101386043	0.827673543258963	0.426748794534842	0.687122274786689	-6.54572621979809
MFSD2B	-0.778594541463797	-0.48708768932866	-0.827520643505775	0.426831533378567	0.687200536466483	-5.81673537798866
AKAP17BP	-0.507352801508419	-1.38354703434586	-0.827473750617415	0.426856910747102	0.687200536466483	-5.71984763020098
ARF5	-0.198478617700614	6.77686248452778	-0.827383713257773	0.426905639766099	0.687200536466483	-6.60759865600273
PSMC1P1	0.204013322362023	6.77419867753195	0.827370905157393	0.426912571927286	0.687200536466483	-6.60750362527196
ENSG00000309351	0.789609058786535	-2.94222312434262	0.827267882239548	0.426968334035804	0.687243945807428	-5.56867891741049
ENSG00000307921	-0.445972909511959	-2.63869210795919	-0.826979476516027	0.427124462311185	0.687448886774635	-5.59663974685974
TRANK1	0.596853206471629	4.35775762422179	0.82670464863047	0.427273275889087	0.687626615568848	-6.41713362344193
ENSG00000286529	0.578440806248264	-0.470607086520936	0.82666913194827	0.427292509971994	0.687626615568848	-5.81922237476084
TRIAP1	-0.196592964464817	5.24289362389269	-0.826384385016339	0.427446735868106	0.687828428058528	-6.51611411791771
MRPS25	-0.262218050436664	4.67178881166571	-0.826246437553686	0.427521465015091	0.687902299299883	-6.45660377666666
LINC01619	0.607059339447287	-3.40128014398369	0.825887369300526	0.427716021216564	0.688168954993646	-5.52900499826396
ENSG00000233558	0.530339479071682	0.35641146226665	0.82576355897997	0.427783119907361	0.688203441192658	-5.90835918841396
ENSG00000261096	-0.506852619268323	-2.52721578420365	-0.825690718711365	0.427822598805943	0.688203441192658	-5.6080077346901
MLEC	-0.221596928947443	8.88233665038592	-0.825688207047522	0.42782396015316	0.688203441192658	-6.67169118307827
LYPD6	-0.28943533574171	2.99803305250927	-0.825581050449053	0.427882042820087	0.68823961988101	-6.22500095695069
ENSG00000231421	-0.576160529864953	-4.2476493207934	-0.825496032513895	0.427928129310903	0.68823961988101	-5.45912041739089
ENSG00000273951	0.632926102828701	-4.00486952627418	0.825455831348046	0.427949922703252	0.68823961988101	-5.47811073091257
PIK3IP1-DT	-0.724625255123429	-3.8030080129342	-0.825385970101373	0.427987796847184	0.68823961988101	-5.49497599356475
SPANXA2-OT1	0.412676596878902	-2.53829038978412	0.825308028108647	0.428030054489613	0.68823961988101	-5.60727746530976
PARG	-0.162379628951884	5.97747721298669	-0.825294209883156	0.428037546579167	0.68823961988101	-6.57113661144881
NPM1P26	0.802370212356118	-2.65933065358032	0.82524559356169	0.428063906511768	0.68823961988101	-5.59609867466649
EIF4A2P4	-0.471428592474109	-0.204859685816149	-0.825221183060478	0.428077142377911	0.68823961988101	-5.84904703725949
NSUN5P2	-0.343698059709692	4.34959950398444	-0.8250257359781	0.428183127623126	0.688309183739942	-6.41747590875382
ZNF799	0.247273776577147	1.76984280879995	0.82500595282239	0.428193856431202	0.688309183739942	-6.06685352317281
CAMK4	0.246516805205529	3.40910117260336	0.824949936854256	0.428224236008742	0.688309183739942	-6.28442655132098
SCN1A	-0.396287656853321	1.46985649002651	-0.824883146923232	0.428260460602355	0.688309183739942	-6.03189729354117
ENSG00000264015	0.285048397229011	1.14148446270256	0.82487550189586	0.428264607136973	0.688309183739942	-5.99462750460143
COQ5	-0.145011160957436	5.52055952739424	-0.824552682911732	0.428439723302454	0.688544264767334	-6.5408159473449
AFF1	0.198232055224336	6.38283610665377	0.824435764765754	0.428503158477523	0.688599844019865	-6.59316500212996
SP5	-0.741712813526356	0.90127785324421	-0.824375632240684	0.428535786465351	0.688605912311893	-5.96839096133967
ENSG00000295785	0.628372067186195	-3.09233355822	0.824030291563039	0.428723201012591	0.688792991100398	-5.55772700810885
MIR8075	-0.981339234857578	-2.9011064527309	-0.82401957501965	0.428729017702083	0.688792991100398	-5.57494743033442
FAT1	0.313393225050396	7.53001632378983	0.824001572908646	0.428738788946558	0.688792991100398	-6.63679393906538
SLC36A2	-0.704210317228561	-4.20104005364784	-0.823748580843396	0.428876124587104	0.688899302124456	-5.46359418667937
SUPT4H1	-0.497970439312164	-1.56519459664708	-0.823711922963288	0.428896026601919	0.688899302124456	-5.70394838809401
PRXL2A	0.182553613409112	6.47037144262505	0.82368698641109	0.428909565316954	0.688899302124456	-6.59782836611769
ENSG00000224785	0.659285149091318	-2.20936606794001	0.823666996545382	0.428920418551532	0.688899302124456	-5.63968669296733
ENSG00000309649	0.527083321202373	-3.6956582064594	0.823557782697002	0.428979718021813	0.688948181819973	-5.50546481591759
ZNF474	-0.732952424041529	-4.01011228520353	-0.823457363251448	0.42903424727102	0.688989394403003	-5.47921507281015
ZNF487	-0.310223475564193	0.891837408308047	-0.823310724576769	0.429113882586739	0.689070916752856	-5.96822544718816
DDX24	0.152503559851844	7.68398096458216	0.823138400707063	0.429207479456899	0.689174846084352	-6.64225650993178
PRKXP1	0.912580655058439	-3.464444873639	0.822894061509883	0.429340214534022	0.689307180524986	-5.52583540091997
ENSG00000298387	-0.620387700160578	-2.47161518852742	-0.822880361650981	0.429347657673123	0.689307180524986	-5.61542102722479
TRAPPC14	-0.297522220121673	3.65714991448823	-0.822763298300052	0.42941126176401	0.68936292355698	-6.32240157829793
ENSG00000258417	-1.68050108043558	-2.1447853658558	-0.822669383713996	0.429462292984719	0.689398476369807	-5.64669478512147
OSBPL7	-0.319369485020712	2.39471371421298	-0.822559321862432	0.429522103458365	0.689421633590939	-6.14611229032152
MITD1	0.201369611361097	4.80436339930689	0.822505064313251	0.429551590474062	0.689421633590939	-6.47499380803058
PANX2	-0.286630646791726	3.2103114719451	-0.822483377668864	0.429563376759997	0.689421633590939	-6.25774227224804
GS1-24F4.2	0.585393187923131	-1.18488070354365	0.822308550808182	0.429658399797986	0.689527772187906	-5.7450231367328
ENTPD7	-0.262547783537721	3.96044233405321	-0.822218388120233	0.429707411109731	0.689559547999785	-6.36650671876011
CRCP	-0.169928920583656	4.95750819220998	-0.822165828760623	0.429735983447807	0.689559547999785	-6.49184121362471
ENSG00000298385	1.1304638377805	-2.80444971637456	0.822112617443531	0.429764911498409	0.689559606234119	-5.585235608093
PCBP1-AS1	0.217328163980651	3.08722452166113	0.82188179384748	0.429890412610191	0.689714605926824	-6.24068580286093
CCDC8	-0.27922370452768	4.97398009461207	-0.821621775000373	0.430031816841747	0.689895097974186	-6.49401000772794
OSCP1	-0.276516549764231	1.53838772864836	-0.821510579566617	0.430092296974734	0.689945748883988	-6.04257947680117
PRKAR2B	0.202171289529991	5.77346635311619	0.82144900354142	0.430125791141289	0.689953105529211	-6.56158148017723
FECH	0.197516566971735	5.37797288241206	0.8213487063648	0.430180351343016	0.689980821128126	-6.53206507625385
HS3ST1	0.278332547917827	0.579514664983238	0.821299884273596	0.43020691152385	0.689980821128126	-5.93592469812833
TMEM147	-0.255026844737571	6.41504558772092	-0.821246558489011	0.430235923055991	0.689980821128126	-6.59733712188992
KDM5C	-0.241226212596133	7.76878451913677	-0.821177892706133	0.430273282137615	0.689980821128126	-6.64642861111872
COL9A2	0.347561794943933	3.29965010468857	0.821131676766002	0.430298428125684	0.689980821128126	-6.27174476912125
ANKRD28	0.191968406019917	6.26785303293258	0.82109841598133	0.430316525851266	0.689980821128126	-6.59038751360312
ENSG00000298580	0.631559506671414	-4.39158886340742	0.820937991952234	0.430403822283032	0.690060385993486	-5.45421417963495
ENSG00000297724	-0.704429712303596	-4.17810106726258	-0.820900964007216	0.430423973112877	0.690060385993486	-5.46744174957501
HCCS	0.243571186166571	4.91720773630576	0.820824097572091	0.430465806302125	0.690081098805267	-6.4887693853404
ARPC5L	-0.172364296131953	5.46641148222704	-0.820705847504932	0.430530167104441	0.690093962557825	-6.53981456721401
ENSG00000260563	0.446770938728507	-0.140369799945988	0.820703106806889	0.430531658879877	0.690093962557825	-5.85959603317984
GSN	0.418723475812047	6.37661398881867	0.820553091603035	0.43061331816542	0.690178501420595	-6.59612611410995
RPS15AP1	0.92097479261521	2.37520750369811	0.820491880510848	0.430646640789487	0.69018521172757	-6.14531240937217
SKIC8	-0.217594816806637	5.60962920956615	-0.820431339542079	0.430679600301558	0.69018521172757	-6.55099704989748
IL17RA	0.210231675408682	4.03450873481301	0.820386048237194	0.430704258745147	0.69018521172757	-6.37847322415692
NRBF2P6	0.412741796148901	-2.23210975583616	0.820132921874801	0.430842088492097	0.690359726488142	-5.64029398547209
LRRC37A11P	-0.657306545117034	-1.50187010607212	-0.820002546929743	0.430913090408494	0.690427143446531	-5.71346652714924
CRELD2	0.274793630568541	4.23787828398406	0.819823006713004	0.431010880424995	0.69053746949744	-6.40690984273569
SUCLA2P1	0.81739829344221	-2.56813507683114	0.819747585922432	0.431051964225384	0.690556935841538	-5.6088708972796
TCF7L2	0.221324273281605	5.55116313856276	0.819657582442979	0.431100995045992	0.690566756407665	-6.54726869820546
ZNG1C	-0.292964560208235	0.303896392261572	-0.819630109283207	0.4311159622271	0.690566756407665	-5.90775500629119
ENSG00000301056	0.638332384935536	-2.59680753332693	0.819492612458277	0.431190874731516	0.690598967831499	-5.60640564488769
LINC02983	-0.59929398394872	-3.00878069055846	-0.819486982657318	0.431193942205765	0.690598967831499	-5.56876161125069
PHLDA2	-0.62922134904292	1.92886382760371	-0.819333480123805	0.431277585783772	0.690686582560644	-6.09058663028065
RAB15	-0.304069538699825	6.09261405168347	-0.81918382039391	0.431359145851167	0.690733145278014	-6.58279801716534
TUSC2	-0.239064160460435	4.96200526002526	-0.819173918829311	0.431364542270449	0.690733145278014	-6.49480807830888
OTUB1	-0.206061598968605	6.80850388623564	-0.818659307834256	0.431645070793246	0.69108348739892	-6.61617120914808
ZNF689	-0.185957011404695	4.72642435879962	-0.818617301061592	0.431667975210079	0.69108348739892	-6.4694106909919
ENSG00000261342	-0.34026329332489	0.830517365623638	-0.818613223424659	0.431670198606574	0.69108348739892	-5.96533753904181
PLOD2	0.417539453197165	6.28992589535046	0.818423511027331	0.431773650766739	0.691198257533686	-6.59372427187191
ENSG00000238035	-0.566670931235934	-1.54682923069391	-0.818375548061888	0.431799808096001	0.691198257533686	-5.7100963282251
LINC03098	-0.721794826271045	-4.00758653113246	-0.818128107985007	0.431934770093695	0.691367926887951	-5.48350555100837
BMS1	-0.17769454215867	7.15467362566983	-0.817980751872739	0.432015156363967	0.691448851077198	-6.62946005238742
ZNF295-AS1	0.510882838595748	-1.55633633826252	0.817929221761037	0.432043269623926	0.691448851077198	-5.70946677848804
GNB1-DT	0.583128989837183	-2.10392810546266	0.817756609090473	0.432137450736087	0.691491094531929	-5.65454287391183
CCDC32	0.21287848508821	3.19039631257591	0.817729390156316	0.432152303210854	0.691491094531929	-6.25883059158367
ATG9A	-0.209606944992636	5.36994336210745	-0.817721547079796	0.432156582982287	0.691491094531929	-6.53441035382901
ENSG00000259223	-0.796835105021498	-1.19547803065411	-0.817518619390258	0.432267325398759	0.691621925004504	-5.74771919213987
FABP6	-0.283856522247004	0.496998814873551	-0.817396809174197	0.432333809193993	0.691681929483378	-5.93021332276588
ENSG00000251204	0.362784233272999	0.430019741654716	0.817313005425127	0.432379553089421	0.691708746805095	-5.92310119820113
NECAB1	-0.906190855784562	2.74047863392291	-0.817243061317322	0.432417734234638	0.691718955422669	-6.19628916449114
GOLGA8H	-0.419833159773062	0.512648131693447	-0.817195132690203	0.432443898850365	0.691718955422669	-5.9320602665813
ENSG00000291067	0.245224739854648	1.4933729349707	0.817073036957215	0.432510556646163	0.691775804381446	-6.04101434157237
TARS1	0.190110747717481	8.82162930707257	0.817023856498676	0.432537408504811	0.691775804381446	-6.677547969695
PPT1	-0.16830341721367	7.77663061684399	-0.816843177814815	0.43263606614435	0.691887227999678	-6.65028617142186
SEPTIN5	-0.720811927315604	-1.26364857040159	-0.816766707395777	0.432677826508665	0.69190765060518	-5.74107579514271
MINDY1	0.22421629218726	3.56649096613658	0.81660481343195	0.432766245393289	0.692002678467214	-6.31427456909965
EXO5-DT	0.475155584457368	-1.44907239949694	0.816522647080428	0.432811125407018	0.69202807865541	-5.72173794241329
FN1-DT	0.410366872641184	-1.66366884631033	0.816427115574601	0.432863309491919	0.692065153245152	-5.69960264406101
NMB	-0.340839374348699	2.82349076824791	-0.816199758607501	0.432987520106104	0.692217371717622	-6.20849366891557
NPFFR1	0.811674430116947	-3.31440323114851	0.816036257598125	0.43307685935121	0.692313824657424	-5.54424445873053
ENSG00000227726	0.680524222865053	-3.63243365569805	0.815892547092466	0.433155394933089	0.692392995168979	-5.5167577059003
ENSG00000261732	-0.7749081542058	-3.46168682095654	-0.815683885056963	0.433269442423309	0.692447433016539	-5.53164222312025
ENSG00000232906	0.402360929016891	-1.2089901402927	0.815639825999782	0.433293526146822	0.692447433016539	-5.74777353199548
KHDRBS3	0.185018868297458	4.75514282266076	0.815625593685066	0.433301306057549	0.692447433016539	-6.47517778172522
ENSG00000280057	0.362668437258644	-1.30586437394079	0.815617918152312	0.433305501826874	0.692447433016539	-5.73750641887729
OGFRP1	-0.484842444103917	0.819812444395127	-0.815526932394983	0.433355240534778	0.692452460771694	-5.96667656104463
ENSG00000308663	-0.623190110484939	-4.15211350502099	-0.815506018569402	0.433366673924113	0.692452460771694	-5.47366142428543
MIR6739	0.561315525736693	-4.10681817514174	0.815418494040368	0.433414524931621	0.692482559013456	-5.47742092184247
ENSG00000279108	0.596667169126342	-3.1788845313184	0.815315428528431	0.433470876947124	0.692526234694224	-5.55678317141264
RNY4P19	0.439028911063939	-3.16330643076109	0.815249425762313	0.433506967129775	0.692537535775525	-5.55821922431452
SBDS	0.226385659608417	4.9192312877135	0.815101690959749	0.433587755484061	0.692553690097666	-6.4937484112623
KCNQ3	0.324089380440088	2.44626004007909	0.81509383359662	0.433592052541501	0.692553690097666	-6.15894055330964
ELAC1	0.298427886253976	2.55196214391647	0.815053723082479	0.433613988737353	0.692553690097666	-6.17283903316122
PSMD12	0.231451932774629	6.83597983268214	0.815018691204156	0.433633148062996	0.692553690097666	-6.62027726416155
IFT172	0.261845900539611	4.02225632075283	0.814795024146477	0.433755487369183	0.692661759881247	-6.38141092374868
LINC00526	-0.311024780530665	1.79420085731409	-0.814760610375725	0.433774312730662	0.692661759881247	-6.07816797690064
RPL7P57	-0.764038668711057	-3.22939184948123	-0.814686918446691	0.433814626249185	0.692661759881247	-5.55278758312998
BBS10	-0.187718756748568	4.44806382008857	-0.814666747642594	0.433825661217966	0.692661759881247	-6.4387358109004
ENSG00000230303	-0.531797608125571	-0.759075846696898	-0.814629711725574	0.433845923176971	0.692661759881247	-5.79739082149682
C1DP1	0.247092785199715	2.81343858146017	0.814550984092691	0.433888996327004	0.692664201516044	-6.20846691626269
HSPE1P4	0.854880832300326	-1.70148145359488	0.814520827638823	0.433905496160656	0.692664201516044	-5.69724321016169
FZR1	-0.270355340295638	5.41441145650522	-0.814317834931742	0.434016572674212	0.692772857119738	-6.5409619273689
SLC43A3	-0.245737609663627	3.6928819035256	-0.814240254209102	0.434059029426974	0.692772857119738	-6.33464304952287
C15orf61	-0.502116059926288	1.16701492104039	-0.814214929792733	0.434072889041692	0.692772857119738	-6.00619986234019
SUMO1	0.30441370763426	7.84771379418913	0.814142874599578	0.434112325213392	0.692772857119738	-6.65462188314122
ARRDC3-AS1	-0.45912496580272	-0.582287791919212	-0.814131239803055	0.434118693220044	0.692772857119738	-5.81714570898294
RAD23A	-0.18204889269201	6.65292192157482	-0.814057794617883	0.434158892988586	0.692790686565393	-6.61375268937193
PPID	-0.219732243470409	6.2419351686331	-0.813885467002876	0.434253225172674	0.692874628551028	-6.59508636813781
VPS25	-0.15035100349086	6.41526298719026	-0.813855630330242	0.434269559160968	0.692874628551028	-6.60351417394208
ENSG00000248569	0.250874205009009	3.9198885521921	0.813794693022262	0.434302920360276	0.692881537449111	-6.36771663386944
CFAP20DC	-0.215337230381659	3.45170705649306	-0.813715070355622	0.4343465137578	0.692894322952127	-6.29997170939177
INO80C	-0.174413972578876	4.36484902720641	-0.813647771297191	0.434383362252712	0.692894322952127	-6.4289408812004
ZFHX3-AS1	0.224826060992228	3.08106241753728	0.813620985709656	0.434398028840352	0.692894322952127	-6.24663385125785
ENSG00000203900	-0.838617032698926	-3.02452442594517	-0.813508800217413	0.434459460170216	0.692945999457535	-5.57198213980611
ENSG00000226239	-0.456635371733876	-0.208007587963538	-0.813127137893192	0.434668496827291	0.693233078100699	-5.85847478412222
ABHD15	-0.27929196787211	2.23506751144448	-0.812977027347221	0.434750730784242	0.693297025657286	-6.13362237931372
FAAP24	-0.250015578481066	2.41109773444713	-0.812947898003222	0.434766689697599	0.693297025657286	-6.15613259807941
SOD1-DT	-0.551496757488146	-3.2588422465335	-0.81266457497895	0.434921932456578	0.693474546988684	-5.55173983998062
MAN1A2P1	-0.459544746131229	-1.29254039522467	-0.812638676601913	0.434936124937093	0.693474546988684	-5.74128100464998
ITGB1	0.198283052174611	8.75680015125964	0.812563213623969	0.43497748090038	0.693494157424808	-6.67974280539813
STAT3	-0.174585857191914	7.19690331871818	-0.812431693418394	0.435049564147363	0.693562751152569	-6.63554201847899
ABHD14B	-0.255541086207513	3.07222659575536	-0.812334648084941	0.435102757590357	0.693601223310783	-6.24643514117989
ENSG00000300428	-0.282638465048494	0.106807653936378	-0.812201928822614	0.435175511979609	0.693633327638599	-5.89278462345026
TM2D1	-0.204736790756936	3.19402262215051	-0.812191878297736	0.435181021831834	0.693633327638599	-6.26391325262076
ENSG00000287787	0.385679101650276	-1.45319092394357	0.812038926215306	0.435264878238419	0.693643306892946	-5.72485554994895
ENSG00000253194	0.511927051297049	-3.30982211754859	0.812018958154831	0.435275826576096	0.693643306892946	-5.54774006963346
CYP4A22-AS1	-0.479839359378415	-0.627070520630136	-0.811988674867195	0.435292431024766	0.693643306892946	-5.8139391030301
DYNC1LI1	0.135651221280239	6.43500826817768	0.811968425270014	0.435303534195439	0.693643306892946	-6.60599706933526
ARHGEF2-AS2	0.464614085705973	-0.753448029571326	0.811782068466798	0.435405725382917	0.693733439939941	-5.80027969628549
GALNT9	-0.62938712231818	-0.232956573324107	-0.811759264261347	0.435418231461864	0.693733439939941	-5.85690033400552
ANKRD61	0.510508564427135	-3.2020305288673	0.811446646669693	0.435589698484382	0.693940611883617	-5.55770971546961
BASP1	-0.273827559793332	7.19626196186306	-0.811412203458243	0.435608592919338	0.693940611883617	-6.63636606914341
LSS	-0.34015720577543	7.73273962497099	-0.811359881487971	0.435637296106838	0.693940611883617	-6.65355248529475
ENSG00000273485	0.468525793345882	-2.55493240707404	0.811310179551505	0.435664563140073	0.693940611883617	-5.6166840063857
KRT18P38	0.744604181979883	-1.7846779545384	0.811197848358552	0.43572619345551	0.693992463076588	-5.69139853250754
ENSG00000272843	-0.716680193023262	-3.61898659015065	-0.811040257975534	0.435812664911225	0.694083869840931	-5.52162270264943
ACSS3	-0.165576384578589	4.97569223005654	-0.810952394091408	0.435860881673602	0.694100836484815	-6.50305895486241
ARL6IP6	0.227634323347909	5.76256603452959	0.810914856251586	0.435881482265656	0.694100836484815	-6.5696204800855
KPNB1-DT	0.263580154407247	0.849908401797262	0.810789103964445	0.435950499249362	0.694164424950599	-5.97380587319398
DOK3	0.317351056532002	1.98807365552263	0.810601888324132	0.43605326278668	0.694281736019326	-6.10493669694654
ENSG00000290823	-0.396799044963181	2.00770924454501	-0.810454230833972	0.436134324019051	0.694364479445181	-6.10745576739757
CRIP2	0.505235868043857	3.10742772800716	0.810202632910819	0.436272469680214	0.694528486859182	-6.25319420422133
KRT8P10	0.80533712779904	-1.598654726922	0.810115598110646	0.436320264914478	0.694528486859182	-5.71127299603465
LACTB2-AS1	0.703232823766955	-3.44127289382755	0.810082871134232	0.436338237860712	0.694528486859182	-5.5377142821658
SSR4P1	-0.40337869066402	0.134511437794409	-0.810017521477377	0.436374127946825	0.694528486859182	-5.89748740932969
ACTRT2	0.621751245121573	-4.03937497435828	0.810001662938515	0.436382837765127	0.694528486859182	-5.48706284250231
TAX1BP3	0.401348298712711	0.727875238629278	0.80984555830695	0.436468579627832	0.694618629724442	-5.96125984372187
CDH5	1.02079071126811	1.06642884280116	0.809624622212742	0.436589949864302	0.694698748163593	-5.99867591960924
OXA1L-DT	-0.396069932055565	-1.47268205602864	-0.809617197371767	0.436594029055893	0.694698748163593	-5.72472804291802
ENSG00000297638	-0.33441635686586	-0.218237215994799	-0.80956105676637	0.436624873401997	0.694698748163593	-5.86023560642472
ANKS4B	-0.512336736613606	-1.9994277417031	-0.809518986651919	0.436647988193549	0.694698748163593	-5.67124385502039
RAD51AP1	0.131385554599524	5.93421371589534	0.809489011589451	0.43666445803621	0.694698748163593	-6.58172663897632
GXYLT2	-0.355847619106054	2.01418488501977	-0.809396703631455	0.436715179370829	0.694733132443083	-6.10910835974921
PIK3CA	0.184386375281785	4.29401652027339	0.809286276266368	0.436775862085357	0.69474739623169	-6.42315477351551
KLHDC8A	-0.459587846774812	1.8279957267793	-0.809254144326076	0.436793520474743	0.69474739623169	-6.08668774766707
GOSR1	0.161655042692064	5.93358885500255	0.809161660296471	0.4368443485278	0.69474739623169	-6.58195946814978
RWDD3	-0.381700319182855	0.393014192821824	-0.809078606870438	0.436889996985069	0.69474739623169	-5.9257858009024
ENSG00000285804	0.636544760865369	0.79267789936669	0.809066769278248	0.436896503510441	0.69474739623169	-5.96893887570297
FAM185A	0.24365465280191	2.30796287776434	0.809062590411294	0.436898800437484	0.69474739623169	-6.14607061318991
MSMP	-0.460974959549855	-2.2324841507489	-0.808974947607194	0.436946975419845	0.694777712348131	-5.64899794715245
TCF4	0.16777905591401	6.69701285506485	0.808746989284242	0.437072294717555	0.694890809908968	-6.61996304035744
ENSG00000301801	0.680889306696142	-4.02221610426499	0.808739644391897	0.437076332943119	0.694890809908968	-5.48943215313068
CLTRN	0.44244281765096	1.71866493685166	0.808526391605671	0.437193590225066	0.695030934383644	-6.07426888026606
KBTBD11	0.198940807578057	4.1678957493746	0.808380863732279	0.437273620864876	0.695111862873451	-6.40689520449745
ENSG00000299047	-0.728186773036267	-2.82878666700981	-0.808033450577537	0.437464714246252	0.695195027818443	-5.59395013920513
ENSG00000226266	0.347131411337398	-0.684633072661496	0.808027858314069	0.437467790703839	0.695195027818443	-5.81078185024693
KCNJ10	0.368339439377224	1.40191438017334	0.807997982347909	0.437484226535658	0.695195027818443	-6.03787076947641
ENSG00000304934	-0.609592530661353	-3.40511983532106	-0.807883556732815	0.437547179924143	0.695195027818443	-5.54255025292389
ENSG00000242553	0.513450495379882	-2.0691020034844	0.807865846978442	0.43755692381284	0.695195027818443	-5.66569531965207
YES1	-0.12261352715628	7.21354531248213	-0.807863227701031	0.437558364948798	0.695195027818443	-6.63989125980548
MAD1L1	-0.735305758399346	-3.70387494649678	-0.807843958816815	0.4375689668557	0.695195027818443	-5.51680428212867
CHMP4BP1	0.647544659999455	-2.20865829417289	0.807786184680906	0.437600755706226	0.695195027818443	-5.6522136863794
MYO1A	-0.492874136864834	-2.59141880913902	-0.807749451261426	0.437620968196823	0.695195027818443	-5.61604654873338
LINC02878	-0.476376021509569	-0.674168663345688	-0.807686400910294	0.437655662969256	0.695195027818443	-5.81219827178886
KNDC1	-0.315673551162482	4.9651798128241	-0.807654753099223	0.437673078525524	0.695195027818443	-6.50468578664365
ENTPD5	0.220590123110832	3.58188453080692	0.807650403875952	0.437675471906814	0.695195027818443	-6.32389001781971
FAM157C	-0.30823132899107	-0.404705090870543	-0.807577485405214	0.437715600295775	0.695195892786001	-5.84172878148356
ENSG00000286835	0.407043758674162	-2.52896216139821	0.807510475755369	0.437752479101107	0.695195892786001	-5.62205413593785
HSD11B2	0.232324881960732	4.72766155059394	0.80748947186362	0.437764039030822	0.695195892786001	-6.4787670731752
SYNGR4	-0.587713781472639	-3.00478974018846	-0.80742170457985	0.437801337547792	0.695195892786001	-5.5784499816278
EIPR1	-0.153555585537371	5.1072217148939	-0.807376387873031	0.437826280639812	0.695195892786001	-6.51921382276897
H4C11	0.565669021000883	-0.293703535278984	0.807292361127555	0.437872532892711	0.695195892786001	-5.85394109816172
HFE	0.350471606886975	0.905597609457138	0.807254668693503	0.437893281624344	0.695195892786001	-5.98277480962367
ENSG00000279953	-0.696442088116414	-3.20431850112897	-0.807209580903555	0.437918102168209	0.695195892786001	-5.56075786778999
PGBD1	-0.222182680832773	3.45524276357033	-0.807173132109537	0.437938167680794	0.695195892786001	-6.30586284263887
SOX2	0.265150099574583	7.99438874587037	0.806791933630742	0.438148058670214	0.695414217985977	-6.66489336021488
ENSG00000304353	0.53008373614743	-1.68620257608428	0.806774595525409	0.438157606756659	0.695414217985977	-5.70489219205049
LPAR4	0.261826991115297	3.74825871585365	0.806719233266799	0.438188095649213	0.695414217985977	-6.34884655685981
ENSG00000305025	0.57215534804755	-3.96827979013496	0.806711690413697	0.43819224972938	0.695414217985977	-5.49542958237807
ZNF138	0.203340932052504	4.83657290696475	0.80664274917692	0.438230218988398	0.69542823381623	-6.49173868016585
TTC31	-0.185256176393677	5.26921493852243	-0.80646620350814	0.438327461126261	0.695536301755234	-6.53505037453874
STMN3	0.355357390679065	6.3823236211091	0.806092086092383	0.43853357388857	0.695817099321799	-6.60840848645902
NUDT5	0.207849423295878	7.00879912398298	0.805960602002572	0.438606027747226	0.695841037043514	-6.63425185553894
GUSBP1	0.281017614046191	1.95441424029371	0.80594009974199	0.4386173261622	0.695841037043514	-6.10461918287993
VARS2	0.634473224291595	-1.74073429592209	0.805905987357017	0.438636125290973	0.695841037043514	-5.70000664251536
DCST1-AS1	0.387052166986279	1.6896088865762	0.805642718800408	0.438781228944102	0.695981826273155	-6.0731792662764
C4orf50	0.599619549177626	-0.430581877588308	0.805639150195996	0.438783196041906	0.695981826273155	-5.84045343459872
HMGN2P21	-0.902401846333843	-2.0384643616384	-0.805481586233475	0.438870054784268	0.69607333848592	-5.67055551637128
GRIN2A	-0.367618323209576	2.82980177649343	-0.805231182769917	0.439008115663117	0.696215786870171	-6.21834240197028
GTF2H1	0.213190887359871	5.09987462233263	0.805204421168845	0.439022872471162	0.696215786870171	-6.52030111359126
IFIT1	0.383015942644956	2.30796522672952	0.805159978646061	0.439047379569403	0.696215786870171	-6.14924305273403
RRP8	-0.210027296393096	3.77617772665238	-0.805053872921069	0.439105893487241	0.69626231463327	-6.35426647151497
SMIM2-AS1	-0.328817074289995	-0.578458648964232	-0.804984163076498	0.439144339048461	0.696277017210498	-5.82484571487675
ITGB1BP1	0.167731056251276	4.22167296844655	0.804852816282276	0.439216783953883	0.69634562127191	-6.41710364645686
ENSG00000259562	0.474796180281141	-1.49405598422917	0.804713032485623	0.439293891010481	0.696379787644029	-5.72635003089903
AURKA	-0.144328985031061	7.06430939963794	-0.804678370124077	0.439313012728645	0.696379787644029	-6.63730103185034
EIF4A2P3	-0.623293956261935	-4.34187119929951	-0.804655069852863	0.439325866784939	0.696379787644029	-5.46914162928228
ENSG00000299666	0.815787806296447	-3.66035985640311	0.804422997638848	0.439453907600455	0.696440771974472	-5.52311141813692
FLOT2	-0.190739281304959	7.66961170180242	-0.804394739711717	0.439469499985099	0.696440771974472	-6.65741072245731
SRSF12	-0.269924479767091	3.66653491187259	-0.804383040338218	0.439475955665931	0.696440771974472	-6.3389316062722
COMMD7	0.197027962979336	5.28077832850333	0.804225889121295	0.439562677337914	0.696440771974472	-6.53790106577161
HNRNPH3	0.164744004754454	8.35042034314865	0.804215806829916	0.43956824149386	0.696440771974472	-6.67659832722982
ENSG00000227141	0.779468930382507	-2.5002951833446	0.804143360936393	0.439608223879375	0.696440771974472	-5.62733797278424
ENSG00000287254	-0.427401222943792	-2.23644315135278	-0.804117369333153	0.439622569050913	0.696440771974472	-5.65238977651732
SLC6A20	0.647349487359319	-1.62277268282056	0.80402044011	0.439676068531993	0.696440771974472	-5.71355606778876
ENSG00000288937	0.371028671670522	-1.17143977057059	0.803976868553535	0.439700118983828	0.696440771974472	-5.76100364103535
GARNL3	0.437787255563359	2.70191153430664	0.803973231668947	0.439702126496036	0.696440771974472	-6.2019191151603
ENSG00000289043	-0.448734358759921	-1.6609409300955	-0.803957246027907	0.439710950430407	0.696440771974472	-5.70968188672158
MRPS30	0.265857848804453	6.23175322233041	0.803868920792589	0.439759707300441	0.696440771974472	-6.60284648976885
DNAJC24	-0.210336597252424	3.81292564185234	-0.803797943462388	0.439798890454071	0.696440771974472	-6.3606434514354
ENSG00000300182	-0.871381973865748	-3.31229573063286	-0.803789902475088	0.4398033296401	0.696440771974472	-5.55381578879331
ZNF470	0.18176082023199	3.49593543726282	0.803738841288202	0.439831519669301	0.696440771974472	-6.31460470076546
PRDX3	-0.209172802336375	7.86407829936734	-0.80369357923212	0.439856509093961	0.696440771974472	-6.66374236843006
MARK2	-0.193801282033913	5.92746009405446	-0.803686529715335	0.439860401254585	0.696440771974472	-6.58610062392245
ENSG00000269958	-0.324626532578246	1.34881686121488	-0.803540636658665	0.439940956456157	0.696522109966109	-6.03539372321764
ENSG00000267215	-0.572235222774103	-4.12416475313255	-0.80332798390683	0.440058390650177	0.696661820751378	-5.48513465701493
AKAP9	0.448541917167637	4.92059098506915	0.80310195349412	0.440183235164073	0.696813243593614	-6.50379020453299
XRCC6P1	0.926419383369277	-2.02604822620638	0.803005269510499	0.440236644261601	0.696851571069878	-5.67369868647597
SLC25A27	-0.512828632709207	1.34770035930963	-0.802916878099797	0.4402854762147	0.69688264877089	-6.03576805519769
HLA-L	-0.398351345870986	1.21764387019348	-0.802852882698767	0.440320832793274	0.696892394978585	-6.02107064211341
MPHOSPH6	0.22675368979759	5.11306995072728	0.802666029939014	0.440424077107557	0.697006758954315	-6.52364096212548
ENSG00000231424	-0.601204458956167	-2.46492565737644	-0.802616405440063	0.440451499499266	0.697006758954315	-5.63183704425132
ZNF337-AS1	0.231620643623973	1.84009772156313	0.802314627710519	0.440618285512054	0.69721544468115	-6.0937503086118
LINC02428	-0.468569849607181	0.159873604610951	-0.80224251431746	0.440658147196726	0.69721544468115	-5.90640004094319
RAB3GAP2	0.18621391541943	6.63423087331409	0.802219246221569	0.440671009469776	0.69721544468115	-6.62275201091186
FAM81A	-0.345529563751922	-0.495398195799086	-0.802032840140207	0.440774061055244	0.697323645909905	-5.83625091944735
ENSG00000297047	0.529645490063976	-1.80406412640273	0.801989846666301	0.440797831560009	0.697323645909905	-5.69662838616402
ENSG00000297359	-0.581178416769019	-3.47888673887401	-0.801616077560715	0.441004519064592	0.697604378082887	-5.5408862144545
ENSG00000289447	-0.684341747622982	-2.65177927229085	-0.801434513500232	0.441104943768052	0.697685620682061	-5.61530707290283
KANSL2	-0.203864429812048	5.05373231695654	-0.801417522069266	0.441114342652713	0.697685620682061	-6.51887557611259
HPS5	-0.18229150228299	4.74521101717566	-0.801213335239614	0.441227299833917	0.697734259213043	-6.48593280216376
SCAND3	0.188838116546589	3.13791467623759	0.801140101440996	0.44126781779097	0.697734259213043	-6.26494086031665
RBBP4	0.180482248528405	8.58495050877297	0.801138722308853	0.44126858084496	0.697734259213043	-6.68503584573772
TLCD4-RWDD3	-0.894359384695125	-2.97448616283241	-0.801117022683549	0.441280587050346	0.697734259213043	-5.5860143068298
ALKBH6	0.332706050252991	0.651498325760344	0.801065392257917	0.441309154562172	0.697734259213043	-5.96001794575281
FNTB	0.304953098209783	3.08367936860569	0.801044887845426	0.441320500150002	0.697734259213043	-6.25727904206635
ABI2	0.187159817329815	7.81586320052745	0.800951151938814	0.441372368947856	0.697734971694173	-6.66458788073616
ARSB	0.178559323909491	4.53845642042476	0.80085895391216	0.44142339068363	0.697734971694173	-6.46150942445638
PRDM15	-0.200165796822679	3.59023101838608	-0.800788366396194	0.441462455946052	0.697734971694173	-6.33071023764037
CACNA1C	-0.418853866805287	0.801903991072457	-0.800698644523691	0.441512114031553	0.697734971694173	-5.9766582843929
ZNF470-DT	-0.408761404855601	-1.22173165176348	-0.800661259439101	0.4415328065257	0.697734971694173	-5.75822900370625
TMEM9B-AS1	-0.400200471214873	1.49365401938327	-0.800638342399126	0.441545491331604	0.697734971694173	-6.05435692442915
SNORD100	0.785707019461085	-3.0542744108702	0.800567924299105	0.44158446994356	0.697734971694173	-5.57923845770683
SIKE1	0.13989031218212	6.03670775058528	0.800531005431067	0.44160490659415	0.697734971694173	-6.59508884951801
TUBB2BP1	-0.768361296830627	-3.03870217903685	-0.800522252737824	0.441609751789063	0.697734971694173	-5.58067455787857
FAM193B	-0.303354013548784	4.77326397784352	-0.800487601544317	0.441628933861947	0.697734971694173	-6.48968713755976
GNGT1	0.467827503370017	1.0072482336803	0.800463045078821	0.441642528067368	0.697734971694173	-5.99945933069956
COQ8A	-0.71085059813745	-2.89361205866292	-0.800049805058481	0.441871334878761	0.698050248183174	-5.59416566802305
H4C9	0.326925802230691	0.914651858398828	0.799943347547715	0.441930291986101	0.698065910011965	-5.98963431577321
ARF1	0.178121428763102	8.56845982229702	0.799885386731594	0.441962393377687	0.698065910011965	-6.68565828900557
ENSG00000287836	-0.564538386067092	-2.91797020069104	-0.799873470320903	0.441968993429874	0.698065910011965	-5.59208567581571
PRR36	0.285438614160039	4.59309142064061	0.799788269286581	0.44201618497546	0.698094248730102	-6.46903536153676
ENSG00000306498	0.547673040520226	-2.42639750193444	0.799625777839733	0.442106195705218	0.698162795432152	-5.63777116335329
CPT1C	-0.28663006633535	6.13721142263667	-0.799604304619006	0.442118091513871	0.698162795432152	-6.60141666031176
ENSG00000270133	-0.490033443658103	-2.59282187673099	-0.799453064302989	0.44220188212161	0.698248913039793	-5.62230420522135
ACSS2	0.43381923028964	6.20327214426728	0.799305725227915	0.442283521418968	0.698331622499769	-6.60512997133969
ENSG00000280063	-0.782476900623079	-0.510722074785196	-0.799036160659688	0.442432910511672	0.69852128565073	-5.83694477335359
ENSG00000309618	-0.580470252615737	-3.1958213799787	-0.798732004358449	0.442601509807826	0.698741251130002	-5.56797410378599
COX18	0.161345396152618	4.73332493215412	0.798636160415756	0.442654646596377	0.698760883542695	-6.48667227705462
ENSG00000258944	0.358606241272368	-1.83091337755157	0.798603959431834	0.442672500069785	0.698760883542695	-5.69654883223312
SH3D21	-0.301613842312007	4.05191166267482	-0.798474720024366	0.442744160179033	0.698805641705314	-6.39891132086142
MAP1LC3B	0.217916388950632	6.30014146400666	0.798439629699557	0.442763618230149	0.698805641705314	-6.61074066612057
CCNT1	0.154900608572577	5.79927077214328	0.798386095526605	0.442793304725349	0.698805641705314	-6.58236690923361
USP7-AS1	0.567418592099225	-3.90355359420978	0.79834161534979	0.442817971473213	0.698805641705314	-5.50711931457765
ENSG00000299020	0.487834631183534	-2.9529584788058	0.798132368635193	0.442934022634084	0.698921705897593	-5.5902381733696
CC2D1B	-0.278005874658572	4.31805277878836	-0.798103406761359	0.442950086873381	0.698921705897593	-6.43551645998818
ZNF460	-0.375597738019238	1.29028215761018	-0.797959812778085	0.443029739601272	0.699001176377574	-6.03321076922972
PDE6B-AS1	-0.625555062452971	-0.816483402019725	-0.79769071225456	0.443179037209965	0.699160857311698	-5.80446993823039
TMEM171	-0.574542873894581	-0.442431756729386	-0.797671794455492	0.443189534095977	0.699160857311698	-5.84546228613768
CDK17	0.179671274739601	5.30231500787581	0.797571609873955	0.44324512606818	0.699202341300017	-6.54521412429649
KAT14	0.145583005307415	5.79291597004679	0.797460626501928	0.443306715600496	0.699253280102903	-6.58270560744033
MRPS2	-0.232594153234536	6.58066204436545	-0.797326037139447	0.443381412689302	0.69932488611258	-6.6244829786926
TRO	0.219600279663037	5.99152276496239	0.797269241757626	0.443412936608939	0.699328392126184	-6.59515933425452
TMTC2	0.32001154237507	2.85176811586866	0.796935868627002	0.443598003014326	0.699543373570277	-6.22809364890532
ENSG00000260086	0.225923420585282	1.68395701954415	0.796918102709639	0.443607866886754	0.699543373570277	-6.07953178002843
PDGFRA	0.308443109202433	1.23474493446343	0.796770269219627	0.443689951594686	0.699626590559617	-6.0278698076876
FNDC10	-0.260137151123442	5.22436089229434	-0.796312431262613	0.4439442300279	0.699907209964199	-6.53931308263754
RNF32	0.327602074564615	0.749065303468979	0.796306469816948	0.443947541584893	0.699907209964199	-5.97439674503124
ANKRD13D	-0.207437722425503	3.99779707303878	-0.796290834506406	0.443956227008716	0.699907209964199	-6.39314200975208
ENSG00000309661	-0.401162774902081	-1.59080058529401	-0.796181750677865	0.44401682624734	0.699907209964199	-5.72295877322976
ENSG00000290126	0.339139397255574	-0.0818125032071698	0.796165936470013	0.444025611951196	0.699907209964199	-5.88544269631379
B3GAT2	0.228398791646793	1.9527691863246	0.796133078194064	0.444043866982776	0.699907209964199	-6.11231913172379
ENSG00000304961	0.276725721183406	0.465613340272121	0.795728785921176	0.444268519541852	0.700215066757273	-5.94420943438779
PHF1	-0.350022294303892	5.10807591864529	-0.795445724304348	0.444425852495825	0.700409746886302	-6.52905865517826
ENSG00000285838	-0.416364948554843	-2.28031591723417	-0.795387320665971	0.444458319304137	0.700409746886302	-5.65490640974184
FANCI	0.167523245383859	7.16812649515491	0.795345799836303	0.444481401842136	0.700409746886302	-6.64860290052841
PGM1	-0.164578560979023	7.05135077159035	-0.795291587953683	0.444511540861577	0.700409746886302	-6.6445269513996
ENSG00000293497	0.448038501876547	-0.388153036481678	0.795242610555381	0.444538770931986	0.700409746886302	-5.85327258645037
RSAD1	-0.240326703973365	5.18837571687801	-0.795154561858459	0.444587726314565	0.700440640567016	-6.53690115118759
CNPY3	-0.220193994442124	6.04819682675794	-0.795071233113879	0.444634060651013	0.700467401026913	-6.60019135462599
SMOC2	-0.416645251651252	1.69402054559208	-0.794892007683366	0.444733728389727	0.700578172759397	-6.08233620507624
PAQR3	-0.206873557829239	5.48427674852786	-0.794761098462339	0.444806536634116	0.700646621557975	-6.5626092975465
ENSG00000260874	-0.425948243997501	-0.0248141519025854	-0.794623132516996	0.444883278119014	0.700717667586842	-5.89274412986105
ZCCHC9	0.181808711213757	5.02463190013957	0.7945744504798	0.444910358847404	0.700717667586842	-6.52150632140167
TRAF1	-0.429757164519373	1.29888129350708	-0.794437738041726	0.444986414710488	0.700791208175204	-6.03699639567019
ENSG00000288695	0.745996834013095	-2.73679338537012	0.794110575970034	0.445168456190325	0.701031640531439	-5.61304949152054
TSPAN5	0.20500833577171	5.72568439926039	0.793960885355148	0.445251764248245	0.70111657038417	-6.58101063793262
SLC49A4	0.28875615173222	4.10124775126563	0.793835604311764	0.445321495397175	0.701168949394136	-6.40951838465001
ENSG00000304162	0.606317832734056	-2.8657452175831	0.793783419197678	0.445350543630935	0.701168949394136	-5.60147421226818
PGP	0.240763898595867	5.33787838954057	0.793742785718821	0.445373162643613	0.701168949394136	-6.5514084280265
NPAP1	-0.633322287325392	-3.31229573063286	-0.793677872677782	0.445409298670846	0.701179587848894	-5.56147270175078
ENSG00000288966	-0.321339520935628	0.117091701899862	-0.793546013422042	0.445482708487205	0.701248898790669	-5.90872559449092
PIWIL3	-1.01612423662018	-1.98780846056355	-0.793468350729048	0.445525949245319	0.701270713621186	-5.68482718877622
LINC00237	0.474061143650962	-0.125449935247234	0.793256543925706	0.445643892289949	0.701368276854473	-5.88307589949538
BTN3A3	0.561460778302107	0.434868952921091	0.793251492426443	0.445646705430012	0.701368276854473	-5.94287124800773
ANKRD40	0.192100001411935	6.68270938148047	0.793146380993316	0.445705243802323	0.70141415362192	-6.63217251966774
ENSG00000250049	-0.370788719711073	-1.8551881760419	-0.792994996671676	0.445789561214537	0.701488972136019	-5.69843499274159
ZNF189	0.178080412350683	4.44866643868384	0.792955485862079	0.4458115695043	0.701488972136019	-6.456593440361
ENSG00000307661	-0.653678347074597	-3.89412149447795	-0.79274861931084	0.445926809839476	0.701624047098607	-5.51208688833604
TMEM168	0.210321686706638	3.92689158939164	0.792684232472641	0.445962682173301	0.701634234372457	-6.38595816324472
RPL7L1P14	-0.59478493759591	-2.67283754023376	-0.792533937038641	0.446046424792026	0.701719729781246	-5.62015388438123
AKAP8L	-0.245201854812757	6.27057925172019	-0.792467262078112	0.446083578497863	0.70173192512579	-6.6141338794874
HSD17B2-AS1	-0.27859647254049	-0.118656846518566	-0.79238445662355	0.446129723526617	0.701758262137333	-5.88448735903593
SHROOM3	-0.140350521542991	6.38219901951369	-0.792277305280853	0.446189440446313	0.701805942739696	-6.61970134449258
ENSG00000259755	-0.439068194780511	-0.496782559340986	-0.792209207047849	0.446227395255134	0.701819389954153	-5.84382094827035
NUP160	-0.17898100193375	7.28995543337267	-0.792136166144458	0.446268107234129	0.701833442034106	-6.65534942454196
ARMC12	-0.393853571378027	0.018677996221304	-0.792087666118077	0.446295141817222	0.701833442034106	-5.89938464972409
ENSG00000275413	0.735434163398589	-3.82588717821343	0.791989477824463	0.446349876614067	0.701873270862296	-5.51839008503294
TRIM27	-0.170118163471513	6.3994131204315	-0.791809222024664	0.446450371179114	0.701985045716576	-6.62088305263924
PCDH10-DT	-0.611458865974511	-0.287077150610869	-0.791690903047959	0.446516343359056	0.702042527467101	-5.8669767262155
ARHGDIB	0.489084538160029	-1.35940915051299	0.791622030965287	0.446554747931446	0.702056660883989	-5.75065059228358
TMEM217	0.352978619512884	-1.13532079866856	0.791477403027827	0.446635402667171	0.702137164942887	-5.77464253932209
EDN3	-0.33756708734993	-1.03428365185871	-0.791424708263036	0.446664791357433	0.702137164942887	-5.78560174459805
PACS2	-0.216889653917923	6.08180068164514	-0.791282614815238	0.446744045403083	0.70221549865881	-6.60515760361026
USP12PY	-0.675423322312863	-2.91999438345299	-0.791192916696162	0.446794080175071	0.702234336277195	-5.59849370799971
SNCA-AS1	0.715215245844227	-2.36363736093197	0.791155638743028	0.446814875380462	0.702234336277195	-5.65019625856301
POLR2L	0.228862008180566	5.512588848241	0.791020682559369	0.446890164904774	0.702306417711348	-6.56785778126556
ENSG00000279415	0.530720730855725	-1.87695173570036	0.790813555009295	0.447005733655133	0.702414410267217	-5.69792401536059
RIC8A	-0.190098121218159	6.16265261254432	-0.790792032927463	0.447017743224903	0.702414410267217	-6.6099400048696
INTS4P1	0.415416672016818	-1.56137310089693	0.790355798229479	0.44726121279353	0.702750715322132	-5.73050258066582
DNAJC8P1	-0.323384243808937	-0.297040814055133	-0.790086644734188	0.447411474999157	0.702940535435776	-5.86715612723104
NOVA2	0.428413679283775	5.44613198245474	0.789849754800929	0.447543752556909	0.703076855437613	-6.56359718231682
ENSG00000258682	0.66268696160654	-2.16807230349557	0.789825752054545	0.447557156939023	0.703076855437613	-5.66996803521517
CDX4	-0.525953887106922	-0.606460999512346	-0.789603107092578	0.447681505997634	0.703160430779252	-5.83384426256014
ENSG00000293219	-0.800219940859749	-4.21047215337968	-0.789587413110403	0.447690272070394	0.703160430779252	-5.48863984202762
SLC12A1	0.685813305343985	-2.49999273947179	0.789572247196343	0.447698743290799	0.703160430779252	-5.63851916290844
CORO6	0.364758781922439	1.83313089766028	0.789496584728607	0.447741007622444	0.703162924488594	-6.10317592436873
ACTR8	-0.221431276502692	4.93156656407115	-0.789463920299973	0.447759254467577	0.703162924488594	-6.51602444079488
NSUN5P1	-0.296578808009857	4.29680371491053	-0.789281627492821	0.447861094934282	0.703269406911464	-6.43981964326262
RPL23AP74	1.9189375833229	-1.43259821324275	0.789235860250852	0.44788666583566	0.703269406911464	-5.74480206727822
TMEM106A	-0.3181617777291	0.599146204058741	-0.78918432820613	0.447915458769899	0.703269406911464	-5.96377158481139
ENSG00000225689	-0.4050839947245	-0.80344376418229	-0.789045853442335	0.447992835945973	0.70334462672823	-5.81264651554369
MACROD2	0.501102393384419	0.74983972893852	0.788988402171227	0.4480249412379	0.703348764883574	-5.9802705637866
ENSG00000277476	0.432307229735582	-1.05505336295795	0.788933916472699	0.448055390680684	0.703350303168632	-5.78528729845219
CA5BP1	-0.213561017457122	4.23955918698603	-0.788841285376833	0.448107160864697	0.703385308014319	-6.4325030190442
FOXD3	0.36567045869397	3.03311543995936	0.788751181107419	0.448157522597887	0.703390989331111	-6.26001164138361
ENSG00000290033	-0.293373071032055	-0.067338459305405	-0.788720354717009	0.44817475315846	0.703390989331111	-5.89283454431793
LST1	-0.696273936686879	-3.14373715179863	-0.788676629889192	0.448199194106823	0.703390989331111	-5.58020973101345
MLH1	-0.143488033607772	6.09214044052825	-0.788543623332628	0.448273546391199	0.703461419667219	-6.60795328405376
ZNF415	0.238380440621166	3.81543718137181	0.788309373987842	0.448404514249803	0.703620679921108	-6.37355281971624
MEF2B	-0.695965404376894	-2.42251754732	-0.788237463641663	0.448444724054266	0.703637514233329	-5.64683628069977
SFSWAP	0.137799702338384	6.13534450705597	0.788141681788352	0.448498285651868	0.703675294744486	-6.61063321918148
SNRPC	0.267181371179691	7.189887489666	0.78808424866013	0.448530404495109	0.703679429703856	-6.65524880488795
CCDC78	-0.565472545549148	0.956950435156194	-0.787968074177585	0.448595378392409	0.703735105566691	-6.00380749389997
LINC01901	0.451753010048673	-0.671429938082394	0.787841887338748	0.448665958960595	0.703799569011667	-5.82807586456501
SERPINI1	-0.240923349045239	2.77258009357647	-0.787768067500981	0.448707252260426	0.70381808554808	-6.22456848339633
DTX3	0.218800727379218	5.46637073211905	0.787629565678511	0.448784734038976	0.703893359223779	-6.56698006297638
PI4KB	0.232427687798048	5.80263263737498	0.787480069901077	0.448868375960165	0.703917974114128	-6.59143497176459
DCTN5	0.177053839696064	6.62711112290428	0.787451243565343	0.448884505280832	0.703917974114128	-6.63447714352007
SKIC3	0.169518071890264	6.73631553907915	0.787443375230809	0.448888907948927	0.703917974114128	-6.6389591498892
E2F2	-0.235892509965841	3.77472306642775	-0.787320735917545	0.448957533514487	0.703979334629147	-6.36841671453602
GAS2	0.290946949706634	-0.0721386336579435	0.787249896880231	0.448997176204365	0.703995244019813	-5.89347084339313
ENSG00000223559	-0.214992822285498	3.13622524229512	-0.786945084960027	0.449167780073015	0.704173803080088	-6.27613042574033
LINC00958	0.404055501783331	-2.44897075080371	0.78690242033749	0.449191662931383	0.704173803080088	-5.64534897537639
ENSG00000225402	1.06437058436501	-3.09995979358943	0.786888294282097	0.449199570616095	0.704173803080088	-5.5854747249766
CYP2U1-AS1	0.531824399615361	-2.40855200586208	0.786817253714796	0.449239340097186	0.704185933560992	-5.6492352200454
ENSG00000308605	-0.687770577159039	-2.93744077430443	-0.786753895733916	0.449274810702616	0.704185933560992	-5.60025404755409
OXSR1	0.135888135526742	7.12170641556522	0.786716365725578	0.449295822527623	0.704185933560992	-6.65397566649998
ZNF337	0.284229743498266	3.65917765350675	0.786605005510606	0.449358173252023	0.704237410270275	-6.35223934571872
ATOH8	-0.387871333460376	0.181383526604591	-0.786547068199292	0.4493906146615	0.704242009200658	-5.92107586724942
ARHGEF25	0.476858430534989	3.32515312684227	0.786137829206464	0.449619807463299	0.704554917256028	-6.30393402914426
MYG1	-0.74664182349136	-3.15884025173541	-0.786022619738459	0.449684343876897	0.704609784355954	-5.5808493000039
FBXL13	-0.528175971034372	0.562389431047614	-0.785959803211043	0.449719534101414	0.70461866476718	-5.96233306916951
SMC3	0.130424350253914	7.73947403691971	0.785566453856919	0.449939931845267	0.704917707322502	-6.67484945348143
PIKFYVE	0.150595240553375	6.29245808514462	0.785494512898269	0.449980248742859	0.704934597751613	-6.62086151497662
ENSG00000290660	-0.788731852257433	-3.47367328916428	-0.785237848167065	0.450124107103337	0.705054972435794	-5.55363568847624
RAI1	0.196994500903417	3.54036047551458	0.7852165044024	0.450136071450833	0.705054972435794	-6.33599930266177
LYSET	-0.20906001874264	3.35188661295978	-0.785199309305514	0.450145710394127	0.705054972435794	-6.30855156552452
ENSG00000309183	0.66891760796011	-3.82588717821343	0.78509251487396	0.450205578469162	0.705068892365662	-5.52350872338256
RRM1	0.146476644921503	7.53883709950804	0.785046369683552	0.450231448689314	0.705068892365662	-6.66914342859085
MYO1D	-0.187199561019047	5.29177343352442	-0.784975196195176	0.450271352341036	0.705068892365662	-6.55449643330462
OXT	0.736105876706597	-3.91589040669742	0.784972678459453	0.450272763960172	0.705068892365662	-5.5160277323245
OIP5-AS1	-0.148147926385516	7.26961098685593	-0.78469754212494	0.450427042081242	0.705251781052759	-6.66068324847969
ENSG00000230650	0.441046121896092	-2.82746029632417	0.784658995433135	0.450448659252032	0.705251781052759	-5.61186305570146
ENSG00000304293	-0.33558903222178	-0.755584584222838	-0.784385625818497	0.450601985676839	0.70544556196452	-5.82153814583483
PCGF2	0.16761778652044	6.33371153487728	0.784170104527719	0.450722890374706	0.705588562545789	-6.62394782328719
LMO2	-0.323379393718571	1.1112770936921	-0.783912423014596	0.450867474195387	0.705768610652672	-6.02417143478606
ENSG00000272077	0.246207289503798	1.51801291675049	0.783732483260448	0.45096845543609	0.705852435517075	-6.07061711520168
FAXC	-0.214381754008156	3.7303204640888	-0.783671000132919	0.451002962823608	0.705852435517075	-6.36488697152293
ADAM15	-0.457516132326869	5.42636076699657	-0.783582985532751	0.451052363989201	0.705852435517075	-6.56703939699248
AK1	-0.468828104988096	1.1228371478813	-0.783567534739316	0.451061036632694	0.705852435517075	-6.02573651649757
GLRX5	0.16933951928787	6.20598273278685	0.783553532586093	0.451068896237752	0.705852435517075	-6.61804229306902
NNT-AS1	0.194471930453517	2.96462371956862	0.783323628385774	0.451197957461401	0.70594613282008	-6.25470972447659
ENSG00000291224	-0.198727035423594	3.19170302781197	-0.78328892752848	0.451217439558005	0.70594613282008	-6.28695839711262
ADGRD1	-0.484235754477585	0.328444802221457	-0.783288806165837	0.451217507695576	0.70594613282008	-5.93929936601599
ENSG00000295431	0.677681824424163	-3.53170750617021	0.783221806879665	0.451255124649163	0.705958708704874	-5.55008658053747
SMAD5	0.14591667279978	6.40389197839699	0.782903628912677	0.451433794546534	0.706157931019068	-6.62827935327118
NIT1	0.190171237142458	5.25503017190542	0.782889652810686	0.451441643754512	0.706157931019068	-6.55293620633394
ERC2	0.225240492084345	3.1634146814413	0.782803384667601	0.45149009532686	0.706187437261037	-6.28329771334447
OXA1L	0.220955729469051	7.5415638228798	0.782598955713733	0.45160492417509	0.706320755261264	-6.67119822901739
GVQW3	0.257021525106531	3.38901452756206	0.782546148010768	0.451634589640024	0.70632086697716	-6.31606186730373
SEMA4G	-0.234996271807702	3.983664613626	-0.782436645443711	0.451696108283388	0.706370791272416	-6.40229072517468
HMGXB3	-0.207133150555998	5.45865522163243	-0.78230481556214	0.451770177675655	0.706428253961253	-6.57065689921696
RBM11	0.276242883188096	1.72673481606315	0.782265888716057	0.451792050465688	0.706428253961253	-6.09621314717998
LINC02580	0.545482618931664	-2.66955260050685	0.781994760201779	0.451944415288289	0.706557217021688	-5.6284192490376
DERL1	0.164231838875578	6.307456989312	0.781958285167257	0.451964915546799	0.706557217021688	-6.62444714931531
ENSG00000290011	-0.404011954031265	-1.62325058556358	-0.781954524803077	0.451967029038808	0.706557217021688	-5.73053388932089
PALS1	0.132559241890797	5.37578967720238	0.781908417724486	0.451992943792145	0.706557217021688	-6.56417965331014
GPR107	0.133492624385688	6.63279247228255	0.781740611189362	0.452087268607838	0.706658382334356	-6.63931099286889
ENSG00000272691	-0.738595361939739	-3.68060438911348	-0.781460154738354	0.452244943067319	0.70683870546968	-5.53855013041786
MEF2C-AS1	-0.440494294062827	-1.458842267663	-0.781430063909882	0.452261862455586	0.70683870546968	-5.74803214770373
PHC2	0.334603626007617	5.34985834050227	0.781312113177887	0.452328187442734	0.706858095705155	-6.56244934599092
SLC25A36	0.206315437045764	6.44958236056232	0.781265321465766	0.452354500688743	0.706858095705155	-6.63170787318984
GLB1L2	0.340769637953383	3.08922640684033	0.781249996828557	0.452363118691102	0.706858095705155	-6.27395307896392
CCDC81	0.349399637045078	-0.762760620330717	0.781148412415196	0.452420248665493	0.706901085099792	-5.82324237795441
ENSG00000279861	-0.552672690647198	-1.78899807953221	-0.780626242240909	0.452713985634975	0.707313740190491	-5.71457385533985
ALPK2	-0.998108815830354	-1.4985170621255	-0.780485615224651	0.452793113915008	0.707357753259568	-5.74460337373027
FBXO48	0.299715876052647	1.84119862956443	0.780459167647502	0.452807996493938	0.707357753259568	-6.11128812195746
TECR	0.155174091495585	6.39639002023784	0.780418167884976	0.452831068506848	0.707357753259568	-6.62992475326761
ENSG00000230074	-0.308476619389117	2.71489273841409	-0.780254260836589	0.452923312426889	0.707455543042706	-6.22268837388787
ENSG00000306307	-0.927533028937851	-1.98679517369063	-0.780117361024401	0.453000366531766	0.707529595446218	-5.69510797964634
NOB1	-0.159420875183383	6.52107442468129	-0.779978867631769	0.453078326260376	0.707605052536081	-6.6359330750735
ZNF300	0.304481393997723	3.89596857285063	0.779777611779081	0.453191631346591	0.707735697529875	-6.39189136618766
UNC5B-AS1	-0.583038728627877	-1.22973082999943	-0.779598491959513	0.453292489559359	0.707823792653573	-5.77366243943039
XAF1	-0.395232066715922	-2.90395663815473	-0.779551282259486	0.453319074675963	0.707823792653573	-5.60869650465402
THOC1-DT	-0.410058536214253	-1.94494968809429	-0.779519428112875	0.453337013219195	0.707823792653573	-5.69971763493289
ENSG00000275630	0.560090303688936	-2.21485635985906	0.779440209326695	0.453381626982898	0.707832439998597	-5.67332645940972
DNAJC28	0.223369662255547	1.85842561849279	0.779362667363581	0.453425299172245	0.707832439998597	-6.11421586134236
H2AC16	0.409294028781142	-2.12233745898118	0.779351615901251	0.45343152365771	0.707832439998597	-5.68236026324622
PDCD10	0.293153440294996	6.25512268345683	0.779146780651756	0.453546902522537	0.707920943253349	-6.62408218728901
ENSG00000266469	0.603967022105721	-1.44652158410553	0.779145648560488	0.453547540255875	0.707920943253349	-5.75106884876161
GLIPR1L1	0.666026540673865	1.34578904537985	0.778933817728398	0.45366687974876	0.707994067873607	-6.05457435115232
ENSG00000296434	0.46966836756142	-2.32137101286935	0.778913112229706	0.453678545735357	0.707994067873607	-5.6634886801646
ENSG00000299771	0.683909212845189	-3.5025040209888	0.778861983346913	0.453707353839097	0.707994067873607	-5.55584932248363
ENSG00000279569	0.628194025239845	-2.78720088141509	0.778851881154116	0.453713045968359	0.707994067873607	-5.61990950764003
IDI1	0.388231205688052	6.95821027243134	0.778699324207835	0.45379901055826	0.708079156787425	-6.65452705632706
ENSG00000253300	0.815995912959301	-3.28562092425614	0.778649816506795	0.453826910017063	0.708079156787425	-5.57505620028927
ENO4	-0.34254555759489	-0.364141072509033	-0.778494088933272	0.453914675651659	0.708169797606102	-5.86890915168297
ENSG00000302786	-0.304653817371352	0.90056744800094	-0.778252391786467	0.454050914238344	0.708310675979853	-6.00519540686924
ENSG00000303266	-0.595645522921508	-1.6764670551188	-0.778211635565435	0.454073890109601	0.708310675979853	-5.72790136982613
ENSG00000301754	-0.847897167123841	-3.11264558915445	-0.778175952790816	0.454094006501351	0.708310675979853	-5.5908375467337
LINC01176	0.428122591503403	-2.05211483429391	0.778117933263237	0.454126716615983	0.708315406187013	-5.69017942183331
USP22	-0.141575912242859	8.90420144616995	-0.777976894525177	0.454206237490896	0.708393143187297	-6.71138751742291
DNAJC16	-0.17562844018334	4.75072355558064	-0.777541642043199	0.454451699840751	0.708663229828153	-6.50565169154664
CLASRP	-0.202987949774374	4.93552854901856	-0.777528740246858	0.454458977173837	0.708663229828153	-6.5260063799666
ADPRHL1	0.344862053040348	0.561787799118537	0.777511879496088	0.454468487692199	0.708663229828153	-5.96886018433751
ENSG00000230979	1.39756141444283	0.694400759359329	0.777282450903713	0.454597912615948	0.708771926484723	-5.98340312971138
HEATR1	0.184288468601072	7.40839965818828	0.77726746542198	0.454606367036549	0.708771926484723	-6.67122172411505
ENSG00000305059	-0.55297043198439	-2.42600245519882	-0.777198987676956	0.454645001705344	0.708771926484723	-5.65483318375998
PPP2CA	-0.169488166664341	4.92106224361696	-0.777167953947921	0.454662511421874	0.708771926484723	-6.52478980503487
RPS3P3	0.400263928291843	2.93148259894622	0.777125121382138	0.454686678946143	0.708771926484723	-6.25497510877736
ENSG00000267890	0.345404697999551	-0.823090211615872	0.777066776733732	0.454719600232619	0.708776952635313	-5.81972273992107
RNU6-925P	0.514780671485065	-3.31933525685918	0.776841946714829	0.454846476266878	0.70888313813326	-5.57341018908319
IER3	0.399842015857906	4.69675222645125	0.776840793894638	0.454847126885354	0.70888313813326	-6.49996777340289
TAF4B	-0.149850731794538	4.62993419168575	-0.776782430007889	0.454880066569558	0.708888184708824	-6.49202443810284
SPATA7	0.211704059430286	3.5620543267943	0.776695298813435	0.454929244962528	0.708918535487116	-6.34593301277366
ZNF211	-0.147122039753105	4.41856799340262	-0.776326835406525	0.455137250394285	0.709144926469661	-6.46609151252303
UNC5B	0.186957934090858	6.37517132327941	0.77631126626666	0.455146040863449	0.709144926469661	-6.63221027577428
NEK2P4	0.506553026849798	-3.05379158083954	0.776251664954841	0.455179693290371	0.709144926469661	-5.59756316966639
ENSG00000290927	-0.333027351489543	2.79084862426536	-0.776211979905371	0.455202101380745	0.709144926469661	-6.23623178075859
LRRC59	-0.203851157491656	7.41280900912265	-0.776156255192132	0.455233567445742	0.709144926469661	-6.67225092057557
ZNF530	-0.211864001970783	3.25077635891217	-0.776122197656457	0.455252799403701	0.709144926469661	-6.30113498610493
ZNF426-DT	0.408176099008327	0.909458184594869	0.77604651903187	0.455295536270991	0.709165213351155	-6.00789325751509
EVA1B	-0.538649562500505	2.2598873441943	-0.775975188993129	0.455335819808115	0.709181676544002	-6.16640986314798
ENSG00000289155	-0.381502113614772	-1.46421816979713	-0.775838915605545	0.455412786435264	0.709230636630292	-5.75172372507037
ENSG00000265008	-0.480723566270804	-2.50106079719647	-0.775763176269329	0.455455567336533	0.709230636630292	-5.64882309725631
PARP14	0.184987852658249	4.49716790509629	0.775761697061466	0.455456402884002	0.709230636630292	-6.47654063201553
VPS39	-0.130844872839554	6.38554944116933	-0.775497639298399	0.455605574856868	0.709410020695835	-6.63335173137355
SMIM12	0.179786150772903	5.17766214584885	0.775409351796706	0.455655457452394	0.709410020695835	-6.55177027800616
LONRF2	0.592427280359623	0.599141623248991	0.775399947997293	0.45566077082445	0.709410020695835	-5.97453736820563
EEPD1	0.396731970971289	3.86159867217955	0.775252126047382	0.455744299047821	0.709493782882678	-6.39059147098116
ENSG00000260711	-0.499599999179185	-1.11247788491107	-0.775099765214046	0.455830402398631	0.709581542789468	-5.78969210160232
HNRNPA3P6	0.214508128280391	8.09465661791296	0.775035009005125	0.455867001129081	0.709592233479931	-6.69343674955944
INKA1	-0.458235203947463	0.574295714686429	-0.774953663992979	0.455912978171265	0.709595999809539	-5.97219590010303
ENSG00000267219	-0.606486439134854	-2.39530325121379	-0.774925525084295	0.455928883273108	0.709595999809539	-5.65944600798242
SLCO4C1	0.423496801074152	3.64458898447903	0.774753701171226	0.456026012000352	0.709669186843616	-6.35953677685474
EEF1A1P13	0.975684227957896	2.56771827953125	0.774737137228929	0.456035375984436	0.709669186843616	-6.20730438945432
TEX41	0.412448538023049	-0.0110879406138391	0.774343900507967	0.456257718493882	0.709968898636946	-5.91000553738416
MIRLET7BHG	-0.443253643960575	-3.48665735403247	-0.774251626365019	0.456309901983934	0.709988243762947	-5.56062582648488
TLDC2	0.412391655314999	-0.64522640909349	0.774185562343711	0.456347265325751	0.709988243762947	-5.84147838938449
TTBK1	-0.593645794706151	1.0413999278462	-0.774164118441406	0.456359393621627	0.709988243762947	-6.02398392391192
MTHFD1P1	-0.66015975137499	-1.12554409272226	-0.774060076407069	0.456418240939571	0.710001359321312	-5.78907052264111
ENSG00000286675	-0.739353209797576	-3.75188728123431	-0.774044024692517	0.456427320403356	0.710001359321312	-5.53791000031641
TAPBP	0.232869853800637	5.87881760873679	0.773973284357852	0.456467335236544	0.710017328603401	-6.60709339007714
ATG4A	0.302504682532081	3.56403756473498	0.77385273884377	0.456535528000444	0.710039184909563	-6.34846820299136
LINC02935	-0.49601247209372	-2.37657358013541	-0.773800585481281	0.456565033274307	0.710039184909563	-5.66206577570704
ADRA1A	0.493858682380416	0.405478979407597	0.773785761524128	0.456573420013902	0.710039184909563	-5.95492287687754
RCC1	-0.239941348487195	6.99964542979078	-0.773738099266617	0.456600385888129	0.710039184909563	-6.66001200310831
SF3B6	0.320169592178837	6.07817159816567	0.773488993200367	0.456741339401799	0.710206071768233	-6.61923141802531
ENSG00000301897	0.591037198861223	-2.81395487109687	0.773323829303302	0.456834810832407	0.710206071768233	-5.62156606774898
PPP6C	0.24316447471893	6.56395311321035	0.773241930912226	0.456881164293571	0.710206071768233	-6.64316775871377
CCNB2	-0.151816430620653	7.21983283313735	-0.773195188680464	0.456907621174627	0.710206071768233	-6.6682036240402
GPC6	0.241827510524026	5.2351861151994	0.773165122565027	0.456924639620437	0.710206071768233	-6.55889655399209
CNPY2-AS1	-0.420886910123068	-1.81245047345413	-0.773142092461929	0.456937675721039	0.710206071768233	-5.71785189877208
DPYSL5	0.213453339091575	6.4388803241694	0.773119060171156	0.456950713300744	0.710206071768233	-6.63771838919889
FRY	-0.296809258877046	3.27393912799933	-0.773079459979982	0.456973129812351	0.710206071768233	-6.30688200895508
RAX	-0.712052212214621	-1.38858846220053	-0.773075244422785	0.456975516158074	0.710206071768233	-5.76176229912557
CISH	-0.286362002627423	1.55881827017256	-0.772936715565511	0.457053939163237	0.710281701133545	-6.0838061075299
TBILA	0.349631725665286	-0.295658113833425	0.772505245068652	0.457298256087275	0.710527739682696	-5.88091051379902
CNTROB	-0.175364660850507	5.11005481977131	-0.772490425962657	0.457306648795307	0.710527739682696	-6.5476711562387
TMEM18-DT	0.302456976361264	0.0135358445609711	0.772461236126959	0.457323180567738	0.710527739682696	-5.91408745421548
ENSG00000263237	0.626737780596387	-2.71356676535734	0.772446826078745	0.4573313418949	0.710527739682696	-5.63147191450206
ALDH1L1-AS2	-0.597788023093929	-2.54153707188578	-0.772216458510205	0.457461826500484	0.710684203156093	-5.64766898770221
ENSG00000297261	-0.429520969312184	-3.87560484232134	-0.771921365003082	0.457629008297521	0.710897653022451	-5.52897662413823
CHST7	0.394698390884471	3.99178122143557	0.771800290481188	0.457697613091648	0.710940027003013	-6.41188183331751
ENDOG	-0.22124081097801	2.66173433437867	-0.77176808830813	0.45771586101849	0.710940027003013	-6.22219115164351
KIRREL3-AS3	0.639523106243555	-2.74325794882441	0.771607714279945	0.4578067467835	0.711034920640451	-5.62934996307395
NUSAP1	0.431797359633854	-1.69167807529756	0.771508867553324	0.457862770147017	0.711075659493679	-5.73140382847859
PABPC1L2A	0.649162132757365	-0.439070319792031	0.771321279388545	0.457969101686655	0.711194518183057	-5.86626182340535
CKS2	-0.177419480227077	6.63045681757799	-0.771252387400163	0.458008156085309	0.711208891430584	-6.64757737046633
PLPPR5	0.435886188387221	2.18786598993885	0.771132511393453	0.458076118108637	0.71123457520788	-6.16112960075826
C10orf105	-0.890141941839424	1.79120674554136	-0.77111808763872	0.458084295893725	0.71123457520788	-6.11261572289385
COPB1	-0.151710506044007	6.97570332171684	-0.77104682976771	0.458124698100891	0.711251035554151	-6.66126955628707
ENSG00000295622	-0.557327840904625	-3.57732726740222	-0.770856703037357	0.458232508543801	0.711372140068615	-5.55523436702196
CRY1	-0.163120096669482	5.63878802402572	-0.770778001069544	0.458277140911902	0.71137456441439	-6.59350596199524
KBTBD6-DT	0.36906508694088	0.649738559281789	0.770716857668313	0.458311817648289	0.71137456441439	-5.98363682839522
ENSG00000236347	-0.641363357638413	-3.71801454995338	-0.770696281531909	0.458323487535093	0.71137456441439	-5.54324505179721
BAZ2A	-0.145196994943118	7.3893019766826	-0.770592905201583	0.458382120984776	0.711390468978088	-6.67591519562664
ENO1-AS1	0.685641016999603	-0.846755439652083	0.770526132685659	0.45841999589534	0.711390468978088	-5.82211864927749
CAMTA1-DT	-0.385238149224617	-0.689914141841197	-0.770520565455969	0.458423153847697	0.711390468978088	-5.83936461624138
LTB	0.608764761031771	-3.83400534067895	0.770421026991376	0.458479618364659	0.711410531620832	-5.53357947943534
SUPT6H	0.194794026363556	7.07850839142232	0.770364322626952	0.458511786677802	0.711410531620832	-6.66552426912352
DHRS4	-0.29363821993424	2.57199716839548	-0.770339087846	0.458526102805455	0.711410531620832	-6.21131555136457
LINC03099	0.893152989222327	-2.12088989052472	0.770242917085257	0.458580664788397	0.711410531620832	-5.68934148492317
H4C12	0.421366776709031	-1.46785200351746	0.77023506689063	0.458585118740793	0.711410531620832	-5.75558023187287
ENSG00000299028	0.450232830106562	-3.61377314044093	0.770174839620713	0.458619290720359	0.711413645905407	-5.55258042268693
ENSG00000272106	0.305067410223114	2.35330023494918	0.770094719623509	0.458664752061189	0.711413645905407	-6.18294654495661
EXD1	-0.451382938265989	-2.02329587461158	-0.770073930684975	0.458676548505988	0.711413645905407	-5.69906058327555
RPL21P53	1.71391659932807	-1.39903084613856	0.769697423105933	0.458890227324918	0.711698814449531	-5.76321309592792
GPN2	-0.206493430302135	4.5326738043938	-0.769600766680026	0.458945092978102	0.711704001022807	-6.48587607880364
OPRL1	0.325045046061268	1.90059037984801	0.76958646638403	0.458953210698539	0.711704001022807	-6.12693205815023
DYNC1I2P1	0.145674172430803	4.88774733747467	0.769445412730156	0.459033286324766	0.711781928580638	-6.52734546495737
GLTP	0.415046213553592	5.27212636550564	0.769180685212925	0.45918359548303	0.711947452812734	-6.56537339022753
NAAA	-0.236010489659841	1.68921674610232	-0.769135546874644	0.459209227668454	0.711947452812734	-6.10204768948252
GIPC2	-0.281666190033926	0.173834597521139	-0.769099807119168	0.459229523444591	0.711947452812734	-5.93377911721469
ENSG00000273448	0.606811250130426	-2.27833750526114	0.768855118359601	0.459368492051997	0.712033057572826	-5.67513917383149
UGCG	0.166222769017932	5.357378901584	0.768803842437619	0.459397617153517	0.712033057572826	-6.5730324760227
ENSG00000258101	-0.553103903610671	-1.47419465326886	-0.768790287068232	0.459405316902355	0.712033057572826	-5.75600378060251
ENSG00000225339	0.556705389098944	-2.35135575154994	0.768692756885376	0.459460718652712	0.712033057572826	-5.66827199000792
ADPRH	0.206996746354555	2.80445724544946	0.768634241675844	0.459493960124526	0.712033057572826	-6.24403791222454
CRIPTO	0.624499761391074	8.1805665994399	0.768623353564719	0.459500145642126	0.712033057572826	-6.70085652457869
RIPK2	-0.195696795374677	4.72702377854411	-0.76858613967501	0.459521287195827	0.712033057572826	-6.51002919989106
ENSG00000290165	0.349425408619772	-1.1633891081397	0.768545178629049	0.45954455826908	0.712033057572826	-5.78916484825634
CDH3-AS1	-0.352264023231111	-0.128974121701456	-0.768529894716089	0.459553241666393	0.712033057572826	-5.90185632632031
MRPL32	0.249909723194243	6.0602622836765	0.768012974956947	0.459846986619244	0.712441936361019	-6.6225600954135
ENSG00000278986	0.513124498087919	-2.79951154443573	0.767870862061664	0.459927764946791	0.712520833830005	-5.62692769282956
ENSG00000297689	-1.47406663545421	-2.33433235619242	-0.767617244273154	0.460071946455863	0.712679461894319	-5.67069391024939
SIN3B	-0.184969989051512	6.17729613530321	-0.767549562925727	0.460110428173194	0.712679461894319	-6.6292881857938
LINC01547	0.29682625004295	1.13098904995508	0.7675331863656	0.460119739738114	0.712679461894319	-6.03913035728551
MRPL43	-0.187827639308825	5.58002952806896	-0.767262982714802	0.460273392644101	0.712810008631181	-6.59199392794365
SOD2	0.124967848216915	6.5482423876033	0.767257523762896	0.460276497250245	0.712810008631181	-6.6472247933844
COX8C	-0.513989571035221	-3.66733049588622	-0.767184373957198	0.460318100189621	0.712810008631181	-5.55014437239224
DNAJC3-DT	-0.237870781946933	1.86663077561656	-0.767174902811466	0.460323486949864	0.712810008631181	-6.12471216227614
BTBD1	0.169869855363418	6.10269975786777	0.767069875990182	0.460383224189093	0.712856261302783	-6.62567460921123
BEST1	0.625531199412211	0.470790408993644	0.7669800646852	0.460434311097568	0.712889114691252	-5.96717128701927
WDR97	0.571886360753804	-1.98796669888309	0.766866976722774	0.460498643544914	0.712942470516766	-5.70494559635208
ENSG00000305939	-1.00277304567056	-3.06490589398746	-0.766744644444056	0.460568241335926	0.712981541044796	-5.60357214529974
MPDZ	0.198709072843625	6.28900809095427	0.766670003644736	0.460610709620348	0.712981541044796	-6.63569038210625
ENSG00000302784	0.678473477112598	7.02334147464827	0.766658808076701	0.460617079766613	0.712981541044796	-6.66648295310355
SAP30-DT	0.508786381889176	1.41715675614401	0.766565152224532	0.460670371066169	0.712981541044796	-6.07236815361155
CLEC1A	0.541203396233566	-3.02360151447821	0.766560101234207	0.460673245252935	0.712981541044796	-5.60744137139916
FOXD2-AS1	-0.59981050905861	-1.00729423811405	-0.766444843024375	0.460738834267796	0.712998283230706	-5.80765198357157
DPM2	-0.195518078253262	5.57108920294338	-0.766436099042752	0.460743810376972	0.712998283230706	-6.5919791523587
EID1	-0.136290705144213	7.41095139566151	-0.766342286650382	0.460797200213908	0.713034671778096	-6.67997441224734
ENSG00000255326	-0.41098524272705	-2.1231626831923	-0.76612584050596	0.460920397697059	0.71317906851447	-5.6921870319488
KBTBD3	0.224376111304873	1.90032709453739	0.7660462547759	0.460965701881635	0.71318171830736	-6.12964641090801
LRRC8D-DT	-0.267929004257828	-0.397086639928876	-0.766016707166764	0.460982522590988	0.71318171830736	-5.87488019257577
ENSG00000281849	-0.286505021902319	0.105071625962023	-0.765965359039996	0.461011754726021	0.71318171830736	-5.92883175177845
LHFPL6	-0.417875543617896	1.88930075237098	-0.765824941511233	0.46109169955376	0.713225915557413	-6.12848535724692
TUBG1P	0.590554233335041	-3.30685458127103	0.765810203049536	0.461100091215942	0.713225915557413	-5.58261607829489
PPP2R5B	-0.335753394206246	3.56103039787553	-0.765541156793002	0.461253295807561	0.713387455210636	-6.35455615801061
RPL36	0.202073639182057	7.82443038302286	0.765521822458019	0.461264306733588	0.713387455210636	-6.69333097351912
ENSG00000293541	0.484738017085775	-2.3502179113374	0.765427539337715	0.461318003503603	0.713424271989924	-5.67080260945116
IMP3	-0.271825435050936	5.84653600874661	-0.765301612596807	0.461389728441668	0.713462534339139	-6.61191292699963
RUBCN	0.158552134233699	4.1802521190429	0.765279135854856	0.461402531425174	0.713462534339139	-6.4431942013051
ENSG00000295487	-0.579431902317964	-3.39316198151816	-0.76508217375764	0.461514732843717	0.713589798443962	-5.5755257128973
YIF1A	-0.160250298788205	5.7133808019425	-0.765021551964207	0.461549270185246	0.713596970364142	-6.60329172711846
ZRANB2-DT	0.475872668532318	-1.48154584380792	0.764835053204308	0.461655532359671	0.713715027259248	-5.7582028125498
XBP1P1	-0.659442188243688	-4.28793488516948	-0.764673873591415	0.461747381018444	0.713810787147302	-5.50152281984114
DROSHA	0.148426865819437	6.98617463592149	0.764471517955697	0.461862710594751	0.713942831202392	-6.66684676494411
STARD9	-0.3882858660511	3.16049169124902	-0.764411211274625	0.461897085071925	0.713949726663534	-6.29735653596093
ENSG00000306022	-0.715421421758284	-3.87799741582686	-0.764316336117894	0.461951166721328	0.713987080438928	-5.53428569150659
F2R	0.135826779788819	5.7166805369931	0.764214980729617	0.462008946794126	0.714027062205828	-6.60415448641686
LRRC37A5P	0.405443395303384	-0.88577859121375	0.764144482519513	0.462049138732335	0.714027062205828	-5.82268315648567
SF3B3	0.198038409858995	8.64357546975873	0.764113530195617	0.46206678576147	0.714027062205828	-6.7162275154871
YIPF4	0.163951907706532	4.58826242384402	0.763810076569007	0.462239818503798	0.714248203303778	-6.49721622752509
GRIK4	-0.243763649217316	2.27860926845139	-0.763477067023897	0.46242975230993	0.714477055631431	-6.17852925936958
ENSG00000287562	0.35224841524459	1.18728700230553	0.763445435121644	0.462447796346183	0.714477055631431	-6.04860395760732
IRGM	0.546224961500321	-1.4433588362709	0.763345525662509	0.462504791461539	0.714518859331514	-5.76332681662707
CA7	0.666826253393394	1.65467072354376	0.763235162724268	0.462567755196688	0.714569877882158	-6.10254260223869
HNRNPA1P16	-0.411365603708714	-0.27350923090618	-0.763118578242616	0.46263427440027	0.714602202213394	-5.89045185863823
SYT15-AS1	0.578204323268644	-2.43585282127181	0.763053974002454	0.462671138064614	0.714602202213394	-5.66441777465914
CYP2C18	-0.475585844188966	-4.2320373813926	-0.763041067237941	0.462678502987538	0.714602202213394	-5.50647370774226
AHSA1	-0.228773003225601	6.85931895444759	-0.762961196084786	0.462724081142543	0.71462635205313	-6.66328386469884
ENSG00000280089	-0.490957287175568	-3.53150911573772	-0.762677486476239	0.462886002222582	0.714830165968707	-5.56516301589974
BTBD17	0.706265111854489	3.25174011501082	0.762522592164765	0.462974420137544	0.71492045066141	-6.31193008091058
TRAPPC6B	0.219067736738748	5.04269977144154	0.762402649768643	0.463042893994586	0.714921759289312	-6.54900849664585
DNAJC8P2	0.415672640492904	0.288484938334964	0.76236860184517	0.463062332782593	0.714921759289312	-5.95115345161233
NOLC1	-0.191528875961808	8.20023649633195	-0.762363701062032	0.46306513080209	0.714921759289312	-6.70632050462163
ENSG00000288736	-0.549447587579875	-2.7240568495055	-0.762285913827747	0.463109543565913	0.714925097591359	-5.63799988297153
ERICH2	-0.358297105170167	3.03977303207056	-0.762254986822704	0.463127202156115	0.714925097591359	-6.28183573269231
FRG2C	0.641491759105306	-3.86497335920409	0.761828685803756	0.463370654039525	0.715254650107447	-5.53717629366663
ENSG00000268279	-0.830761022985737	-3.10824003421985	-0.761587199100096	0.463508598657054	0.715395212983096	-5.60343616574322
ENKD1	-0.396106122109012	2.56536202959029	-0.761546493531601	0.463531853523275	0.715395212983096	-6.2172726506089
BAG1	0.200193999236162	5.0453551976315	0.761511861795457	0.463551639032287	0.715395212983096	-6.54997314996822
MIR331	0.63690842093882	-3.77622933521155	0.761434859626796	0.463595633199131	0.715416848413531	-5.54498715262146
PHF19	-0.205467195438986	4.74222899532963	-0.760973868703644	0.463859070286776	0.715731929070205	-6.51775305889475
RBMS1P1	-0.241240260594024	2.98373423990567	-0.760972618962894	0.463859784592028	0.715731929070205	-6.27492657745537
ENSG00000279196	0.876210441435515	-1.70975488686379	0.760825614622904	0.463943811719958	0.715815305082439	-5.73753917878538
HACD3	0.190036572804605	8.3463282503839	0.760725526535731	0.464001027281742	0.715829765457639	-6.71144447015868
NDUFS8	-0.154126099138569	6.2079405071809	-0.76070428808358	0.464013168868946	0.715829765457639	-6.63626818329916
CNNM2	-0.146650824035479	5.04705202712464	-0.760618236347888	0.464062364965942	0.71585938887294	-6.55084269558007
ENSG00000292994	-0.550314205627681	-2.7660188147257	-0.760458041262628	0.46415395800297	0.71595440545834	-5.63545969985379
MT-TS1	0.801879486608541	-1.93334733138888	0.760213046563535	0.464294058436287	0.716076248036221	-5.71533079210869
HMGB3P6	0.518035284603058	1.00122342566656	0.760198887469859	0.464302156155268	0.716076248036221	-6.03026945226673
MTURN	-0.264214500495758	3.18149998656052	-0.760158247171407	0.464325399227619	0.716076248036221	-6.30366444451261
STK32A	-0.414389453547032	1.11890190745918	-0.760034172229727	0.464396365006835	0.716076248036221	-6.04353284619931
ENSG00000286379	0.515560542616438	-0.923507750470502	0.760031812654533	0.46439771465448	0.716076248036221	-5.8216502201787
SMU1	-0.146627309424056	6.49869076942822	-0.760005150372885	0.464412965322524	0.716076248036221	-6.65076583132005
ZNF484	0.198518301407717	3.84642023698769	0.759911617418546	0.464466468160576	0.716112480335173	-6.40045504143411
MIPEP	-0.191616341940777	5.12282749371192	-0.759645334019101	0.464618809564351	0.71627466446174	-6.55898961747116
ENSG00000288890	-0.562940339272764	-2.21838512981675	-0.759622836292222	0.46463168203782	0.71627466446174	-5.68775678474729
DET1	0.457512355686961	-0.746882063205213	0.759443893436165	0.464734075506833	0.716386241692281	-5.8414961260573
CAMKV	0.281621941920218	6.56521942457095	0.759238641421083	0.464851541231274	0.716502947398501	-6.65425724978846
LINC03100	0.536457748389559	-2.50685852916363	0.759157172970317	0.464898170898449	0.716502947398501	-5.66057426651642
TFDP1	0.152727667209501	6.9837095826229	0.759154245048857	0.464899846793195	0.716502947398501	-6.6709263072914
SIM1	0.737042219816709	-2.92052963865757	0.759087216767414	0.464938213752851	0.716515809881791	-5.62227558934796
IL9R	0.637200786392502	-3.9517643193798	0.758935571762615	0.46502502277573	0.716595290589937	-5.5319534186865
LRRC1	-0.248798762543213	4.15749815210149	-0.758864784311494	0.465065548532207	0.716595290589937	-6.44506384137884
RGS12	-0.260695779999018	4.35383080321343	-0.75883978463503	0.465079861366662	0.716595290589937	-6.47150382039496
ENSG00000261613	0.505774114205145	-1.44271204361845	0.758687654551158	0.465166965085425	0.7166832325669	-5.7668693133442
GINS3	0.195999869056537	4.51259015238747	0.758456772025797	0.465299179325742	0.716839587223321	-6.49210135616808
SLC35A3	-0.176074570167302	3.97804301214914	-0.758405545349173	0.465328517402728	0.716839587223321	-6.42040841836368
POM121L9P	-0.771472856315227	-0.947854765629304	-0.758005169736011	0.465557857698285	0.717100711394134	-5.82049428627761
MCUB	0.190595749586552	3.91102844059262	0.758004721176784	0.465558114679352	0.717100711394134	-6.41114647757055
ERICH2-DT	-0.563802872852968	-0.206543049706211	-0.757946254143832	0.465591611413642	0.717106026691365	-5.90157268230599
LSM1	0.177309096739058	5.10619071139143	0.757837817265556	0.465653740786733	0.717155438559524	-6.55881226258931
ASH2L	0.16621091206856	6.56299811427183	0.75771282293821	0.465725363405552	0.717219463698562	-6.65535399886774
IGSF22	-0.534092812213553	-2.72113076640868	-0.757542957387085	0.465822708850042	0.717323091304211	-5.64174095429379
GAPDHS	-0.73879655056696	-3.12957756258066	-0.757429602499243	0.465887676775624	0.717347537656203	-5.60453792226763
RTN4	0.191162578175501	8.51705892291935	0.757410377078756	0.465898696158244	0.717347537656203	-6.71837237635845
LINC00494	0.682998462024394	-3.33138734556151	0.757295215094651	0.465964706735251	0.717401338362854	-5.58662555806921
ENSG00000250397	0.551617530869895	-3.17322911832492	0.757183591301708	0.466028694940996	0.717401338362854	-5.60079786756533
METTL2B	-0.161957859492739	5.02566090445681	-0.757106989864754	0.466072609876034	0.717401338362854	-6.55140057763701
SNCB	-0.27615862161485	3.8144082724682	-0.757096629516459	0.466078549576523	0.717401338362854	-6.39802561444974
MMP16	-0.152732311532273	4.67843447961231	-0.757048238094746	0.466106293546918	0.717401338362854	-6.51335146950364
VDAC1P6	-0.269265366559048	0.494575983630777	-0.757020665428532	0.466122102094681	0.717401338362854	-5.97732600961688
ENSG00000302513	-0.935086302537008	-3.7276450401177	-0.756982392006711	0.466144046395908	0.717401338362854	-5.55233614613665
TNFSF13	-0.462646466718451	-1.23424959787269	-0.756857259824976	0.466215796312788	0.717449138921583	-5.79033315657997
BUD31	0.204144832023636	6.05739622361873	0.756774021695866	0.466263528385829	0.717449138921583	-6.63121202189068
GABARAPL2	0.187906501333745	5.22206369399497	0.756770955825154	0.466265286538429	0.717449138921583	-6.57058021571864
ZNF623	-0.164992042214092	5.33309072720254	-0.756682181017334	0.466316197131944	0.717481219504133	-6.58046463761684
UFSP2	-0.144383180435623	5.31174090571009	-0.756582141916578	0.466373571834978	0.71752324108718	-6.57868721268144
CASC2	0.302328454979207	0.383054387295326	0.756411805679153	0.466471273935093	0.717627297602736	-5.96579977805283
KIAA1549L	0.231852190003544	2.9696741856611	0.756322369412953	0.466522578365367	0.717659966345228	-6.27655066350019
LGALS8-AS1	-0.525193199769114	-2.01880559192903	-0.756077935206342	0.466662814584447	0.717829427409578	-5.70988736187131
ZACN	0.563114808036473	-3.71801454995338	0.755865855854653	0.466784510085773	0.717970348792752	-5.55396140306428
SRP19	0.266852216282755	4.48212790546353	0.755575249910224	0.466951298704468	0.71818060614638	-6.49046483808533
ZBTB45	-0.321674058438382	3.78411489943837	-0.755345530873954	0.467083169209345	0.718337135093719	-6.39496444761927
LINC00896	0.600612075716224	-4.15211350502099	0.755113464998008	0.467216411080508	0.718495752787273	-5.51805539454894
ENSG00000231772	-0.470869866696352	-3.71801454995338	-0.754922946906768	0.467325816216748	0.718617695744161	-5.55463651951517
AKIRIN1	-0.181130237167436	7.9641647929248	-0.754802761570684	0.4673948411405	0.718635744028334	-6.70573881237662
CNOT10	0.136716847128939	5.94399197817069	0.754797656440485	0.467397773266511	0.718635744028334	-6.62618163009572
HPCA	0.39959565963316	0.897106403930974	0.754698385753221	0.467454791613871	0.718646647615198	-6.02292415580266
RLIG1	0.180485935608636	3.92680456441257	0.754680463979549	0.467465085860223	0.718646647615198	-6.41597389239808
DCDC1	0.304940769683065	-1.0290835111039	0.754475959813536	0.467582563071852	0.718780950201976	-5.8142536686109
CIRBP-AS1	-0.509828599014514	-1.84479635658149	-0.754388605767987	0.467632749260974	0.718811800515982	-5.72854402832166
VPS29	0.197488023128257	5.56778260882668	0.754305128393113	0.467680711459328	0.718839228516215	-6.60121385773071
FGD3	-0.454120822567859	0.884073536302072	-0.754214684516841	0.467732679828651	0.718872810191925	-6.02185287336895
DACT3-AS1	0.588389787944494	-3.86617274258951	0.753781714517941	0.467981512191308	0.71918850802618	-5.5428378546252
GHRH	0.494984811692425	-2.39697786404401	0.753752414730779	0.46799835413561	0.71918850802618	-5.67493360997563
RPL9	-0.246848860620964	5.69942195489122	-0.753358898043511	0.468224590742947	0.719489847235509	-6.61143055605059
ATF6-DT	0.302358241472887	0.134133039602715	0.753102960153418	0.468371769393685	0.719614398239185	-5.94168211475827
ENSG00000289858	-0.303526326259595	0.468591494701697	-0.753072413973457	0.468389337132673	0.719614398239185	-5.97751134093518
ENSG00000301450	-0.498762880081207	-3.63322477117911	-0.753060658191002	0.468396098237975	0.719614398239185	-5.56326372587744
UNC5C-AS1	0.822160109933171	-1.08869545118822	0.752969694977041	0.468448416032315	0.71964845168919	-5.80891152792454
FKBP5	0.172412260598307	6.84055122364588	0.752853875689983	0.468515035273738	0.719704469773979	-6.67045433533898
SLC4A1AP	0.187409792975234	4.96879369100908	0.75275362284371	0.468572705578834	0.719746734718113	-6.54892122497993
LINC00852	0.568418415010997	-1.3480099228836	0.752556055215542	0.468686369323006	0.71984589550703	-5.78140442583823
ME3	-0.447950092647861	1.11455245366497	-0.75249912092828	0.468719127771372	0.71984589550703	-6.04877994233978
STK36	-0.214213514173153	4.88427891349601	-0.752409229593412	0.468770851785298	0.71984589550703	-6.54027848019461
USE1	-0.237781163359796	2.76659531793428	-0.752399394077765	0.468776511420944	0.71984589550703	-6.25140866616934
ENSG00000260267	-0.475252153836365	1.39454194735807	-0.752379315619091	0.468788065272794	0.71984589550703	-6.08062790814966
ENSG00000287275	-0.446636378390632	-1.96761357077761	-0.75231944919812	0.468822515596323	0.719852481969728	-5.71772149236972
CHAF1B	-0.154757902011773	5.45155380772996	-0.752262808854972	0.46885511094896	0.719856219557338	-6.59377207256319
EIF6	-0.190003003819341	6.33033195349174	-0.752045847073164	0.468979981358371	0.720001621965794	-6.64915247265716
ENSG00000271937	-0.539617594225569	-3.57578033670974	-0.751945877658937	0.469037524992512	0.720043648870926	-5.56903704018018
ENSG00000289236	-0.802430744960414	-3.84460751457659	-0.751832008594566	0.469103074919613	0.720094667498511	-5.54605168605728
PITX2	-1.32146864015499	-0.714446489892356	-0.751783326799285	0.469131100889695	0.720094667498511	-5.85078241752253
ENSG00000265800	-0.557505711044092	-2.71488792214069	-0.751673308128036	0.469194442254188	0.720145578989113	-5.64658780251695
PDIA6	-0.170510930162827	9.06881031080311	-0.751475795519692	0.469308170427041	0.720273815419085	-6.73599122083515
ENSG00000295602	0.340326277443554	-0.942575717150573	0.751103253570339	0.469522728662603	0.720457498218472	-5.82621572913686
LINC02806	-0.38919905239753	0.51410148569897	-0.751054375333291	0.469550883761509	0.720457498218472	-5.98394122204172
ENSG00000296195	0.684862758712695	-3.78531689005204	0.751026332444314	0.469567037659221	0.720457498218472	-5.55166416423332
PRNCR1	-0.747258152830446	-3.40594781236379	-0.750979801155338	0.469593842443244	0.720457498218472	-5.58458341376467
LINC00698	-0.674990501834895	3.5916543448716	-0.750953822592259	0.469608808061299	0.720457498218472	-6.37032942483905
ZBTB47	-0.339382727296107	2.26519156453776	-0.750953540557919	0.469608970536086	0.720457498218472	-6.18644128320031
NSMCE3	0.132663930925799	5.0179284622178	0.750893621959205	0.469643489348693	0.720464144509914	-6.55542202632651
MAP4K1	-0.199764620430343	2.81073271552398	-0.750698830930613	0.469755718675896	0.720554157643716	-6.25875996176296
DPYD	0.364462029542068	-0.706899369937239	0.750686981480546	0.469762546316513	0.720554157643716	-5.85242641730452
PTGDS	0.414549457048969	-2.84226497434154	0.750538411252212	0.469848157688212	0.72063916069305	-5.63564701885404
ENSG00000291250	-0.39538548031992	1.14459154760332	-0.750415197522169	0.469919165292073	0.720682720673924	-6.05372908093559
CD99P1	0.279471508231836	2.90998658934331	0.750384339295028	0.469936949840712	0.720682720673924	-6.27275418501719
DDX17	0.147917536228782	8.60063253161773	0.750115582222329	0.470091860952816	0.720794131123177	-6.7261125625039
GPR12	-0.629874614031986	-3.54515986549167	-0.750102603481469	0.470099342699258	0.720794131123177	-5.57301678997292
FAM90A1	-0.392371234031726	-0.632904571633493	-0.750101118372045	0.470100198812728	0.720794131123177	-5.861000785284
CX3CR1	-0.526699639298801	-2.74135658028359	-0.749962779925114	0.470179950424473	0.72087010193235	-5.6453729415576
TOP1P1	-0.276842227013359	2.72124661195656	-0.749834498001207	0.470253912181311	0.720916710449592	-6.24719414752569
SAP30L	0.142959876513491	4.48106637460477	0.749805275714703	0.470270761511279	0.720916710449592	-6.49478828985515
ENSG00000303837	-0.797706107065502	-3.58832083340393	-0.749674470457326	0.470346187454952	0.720986028001756	-5.569569735055
ENSG00000288877	0.592198109677943	-1.75028512052769	0.749459432208903	0.470470201207919	0.72112981133064	-5.74177543498065
ALDH1A3	-0.426486039938192	3.22146074730531	-0.749158470685857	0.470643802317843	0.721209779855997	-6.31786827717517
CFAP96	-0.515918583511514	1.67736425058488	-0.749154438770515	0.470646128290285	0.721209779855997	-6.115971944676
GGA1	-0.208236409915131	5.54653192449876	-0.749060356628288	0.470700405431791	0.721209779855997	-6.60364103455982
GARS1-DT	0.259029580131819	3.11584023641713	0.749034263231711	0.470715459737394	0.721209779855997	-6.30285278158887
LETM2	0.304079022843494	0.966156257209303	0.749026428620784	0.470719979892005	0.721209779855997	-6.0348535216663
TUBB6	0.166900176743441	6.68844951641698	0.748959618130175	0.470758527119929	0.721209779855997	-6.66742294902441
ENSG00000293192	-0.284048559756337	0.786355810032951	-0.748943491577253	0.470767831856338	0.721209779855997	-6.01510200973661
STKLD1	0.509933013897339	-1.47738440547689	0.748928473153807	0.470776497326775	0.721209779855997	-5.77044123770944
POLR3A	-0.204016609998113	6.17662757988294	-0.748897560316199	0.470794334024235	0.721209779855997	-6.64380978221764
ATP6V1C2	-0.343693586562707	0.00286413311440695	-0.748841625153832	0.47082660968743	0.721212931994731	-5.93085008674711
ENSG00000226396	-0.49589032281701	0.504881217851964	-0.748655688015439	0.47093390910014	0.721330997849637	-5.98474780180669
C20orf96	-0.217455562716872	4.39787325404006	-0.748582330515862	0.470976246052729	0.72134955172563	-6.48514023163575
SH3BP5	-0.232619827802475	3.43353849080586	-0.748490110152462	0.471029472798627	0.721382403714997	-6.34915820868523
HNRNPA1P12	0.490933023995589	-1.03552003366855	0.74840395643302	0.471079201519882	0.721382403714997	-5.81805616519198
DNAJB11	-0.191950275504937	5.32326724684333	-0.748388071639202	0.47108837073373	0.721382403714997	-6.58603309686598
ENSG00000239791	0.529743106877884	-3.10684226040194	0.748297288189012	0.471140776037733	0.721416366311194	-5.61317065091533
ENSG00000304841	-0.381416031579918	-0.64811230752129	-0.748197757975549	0.471198234722671	0.721423108305872	-5.860738319775
FASN	-0.398442445152856	9.70007221723072	-0.748184943743454	0.471205632688659	0.721423108305872	-6.7518199767068
ENSG00000283913	0.450651224962322	-1.84586955991857	0.748072184590441	0.471270734456643	0.721437630124475	-5.73306832423951
CXorf58	0.549240168267685	-3.19048727962899	0.748063805104586	0.47127557260111	0.721437630124475	-5.60581908780749
RGPD8	-0.350424488779434	-0.120539514426935	-0.747951595576982	0.471340363138445	0.721456442329507	-5.91829414526623
NCAPD2	-0.220885249704834	8.17648353746067	-0.74793781940923	0.471348317980643	0.721456442329507	-6.71691218002956
MORC4	0.343534347417064	3.50700879533835	0.74766230326495	0.471507428575053	0.721466101727141	-6.36052683308057
ENSG00000299569	0.646939695156771	-3.74109739943916	0.747647418706279	0.471516025380293	0.721466101727141	-5.55784188719916
TLR1	0.561775564887245	-3.71670061268707	0.747622675899966	0.471530316188072	0.721466101727141	-5.55995093476097
RDX	0.16159363468425	7.34038971166173	0.747587801279536	0.471550459338036	0.721466101727141	-6.69230261039601
YBX2	0.170496567349033	4.94213536782398	0.747528407698732	0.471584765594892	0.721466101727141	-6.55017630482657
ENSG00000296757	-0.683124011422598	-3.64993863236675	-0.747520890870192	0.471589107494476	0.721466101727141	-5.56576838106395
SNRPA	-0.185395038811953	7.97058784302005	-0.747513901884995	0.471593144521929	0.721466101727141	-6.71156762516734
ENSG00000290551	0.61752499728436	-3.24821852121758	0.747469196449255	0.471618968113761	0.721466101727141	-5.60108079768698
ZNF226	0.201494315125201	4.04170611516092	0.747390725038817	0.471664298412981	0.721466101727141	-6.43784575754833
HAND2-AS1	-0.311904266311779	0.288134720262818	-0.747345423776688	0.471690468691161	0.721466101727141	-5.96245416238901
NOP16	-0.288568180776235	5.2523670147247	-0.747273036483405	0.471732288327842	0.721466101727141	-6.58067839100682
GID8	-0.164781659058454	6.91159160588685	-0.747242650228562	0.471749843797541	0.721466101727141	-6.67749093305439
RBL1	0.144249168289448	4.633883417423	0.747194887617224	0.471777439187816	0.721466101727141	-6.51562231183684
BNIP3	0.347956652971458	7.63278491447052	0.747194212579559	0.471777829205828	0.721466101727141	-6.70188969998558
RBM43	-0.257492312414182	2.18093495460615	-0.747091553167008	0.47183714534638	0.721510141063537	-6.17875557867891
NPM1P46	-0.477953645206984	0.842961500572225	-0.747032329338609	0.471871366758579	0.721510141063537	-6.02274533504504
TXNDC15	0.161844174870152	5.09024166422615	0.746980291242739	0.471901437326781	0.721510141063537	-6.56568207265605
CNTNAP5	-0.642923572137739	-0.699671317051953	-0.746935105839809	0.471927549006699	0.721510141063537	-5.85600190753238
ENSG00000270279	0.550907592741576	-4.02071445910116	0.746845523229671	0.471979319597451	0.721520687866412	-5.5347799499789
GLUL	0.226396204302715	8.17548761863464	0.746797737406885	0.472006936926119	0.721520687866412	-6.71776479114299
PINK1-AS	0.250385713748632	2.90781896844859	0.746766241601944	0.472025140166178	0.721520687866412	-6.27521331562203
ZCCHC7	0.212162669405062	5.48236610845075	0.746693281391343	0.472067309787024	0.721538935810881	-6.60048645076953
GLCCI1-DT	-0.440548406654357	-2.82644862083627	-0.746526645972723	0.472163630874121	0.721639944804857	-5.63999292225211
ENSG00000285570	-0.800985609948527	-3.02190332475309	-0.746468557587629	0.472197210920187	0.721645055582512	-5.62216791530106
CCDC137	-0.229156225716483	5.1255494762374	-0.746279843321695	0.472306314339786	0.7217655784574	-6.56959866431825
ODAD4	0.328679158183911	1.71523758917417	0.746027349648701	0.472452316259405	0.72194246956676	-6.12280862289032
PPARGC1B	0.267904774152687	3.95372902054634	0.745706753408985	0.472637739063836	0.722179572230254	-6.42671639334536
BIRC3	-0.711214668636007	-1.92566569924575	-0.745530112806239	0.472739922168729	0.722289464336538	-5.72687947333819
ERMP1	0.136106418580315	6.02534286701662	0.745466134720189	0.472776935686342	0.722299777494939	-6.63814709064764
ISCA2	0.193008558367068	5.18773353016235	0.745366621931403	0.472834510901505	0.722327493535725	-6.57618530323507
DIP2A	-0.199106092197094	5.08933783087896	-0.745308279931569	0.472868267959286	0.722327493535725	-6.5668773049743
RD3	-0.701260891463467	-1.62082612525732	-0.745231185300541	0.472912877754805	0.722327493535725	-5.75819531411231
NUDT10	0.134540624974785	5.03340375798704	0.745225554867245	0.472916135835641	0.722327493535725	-6.56137516071763
ENHO	-0.230192186092599	4.29835987689018	-0.745048284394748	0.47301872163728	0.722428855349159	-6.47476827475432
FASTKD5	-0.27275778928496	4.62211665551411	-0.745006271416934	0.473043036468624	0.722428855349159	-6.5158803319177
CSNK2A2	-0.142933467985243	7.16699700189087	-0.744953556774282	0.473073545963732	0.722429222696039	-6.68847116898066
EDF1	0.181853815248057	6.98408446223371	0.744631618691138	0.473259900174128	0.72263188087047	-6.68219684867761
NIP7	-0.242979289242888	5.62134966193534	-0.744582112374681	0.473288561086917	0.72263188087047	-6.61268216059745
ZSWIM4	0.166127670807347	5.22488562804252	0.74456738682472	0.473297086427585	0.72263188087047	-6.58026322577751
HACD1	-0.308460918765592	3.16009556364037	-0.744457089581209	0.473360945988231	0.722683150892413	-6.31265745297198
BMI1	0.293308600007398	1.7411773918929	0.744099738908232	0.473567881292397	0.722952835026586	-6.12734047422995
SLC25A21-AS1	-0.300410316420719	1.11061557246093	-0.743991249373184	0.473630716958966	0.723002514976632	-6.05475215807439
ENSG00000302418	0.58895613075349	-3.73556481215074	0.743881156856568	0.47369448645044	0.723053613974971	-5.56098114609717
LAIR1	-0.661247886275404	-1.5217184996734	-0.743694956646449	0.473802352596854	0.723172011858356	-5.76963205087037
ENSG00000287780	-0.350787532027622	-0.423029086310216	-0.743629749191987	0.473840131081075	0.723183425534725	-5.8888321953064
LINC02361	-0.312306789599651	1.0615250896951	-0.743437849573192	0.473951320799624	0.723272790956625	-6.04967248970065
MAP3K7	0.140731290221219	6.65735132725279	0.743424091315245	0.473959293189827	0.723272790956625	-6.67040523488547
TSC1	0.154391805657959	5.49107068868353	0.743146161881247	0.474120360972445	0.723465473785874	-6.60389205848642
CLK2P1	0.296217649201621	1.75465515049788	0.743077455560746	0.4741601835249	0.723465473785874	-6.12971540680068
ARHGEF26	0.151909331458461	4.31717318139601	0.743049314215313	0.474176495011205	0.723465473785874	-6.47881144805152
TCHP	0.281580154864182	3.94838526327478	0.742957263531349	0.474229852563292	0.723500632263365	-6.4280519723656
CLVS2	0.460593476821054	1.39334276379116	0.742862742534491	0.474284645997562	0.723537976735303	-6.08767358676345
ENSG00000231397	0.847047862656332	-3.62911907531459	0.742739396078278	0.47435615545947	0.723573911806697	-5.57095464629992
KCTD17	-0.415612102528503	4.86497857265488	-0.742717525459134	0.47436883554864	0.723573911806697	-6.54563187146909
PRICKLE2	-0.276929255302495	2.89265106179752	-0.742545187818233	0.474468760511749	0.723645275005383	-6.27630620797674
MADCAM1	-0.358342574713697	1.65148020988344	-0.742532253793582	0.474476260466721	0.723645275005383	-6.11792172405218
MASP2	-0.488168729630149	-2.80926819932469	-0.742145166280303	0.47470075269421	0.72394139709602	-5.64471908889597
ATXN2L	-0.150203927315373	7.59338636270396	-0.741956501054543	0.474810193848832	0.724033523497527	-6.70470412856761
HRK	0.572732468868153	2.41534297275442	0.741936436422833	0.474821833903854	0.724033523497527	-6.21255999328531
JMJD4	-0.323448056340358	4.22304103905524	-0.741520164774127	0.475063365468227	0.724295430203232	-6.46735870375171
FADS1	0.153607172813592	8.18448700840093	0.74149197309027	0.475079725820256	0.724295430203232	-6.72208530330439
SIX2	-0.785482198209242	-1.43206975071483	-0.741483515565994	0.475084634006436	0.724295430203232	-5.78066076929114
ARPC1A	0.197246327661627	4.55188638971613	0.741389403765592	0.475139252417448	0.724332430853808	-6.5101227664107
ENSG00000288807	0.40915785854904	-2.305854557624	0.741116803203624	0.475297480376839	0.724478815939681	-5.69279791403424
LOX	0.426122692105325	2.03443823627933	0.741113978806817	0.475299119940844	0.724478815939681	-6.1650530370845
ENSG00000305995	0.400236622052899	-1.71352678847338	0.741036625898001	0.475344024739714	0.724478815939681	-5.75168742608454
BCL10	-0.185776587309728	4.52118489214302	-0.741014799668075	0.475356695756291	0.724478815939681	-6.5066113450677
MANSC1	0.323464733548515	3.35718452926908	0.740880604603937	0.475434606155608	0.724516116924722	-6.3438122030463
RPSAP19	1.33029471907851	0.625352507772286	0.74085358668464	0.475450293080273	0.724516116924722	-6.00362032222633
ENSG00000299378	0.271522368890001	1.32434649842622	0.740781736492747	0.475492011746395	0.724516116924722	-6.08133326914133
ENSG00000282386	-0.398424990343181	-0.360489321625998	-0.740763508572607	0.475502595864953	0.724516116924722	-5.89776572587422
ENSG00000303405	0.597267843248335	-2.32058394361716	0.740440612750981	0.47569011136292	0.724686205931005	-5.69187154235002
TMEM184A	-0.56004511908094	0.0581801931843018	-0.74041834791882	0.475703042955024	0.724686205931005	-5.94303185262443
FTH1P16	0.321331893819514	-0.524509669517516	0.740414433548453	0.475705316475513	0.724686205931005	-5.88010165319765
ENSG00000272335	0.22013341397011	1.97219138898038	0.740188953998719	0.475836289706595	0.7247801881971	-6.15811808003095
ENSG00000276417	0.617215002946796	-3.33665017388821	0.74018524380939	0.475838445017077	0.7247801881971	-5.59839411756306
SORT1	-0.174231252024229	6.43596083267128	-0.740087603671636	0.475895168008409	0.7247801881971	-6.66331817879086
FAHD1	-0.195949272913349	4.02690406632348	-0.740085543413339	0.475896364939394	0.7247801881971	-6.44136213293374
ENSG00000293232	-0.457725382882351	-1.30031358548436	-0.740046846867511	0.475918846500396	0.7247801881971	-5.79566367499637
SPATA33	-0.189013270664185	3.50747434715717	-0.739667438321142	0.476139307297891	0.725069664217366	-6.36668028641899
ZNF789	-0.203198559881586	3.25042161351411	-0.739490397674474	0.476242201378445	0.725089457527152	-6.32940277311468
ENSG00000279982	0.571916312440253	-3.10951397973157	0.739487101272711	0.476244117344098	0.725089457527152	-5.61921644666732
FCSK	-0.294131522149244	2.75603231532921	-0.739475084144233	0.476251102093809	0.725089457527152	-6.25978730899006
RPSAP54	0.833863685083511	-0.805134025728778	0.739435987389021	0.476273826859394	0.725089457527152	-5.84989691220078
ZNF100	0.237840015690885	4.41422623196278	0.739201541776071	0.476410111393503	0.725250677932692	-6.49439131161971
USP8P1	0.319737737936807	0.503029179397452	0.739031391105933	0.476509036336197	0.725310481244812	-5.99172992637867
ZNF890P	-0.506660003790255	-2.93398967809829	-0.739029432794765	0.476510174966215	0.725310481244812	-5.63548852863023
NPM1P32	-0.471114472578525	-0.363571342757998	-0.738916608971918	0.476575777548535	0.725364076446074	-5.89879054680555
MED12	0.258050485620538	5.69859187823757	0.738834063444532	0.476623778112476	0.725390875667036	-6.62253978300608
ENSG00000273300	0.37787894266715	-1.30611109034835	0.738562025759813	0.476781990740832	0.72551706347655	-5.79612657459382
SNORA71B	0.605852009610056	-1.93182664312622	0.738555335938629	0.476785881847862	0.72551706347655	-5.73131426901235
TEX13B	-0.608584033105072	1.12713753106686	-0.738534698234324	0.476797885810101	0.72551706347655	-6.06068541829785
TSFM	0.361256038172884	-0.428136526860902	0.738463081395692	0.476839543367378	0.725534194922173	-5.89208351441526
GNA11	-0.219979273491493	5.39736934914703	-0.738202324154301	0.476991238126269	0.725718740381186	-6.60014746643108
ENSG00000285911	-0.441791170964883	-3.73166529970732	-0.738022424107733	0.477095912192892	0.725831727199628	-5.5654381293993
COA7	-0.199762945697902	5.77975291525446	-0.737934778513585	0.477146913652041	0.725863049788595	-6.62877536057775
RPL22P2	0.293059021559038	4.61979607112935	0.737843021755601	0.477200311104217	0.725898013073573	-6.52106233784007
TFAM	-0.175771154176934	6.74908895362998	-0.737586876716808	0.477349393553527	0.726078327142115	-6.67859001011626
ATP9A	0.26199765444814	4.36556860261281	0.737532378981149	0.477381116308215	0.726078327142115	-6.48940900393968
NRXN1	-0.279841013650139	3.71732049776824	-0.737482564948525	0.477410113874438	0.726078327142115	-6.39891224245099
BTBD19	0.441635709179969	-1.17464978043464	0.737325917272143	0.47750130829486	0.726170748379854	-5.81110115072472
ISM1	-0.293729134423696	-0.113300654029836	-0.737086577056146	0.477640664424023	0.72629679262852	-5.92712187853164
PLP2	0.316510338628443	3.37380655645457	0.737007498452959	0.477686713669081	0.72629679262852	-6.34915910036528
RBM7P1	0.518431709287485	-0.808953022081263	0.736978337363628	0.477703695531817	0.72629679262852	-5.8512728534132
SNF8	-0.137150218260492	5.84512186868862	-0.736925102876563	0.477734697438308	0.72629679262852	-6.63377384574408
ENSG00000308416	-0.261502658861424	-0.155478535332941	-0.736878886605062	0.477761613209238	0.72629679262852	-5.92274961603966
RANBP1	0.214307467745657	8.05661747971571	0.736788633535196	0.477814178208613	0.72629679262852	-6.722197344625
ENSG00000299845	-0.495126365634131	-3.20499806514485	-0.736780777293365	0.477818753996535	0.72629679262852	-5.61254412145662
ARHGAP1	-0.20925467444374	6.13908289185421	-0.736765524221471	0.477827638071522	0.72629679262852	-6.6511270714977
FGD5	0.346047828661255	5.4925045768855	0.7366877501073	0.477872938831327	0.726319393178837	-6.6089314600682
ENSG00000305736	-0.709968531128848	-3.81223642845948	-0.736591637389474	0.477928924938197	0.726358230482676	-5.55955038555568
KLHL35	0.472606399873458	-0.845447071639588	0.736139231444719	0.478192509011032	0.726661028904437	-5.84787039543413
TRAPPC1	0.16107214319617	5.80819676708873	0.736019478381746	0.478262295741742	0.726661028904437	-6.63209878952392
ZNF776	0.15730584198958	4.40075131548726	0.735939152273297	0.478309109799796	0.726661028904437	-6.49515166866309
ACTMAP	-0.211379553697491	4.9489307875617	-0.735855145642282	0.47835807195315	0.726661028904437	-6.55979762577453
ENSG00000306481	-0.721242292393638	-2.40854432574283	-0.735811270691167	0.478383645142351	0.726661028904437	-5.68678823081817
METTL17	-0.149134214120054	6.01291421829422	-0.73578942903566	0.478396376207676	0.726661028904437	-6.64482535378777
ENSG00000284773	0.525593338558784	-1.10240269332582	0.735731948855722	0.478429881277385	0.726661028904437	-5.82008442983186
FAM131B	0.2222966110481	6.1305544331061	0.735667751635651	0.478467303441292	0.726661028904437	-6.65149869677222
MAD2L1-DT	-0.39919952790125	-1.47199843412059	-0.735660051780732	0.478471792002913	0.726661028904437	-5.78068310559037
ERP29P1	0.538150853823123	-1.08178025807141	0.735547847707758	0.478537203372292	0.726661028904437	-5.82246101746745
AP5S1	-0.292542747925025	2.13976004472624	-0.735540861812752	0.478541276110762	0.726661028904437	-6.18229962589779
ADM2	-0.298567088226336	4.43588028560797	-0.735526971076925	0.478549374398383	0.726661028904437	-6.49993682352992
ENSG00000296982	0.501651669477087	-3.47664082544184	0.735421938978554	0.47861061081802	0.726661028904437	-5.58939822760353
CEP72-DT	-0.388413729288407	-2.12903953118493	-0.735393638259522	0.478627111709926	0.726661028904437	-5.71405005994369
PFKFB2	-0.165195608297736	4.69386789764465	-0.735372609144975	0.478639373084209	0.726661028904437	-6.53182137730679
TMUB2	-0.191873024043658	4.29140164154356	-0.735318929862992	0.478670672576975	0.726661028904437	-6.48123986904421
TSN	-0.179324011582571	7.10560546497556	-0.735257738115617	0.478706354034034	0.726661028904437	-6.69372638919753
SEMA3A	0.174882072466831	5.84572085543099	0.735234395647744	0.478719965677598	0.726661028904437	-6.6350966342046
PCDH17	0.565122080239925	1.07376940351147	0.735205073030829	0.478737064857906	0.726661028904437	-6.05717937121709
LGR4	-0.211966056082805	6.64786087132417	-0.735137025002853	0.478776747841497	0.726661028904437	-6.67633532355677
OR2A1	0.446537891939883	-3.69949789779677	0.735087747960148	0.478805485603144	0.726661028904437	-5.57025737227177
SUSD4	-0.405294014560609	1.9586847333296	-0.735076444749392	0.478812077648857	0.726661028904437	-6.16029541873417
ENSG00000254907	-0.909680074763893	-3.58544542986775	-0.735048416076138	0.478828424250223	0.726661028904437	-5.58015469825116
C9orf85	0.186049660567268	3.63179319734421	0.734930507951957	0.478897193288153	0.726719183126167	-6.38840510290479
FBXW2	0.152724365261269	6.34557572852344	0.734832065694646	0.4789546137636	0.726760109777853	-6.6630784941703
KLHL5	0.155087092903658	5.59828679740773	0.734703574213518	0.479029568194966	0.726827635353417	-6.61852255736594
PIGA	0.179167379840643	3.74276185588872	0.734396940715731	0.479208470097035	0.727048690917287	-6.40493542386895
DIPK1A	0.303364631784097	3.60416477564309	0.734272950750924	0.479280822592259	0.727048690917287	-6.3848484260795
ENSG00000296737	-0.45217043831329	-3.18454309019169	-0.734126065975579	0.479366543902022	0.727048690917287	-5.6162521227522
AGPS	-0.168739691189099	6.59391390444593	-0.734091240452698	0.479386869337978	0.727048690917287	-6.67484778230404
ENSG00000288902	0.597398549478445	-3.88911172897478	0.734078308611427	0.47939441696669	0.727048690917287	-5.55477702362077
ING2-DT	0.28105942942579	-0.250458116013203	0.734051257070782	0.479410205755413	0.727048690917287	-5.9146007827314
PHYH	0.228883607800976	4.81894636104439	0.734003679193752	0.479437975652727	0.727048690917287	-6.54712765265663
ZNF197	0.14347553231965	5.0036367045749	0.733992421443259	0.479444546639803	0.727048690917287	-6.56687394734965
ENSG00000290729	-0.582824619501324	-0.935689259478162	-0.733984069402059	0.479449421642736	0.727048690917287	-5.8395458525586
RPL39P15	1.92588752644266	-0.827033163174513	0.73392154343876	0.479485918412281	0.727057840835192	-5.85150989380486
ENSG00000290021	-0.549734217646305	-4.08387918875647	-0.73380387826004	0.479554604999712	0.727115796806311	-5.53864378243951
RPS10P3	-0.332276528035386	2.90123774220935	-0.733608584936946	0.479668620364478	0.727242469968174	-6.28423671198527
ENSG00000258199	0.849153717568984	-3.03521182097404	0.733328704841993	0.47983204854255	0.72743355950341	-5.63030320043734
QRSL1	0.161312479078815	5.20977691919349	0.733288351050252	0.479855614900142	0.72743355950341	-6.58745760103712
ENSG00000280401	-0.326436685438299	-1.5138689969581	-0.733223247613897	0.479893636425906	0.727444993367869	-5.77805025030773
ENSG00000297117	0.485485593193015	-4.28292511966631	0.733011345239453	0.480017404162188	0.727538055714083	-5.52413496176159
ENSG00000302450	-0.561121579898289	-2.62898086240324	-0.733002883476528	0.48002234691696	0.727538055714083	-5.66798085443789
CTU1	-0.362764426394637	1.00173607831901	-0.73296157220098	0.480046478459185	0.727538055714083	-6.05080061955408
ENSG00000293171	0.371451649216315	-1.13485903945088	0.732873661302857	0.480097833211799	0.727567627746562	-5.8186338712091
ENSG00000305069	0.283546532702449	-1.07865561329849	0.732823804894336	0.480126959274662	0.727567627746562	-5.82477788783963
ENSG00000299366	0.447620178458644	-2.37904286280369	0.73261919375003	0.480246504520543	0.727702579099219	-5.6918775047998
SEC11B	0.581763670279981	-2.17022132818508	0.732550985993414	0.480286359451681	0.72771282902338	-5.71206623904758
ARHGAP17	0.141144446566601	6.0931120435935	0.732459515006274	0.48033981073751	0.72771282902338	-6.65188698676012
ENSG00000263731	0.31660585135924	1.32470604779777	0.732451079981741	0.480344739951998	0.72771282902338	-6.08757665453427
ENSG00000291043	-0.365420223245591	0.00528116214277409	-0.73231733600553	0.480422900785719	0.727785044306745	-5.94333851976265
DCK	0.21452054200303	5.09542298568459	0.73220984190186	0.480485726814718	0.727834021444966	-6.57743893898983
SIGLEC14	0.502810898455771	-4.14841767678413	0.731928826338253	0.480649993605146	0.727992515795701	-5.53460200061378
ENSG00000286764	-0.521057005580897	-3.20991569790664	-0.731926485136444	0.480651362295582	0.727992515795701	-5.61552198546548
ENSG00000304038	-0.861748621349909	-3.87158458273172	-0.731859666532988	0.48069042616341	0.72799589744155	-5.55780299107952
NOL9	0.178249487638757	4.60456898859166	0.731818320021561	0.480714599391579	0.72799589744155	-6.52377532145089
ATRN	0.123543384030333	6.07583196269504	0.731705754498651	0.480780414664375	0.728049372298371	-6.65148780592968
GSTK1	0.17414229714312	4.77198857870397	0.73153132716141	0.480882410727949	0.728157625735563	-6.54370957598524
LRP6	-0.130058656070332	6.16487586380875	-0.731349221762727	0.480988911011146	0.72820953205543	-6.65659826917496
UVRAG-DT	-0.614556398532905	-3.81223642845948	-0.731299104606479	0.481018223509592	0.72820953205543	-5.56323800561657
ENSG00000307891	-0.372310136277709	0.347323799519928	-0.731271798068571	0.481034195016158	0.72820953205543	-5.98070633388151
REPIN1-AS1	-0.554756202076358	-1.96079344202464	-0.731213524305448	0.481068280266224	0.72820953205543	-5.7336826832479
ZNF468	0.277687636249349	4.24607347390214	0.731211873448171	0.481069245900949	0.72820953205543	-6.47825363297742
ENSG00000307028	-0.689991320807017	-3.15111348137396	-0.731128036422857	0.481118286229101	0.728237578477294	-5.62136684059144
GPR139	0.494945110508384	0.483545405198151	0.730986029145377	0.481201360304118	0.728317132752767	-5.99556554454937
FTH1P8	0.494171220875409	3.25975476306085	0.730692867056938	0.481372888208023	0.728530546788896	-6.33737142952408
MAG	-0.539046786712313	-2.4114182793368	-0.730558328558823	0.481451618951888	0.728558265935714	-5.690254628663
FAM88D	-0.756746617781115	-3.73978346217285	-0.730557241690378	0.481452255010604	0.728558265935714	-5.56995175866742
ZWINT	0.148946144867057	6.52600244754589	0.730480194238048	0.481497346174255	0.72858030565783	-6.67465173515843
GNG13	-0.610462939962031	-3.76694109858023	-0.730304878541251	0.481599957601077	0.728689374164125	-5.56779893799061
AVPR1B-DT	0.533890734736737	-4.31392244741107	0.730179831055172	0.481673155664146	0.728753927495162	-5.52413744839461
C2orf42	0.185486880695979	3.00936430372288	0.730001041109371	0.481777824641605	0.728851007648762	-6.30209924329476
MTPN	0.144948793667721	7.66596433745104	0.729965902907374	0.481798397271317	0.728851007648762	-6.71605291814468
ENSG00000280087	-0.353407124057897	-1.82179827479162	-0.729865336711859	0.4818572795677	0.728878278940404	-5.74866756702427
GRK1	0.550388483675406	-1.74012665498934	0.729830798553676	0.481877502970656	0.728878278940404	-5.75703434857044
MIATNB	-0.252642744619538	1.29166028424833	-0.72965602580555	0.481979847206414	0.728986882970563	-6.08587490788551
IDH2	-0.262522090920354	6.81299559714087	-0.729338046700839	0.482166085814309	0.729156296598357	-6.68737219618309
MCAT	-0.241134709832649	3.431409124872	-0.729317003798271	0.482178412116563	0.729156296598357	-6.3633516594391
CDYL2	0.212224793737301	3.27825324498054	0.729308301305156	0.482183509834159	0.729156296598357	-6.34108564619065
CD163L1	-0.459482472423803	-2.19840318103445	-0.729236365331152	0.482225649543765	0.729173820176194	-5.71168779215717
ZFHX2-AS1	-0.475565867503199	-2.21333800848828	-0.729143371463089	0.482280128273926	0.729209998195362	-5.71030413861367
ENSG00000301820	0.689821545717759	0.383662157649408	0.729005291225547	0.48236102712758	0.729232941857919	-5.98626839844366
IDUA	-0.405251165008591	1.09549972550555	-0.728964363794557	0.482385007443458	0.729232941857919	-6.06422521702573
ZNF286A	-0.165549553613966	5.24103342512509	-0.728961023414237	0.482386964681478	0.729232941857919	-6.59358722186851
ENSG00000305335	-0.290833762950888	-0.313191332869971	-0.728643114330246	0.482573260765257	0.729468364980961	-5.9117661301231
FAM120AOS	0.128875943006386	5.9444751723718	0.728270688561333	0.482791561148696	0.729752133624821	-6.64649957669676
LINC02204	-0.432180656149592	-3.0812336568451	-0.728094678210557	0.482894752549403	0.729817984070062	-5.62980667323232
SLC26A11	-0.204436151785789	4.12234225624698	-0.728000099175106	0.482950208075673	0.729817984070062	-6.46373515928657
MSL1	0.178254507629365	6.21526454997288	0.727950689132033	0.482979180773721	0.729817984070062	-6.66178623930699
GPX8	0.223162279409228	6.5255190266703	0.72793565174219	0.48298799850378	0.729817984070062	-6.67654891408681
KDM4D	0.217875446486464	2.69563368892126	0.727935616152092	0.482988019373471	0.729817984070062	-6.26021964479866
TSEN2	0.159103408412892	4.00749297056802	0.727817254327062	0.48305742872906	0.729833121105258	-6.44789880121906
ENSG00000289198	0.591436140833419	-2.77080697733586	0.727814241991078	0.483059195294748	0.729833121105258	-5.65844237778115
CELF4	0.35507255065442	1.27667858613005	0.727578938378683	0.483197200123863	0.729995415581481	-6.08570038822038
VEGFA	-0.311345568668827	5.92009029355668	-0.727508110228523	0.483238745440574	0.730011971481118	-6.6455953270537
ENSG00000303475	-0.834075322577223	-1.85808282456976	-0.727368656048164	0.483320550918257	0.730089341061142	-5.74677291464119
CAVIN4	-0.307728646328193	2.74098498038795	-0.72701637027701	0.483527244510468	0.730336252105933	-6.26706194577694
EPSTI1	-0.341193029485252	-0.0570767651707054	-0.726985759678187	0.483545207012945	0.730336252105933	-5.94053713602123
RASA1	0.132694085474744	6.02711358036107	0.726800954976576	0.483653660501529	0.730421732425133	-6.65243290171706
HS3ST3A1	-0.315016679969503	2.69604384406247	-0.726785024678262	0.483663009982269	0.730421732425133	-6.26112977339081
PPP1R3F	0.272396720816629	3.30964738883325	0.726663657609775	0.483734243938113	0.730458956781983	-6.34760971505449
TENT2	0.17202138721196	5.52268525081778	0.726601476492387	0.483770742433124	0.730458956781983	-6.61889562518394
TOX4	0.159123849346341	6.28723135800144	0.726586599578433	0.483779475001165	0.730458956781983	-6.66645862586079
XPNPEP2	-0.465904414488559	-0.444913058717336	-0.726399465586339	0.483889328799841	0.730549540266427	-5.89905146325117
OSGEPL1-AS1	0.69660685435948	-2.72990174773202	0.726282005815396	0.483958289506505	0.730549540266427	-5.66331536630665
ENSG00000288895	0.315564144728957	5.63301898421916	0.726280601675245	0.483959113915236	0.730549540266427	-6.62740206065236
FAM227B	0.20790241288484	3.06785321834331	0.726275848277636	0.483961904770289	0.730549540266427	-6.31316335126956
ZSCAN30	-0.229051990744283	4.00713122497524	-0.726156600497197	0.484031921828014	0.730609023416976	-6.44908946227203
FTX	0.189400337240452	3.97654957287125	0.725717526216157	0.48428978151369	0.7309284291589	-6.44508453569335
C10orf143	0.277806291741864	1.74684995593103	0.725691992218883	0.484304779767832	0.7309284291589	-6.14173275664035
MSS51	-0.340807092137008	0.0533281937964655	-0.72554095401034	0.484393503085823	0.731016107375868	-5.95342601766414
ENSG00000294755	-0.588089764440963	-4.36364011151898	-0.725359854737311	0.484499898347768	0.731095926204857	-5.52476549674856
ENSG00000296611	0.424800892209479	-2.07097140600011	0.7253261746962	0.484519686876997	0.731095926204857	-5.72694478172267
ENSG00000286932	-0.467180961638207	-3.12957756258066	-0.725203469926685	0.484591785681506	0.731095926204857	-5.62745484134946
CEACAM16-AS1	-0.390814846563964	-1.64477476463557	-0.72518644268358	0.484601791069435	0.731095926204857	-5.77017591042548
PHLDB3	-0.24900807776514	2.60623870446283	-0.725177298842111	0.484607164140517	0.731095926204857	-6.25024097991797
MON2	0.147329254771791	4.94796367367327	0.725132583892094	0.484633439913606	0.731095926204857	-6.56777389973448
RAB31	0.177232367305925	5.80361329528972	0.725043513708878	0.484685782730782	0.731095926204857	-6.64008703733207
ENSG00000291094	-0.725576852666814	-1.984262368162	-0.725033870021817	0.484691450133635	0.731095926204857	-5.73574296677291
PYGO2	0.292915583117733	6.18108851363454	0.724935677395907	0.484749158339951	0.731135632971374	-6.66227198689441
ANKRD10	0.172282868372709	6.01718948505156	0.724884832381915	0.484779041847404	0.731135632971374	-6.65329921827557
TCERG1L-AS1	0.746105216219803	-3.92902901720108	0.724773744985261	0.484844336046828	0.731187903982664	-5.55784050568313
ENSG00000289943	-0.447040037496255	-1.33299600559287	-0.724683939165714	0.484897125517347	0.73122131134912	-5.80327124823147
ZNF418	-0.229147894661517	3.23354187261345	-0.724609098022046	0.484941121223709	0.731229722021683	-6.33811727078819
ENSG00000231881	-0.54504516354838	-3.07063148294747	-0.724525257184701	0.484990410399671	0.731229722021683	-5.63326247549678
ENSG00000269688	-0.701162338514709	-2.16983057430487	-0.724471839764137	0.485021815588742	0.731229722021683	-5.71784374230003
ENSG00000243155	0.337176973037736	-0.710854606377283	0.724465797896662	0.485025367805528	0.731229722021683	-5.87118503229798
ENSG00000306119	-0.52950025857119	-2.90309695159738	-0.72441388236649	0.485055891358248	0.731229722021683	-5.64862722242609
ENSG00000276931	-0.465070120896364	-2.38642568637616	-0.724347228067281	0.485095082275677	0.731242615339708	-5.69703097526112
SRPK1	0.169669662511569	7.43279164152014	0.724139777888	0.485217069990489	0.731377052867559	-6.71314042961524
ENSG00000293332	0.442927358549374	-1.67148383733328	0.724012795313745	0.485291749477218	0.731377052867559	-5.76825089057309
RFESDP1	0.344781787403097	-1.67459255367005	0.723979151065153	0.48531153713553	0.731377052867559	-5.76795385323989
CFP	-0.505954624976017	-2.77102858022887	-0.723929757949894	0.485340588304986	0.731377052867559	-5.66114822164655
AKAP3	-0.355639367232365	0.166147375456942	-0.723890673760318	0.485363576921566	0.731377052867559	-5.96670163291064
CARS2	-0.161948674213372	4.94532431570864	-0.723866383110596	0.48537786458661	0.731377052867559	-6.56844581539764
COPS7A	-0.169506479324814	5.55012320391526	-0.723830837083372	0.485398773093482	0.731377052867559	-6.62308451386959
ENSG00000278765	0.444999155852019	-2.85924873954998	0.723574441249971	0.485549604169493	0.731478264851141	-5.6532461428563
WDR64	0.53255772388893	-3.33927251460086	0.723544624387504	0.485567146560033	0.731478264851141	-5.60982077138961
ENSG00000303422	0.512152632664176	-2.33420245941785	0.723532585720733	0.485574229476082	0.731478264851141	-5.70260157505637
LINC01780	-0.451190014048227	-0.883830706803884	-0.723495535881795	0.485596028049847	0.731478264851141	-5.85281346309067
VSTM2A	0.401052854647269	-0.158341487855585	0.723456177127203	0.485619185761358	0.731478264851141	-5.93223634971449
ENSG00000277744	0.815508800313423	-3.21116385747517	0.723329053137454	0.485693987056724	0.731544767706855	-5.62141530170487
NRAS	0.171637715892843	7.32211388660837	0.723274007086721	0.485726379048494	0.731547389963426	-6.71017723390035
CFAP43	0.358026355527059	0.0309531848896956	0.723156588119802	0.485795479045776	0.731605293941541	-5.95275911995692
C1QL2	0.555425824701415	-0.264888649467171	0.722977713238482	0.485900757069847	0.731717671082468	-5.9210971221251
TANGO6	-0.187363986950069	4.76244405655383	-0.722718418771351	0.486053391833441	0.731779480789297	-6.54924000500998
SGSM3	-0.501251611565641	-0.918875962510183	-0.722687739413485	0.486071453341434	0.731779480789297	-5.849549387729
PIK3IP1	-0.336628017626973	1.67637555405299	-0.722658014779676	0.486088953184572	0.731779480789297	-6.13561449024934
ARHGAP5	0.192967510028449	6.18088691639473	0.722653545007654	0.486091584716357	0.731779480789297	-6.66396978486649
JPX	0.167336439338055	5.57150679713906	0.722633367906125	0.486103463885499	0.731779480789297	-6.62561557384191
RHOT1	0.190873819211388	6.10118372437902	0.722595487201865	0.486125766452186	0.731779480789297	-6.65974824411703
SLC9A3-AS1	0.40204437378916	2.73486629502164	0.722519619895392	0.486170435851148	0.731800567132905	-6.26955985679029
FLRT2-AS1	0.5985719071318	-3.78138296381524	0.722420168457055	0.486228995065479	0.731842556929292	-5.57200888009151
EME2	-0.395252601411125	3.11257958646773	-0.722151459809643	0.486387238658371	0.732034570882794	-6.32260707436216
RNF214	0.144751829832141	5.01073604252901	0.721949901861615	0.486505957991798	0.732156771469416	-6.57664757359044
ZUP1	0.16829837968767	4.35785779230926	0.721909451605574	0.486529785708507	0.732156771469416	-6.50013563162723
SUV39H2-DT	-0.475749589201726	-0.702612860799709	-0.721761003418479	0.486617237151785	0.732187079983294	-5.87403618842574
ENSG00000254632	0.59397279133584	-2.95455993683026	0.721745747932777	0.486626224776386	0.732187079983294	-5.64577251004817
FAM228B	-0.395947880816968	0.138122686765438	-0.72171904025512	0.486641959600075	0.732187079983294	-5.9652735293469
BSND	0.320314441217782	-0.77210524091876	0.721641049095102	0.486687909891965	0.732209433744471	-5.8664594414632
ZNF321P	-0.462981043665878	-0.669166136200221	-0.721589683973842	0.486718174314159	0.732209433744471	-5.87784085879449
ENSG00000300558	-0.428259050581585	-2.3485326955056	-0.721272665518333	0.486904988093333	0.732410824610806	-5.70281783625125
YTHDF1	-0.155457862919202	6.5334866933948	-0.721258361480859	0.486913418280456	0.732410824610806	-6.6819004717757
KCNAB1	0.363316494825336	0.0970900716359849	0.721196792323604	0.486949705542264	0.732412721907415	-5.96125843161726
API5P2	-0.459611546530629	-2.06966443521412	-0.721086675355021	0.4870146098203	0.732412721907415	-5.73007021896074
RNGTT	-0.150643791982552	5.62014550588192	-0.721070061958693	0.487024402425206	0.732412721907415	-6.63038005830822
GREB1L	-0.84494969091556	3.40180016925595	-0.721047962982501	0.487037428641747	0.732412721907415	-6.36516622614444
MAP6D1	-0.492019879511483	-2.12178140448132	-0.720959211967516	0.487089745011315	0.732422980841052	-5.72502015281871
ENSG00000303329	-0.509834903729379	-2.35350420338353	-0.720824421241199	0.487169207258704	0.732422980841052	-5.70265637951889
PLPPR2	-0.378817706365103	4.28708622178596	-0.720792234719856	0.487188183149722	0.732422980841052	-6.49155085205377
LINC01275	-0.531286505806431	-1.66914609038612	-0.720761299667537	0.487206421657897	0.732422980841052	-5.77080066760998
GEMIN7-AS1	0.326409964226724	-0.604182243752254	0.720711990022191	0.487235494230048	0.732422980841052	-5.88564783279649
CFAP20	0.140948947151425	5.58659704623132	0.720686760693995	0.48725036965741	0.732422980841052	-6.62819114485949
BAALC-AS1	-0.270601064293626	0.976046554050403	-0.720645024460527	0.48727497831746	0.732422980841052	-6.05698047437678
SCUBE1	0.451589427351379	4.1423325711426	0.72061996883006	0.487289752075044	0.732422980841052	-6.47201477170917
TRMT112	-0.144938104467068	6.83186282384052	-0.720540794784672	0.487336437950629	0.732447025476554	-6.69470611551876
RPL8P3	0.97550035137088	-0.304980805077719	0.720423103734827	0.487405840957985	0.732470951748545	-5.9186024648966
EDC3	-0.181642611141442	6.03617402707243	-0.720362846167268	0.487441377530147	0.732470951748545	-6.65776998514767
LRRC69	0.456664216625663	-0.531656518283412	0.720351576588138	0.487448023881934	0.732470951748545	-5.89390338156322
EGR2	0.395518197858158	0.418498426376037	0.720258285822517	0.487503045248373	0.732470951748545	-5.99638640006472
COL11A1	0.462773169103922	4.30368829725501	0.720253605271136	0.487505805862724	0.732470951748545	-6.49416958165143
CREBBP	0.184107699817607	6.28783336075939	0.719951639229832	0.487683927604112	0.73268509097018	-6.67145257349739
RPL5P29	0.510360424442417	-1.85896968240912	0.719867640450529	0.487733483445192	0.73268509097018	-5.75200286217045
DMPK	-0.338264119843153	4.18300257761068	-0.719855874578714	0.487740425077899	0.73268509097018	-6.47820840529309
ENSG00000290047	0.589987744252999	-3.39967339218517	0.719634153341801	0.487871247727891	0.732824670341789	-5.6071680320941
ENSG00000301717	0.47531411691011	-1.72780381175049	0.719571412709044	0.48790827067555	0.732824670341789	-5.76559807715753
ATP6V0D1	0.158659115429734	6.10987225499569	0.719542292305004	0.487925455080294	0.732824670341789	-6.66249993696645
RAPGEF2	-0.181533834461224	5.82354468729213	-0.719315357074027	0.488059385990812	0.732908232036044	-6.64563992627092
SYT6	0.240617695947392	5.75629325393922	0.719297153760795	0.488070130073759	0.732908232036044	-6.64122902598033
ENSG00000302775	-0.482219024957852	-3.36890905786658	-0.719291925879605	0.488073215736409	0.732908232036044	-5.61013061182527
S1PR5	0.194792048072918	2.8151197673588	0.719076726345106	0.488200243904521	0.733051315891217	-6.2830878196293
LINC00992	-1.34603962216544	-2.2551960374483	-0.718994320910033	0.488248891695582	0.733051315891217	-5.71341026099006
PDE11A	0.47860294012001	-0.998773587333791	0.71897441575395	0.488260643093924	0.733051315891217	-5.84342151979578
SCARA3	-0.214806597502332	4.34823872103361	-0.718904686261975	0.488301810649908	0.733067009358495	-6.50110797944391
LRRC47	0.144078795926299	6.78662382541888	0.718815718080144	0.48835433965643	0.733084934175163	-6.69421884204533
OR2W3	0.418589988065819	-2.19282360669359	0.718780420221765	0.488375181354384	0.733084934175163	-5.71961426101627
ENSG00000274021	0.518866228023053	1.04229656067143	0.718554726631182	0.488508455692085	0.733236246978654	-6.06588497901068
UQCC4	-0.227567233092977	3.06268570788429	-0.718505668120492	0.488537428225355	0.733236246978654	-6.31817629954277
ENSG00000271855	-0.332903050892577	-1.38480929789666	-0.718422077267644	0.48858679701666	0.733251454843803	-5.80222776846373
WDR91	-0.184974988667344	3.77896841820285	-0.718340130278273	0.488635197949149	0.733251454843803	-6.42218878848006
LIMS1	0.1896226616449	5.76656905188324	0.718332460687013	0.488639728046704	0.733251454843803	-6.64263815964308
DISP2	-0.405415387076613	1.45339627603506	-0.71818128142592	0.488729028455389	0.733339351323071	-6.11284980983093
ZNF496-DT	0.263487243048637	4.65699792124476	0.718075649352957	0.488791430509651	0.733386878228066	-6.54036670094264
ENSG00000275263	-0.630014865627769	-3.30448512371981	-0.717816227884224	0.488944704506911	0.733530825448323	-5.61687766374735
TAF13	-0.251044942227775	4.51849304955837	-0.71780641403722	0.488950503408211	0.733530825448323	-6.52371156734602
ENSG00000284634	-0.242576092294922	1.0340899337566	-0.717757221365602	0.488979571495488	0.733530825448323	-6.0655469180071
TMEM196	-0.429314291711624	-2.11382939849503	-0.717596003817412	0.489074842913957	0.73362763345028	-5.72816695599845
TFAP2C	-0.619699316449061	3.93267739286985	-0.717337631369244	0.489227551990902	0.733810582162321	-6.44503215314098
TBC1D25	-0.185984647568798	3.13601324040194	-0.717212078140613	0.489301769956566	0.733875783545111	-6.32960679319354
ENSG00000286011	0.639700822927004	-3.56805356634829	0.716958424201598	0.489451733086825	0.734042319506587	-5.5942039856024
ENSG00000277218	0.562984008135012	-3.37444164515501	0.716920229629512	0.489474316627449	0.734042319506587	-5.61127266265987
TOMM22	0.320012263499272	6.69742467988943	0.716750989295274	0.489574392182948	0.734146269051924	-6.69217838701328
ZC3H10	-0.191235420245746	4.15349742652061	-0.716506946892498	0.48971872219954	0.734316563594674	-6.47661273339829
LINC02458	0.544244606693537	-3.07743566400545	0.716397748596091	0.489783312110408	0.734336172549641	-5.6382845605128
INSRR	-0.541406377667773	-2.8191215738518	-0.71638080398719	0.489793335183212	0.734336172549641	-5.6619552815002
DPP3-DT	-0.255643350430151	0.754756367247707	-0.716251373858258	0.48986989987184	0.734404830417161	-6.03576435365853
HERC4	0.156496424745014	5.50532257125465	0.716027810625161	0.490002166690544	0.73455698212444	-6.6254390703767
FAM83C-AS1	-0.466977987423857	-3.11519852086741	-0.715952712303261	0.490046602112214	0.734577455885706	-5.63516938497416
IFT27	-0.235508829815994	4.6104817565408	-0.71582985797038	0.490119299988246	0.734640289695375	-6.5364248599374
ENSG00000290790	-0.39560221934091	-1.5499744509199	-0.715747475259683	0.490168052912862	0.734667226756548	-5.78673595478808
KIF26A-DT	0.353231362795106	-0.00645955865014282	0.715687221439815	0.490203712175328	0.734671046085246	-5.95413614316578
FXYD2	-0.625673411317121	-2.1651319224106	-0.715639146508554	0.490232164911955	0.734671046085246	-5.72451130294583
ASCC2	-0.150471390091722	5.69036983657901	-0.715459748225479	0.490338349285113	0.734742602343746	-6.63952908029777
SPAG4	0.573225075544361	2.01336582275785	0.715366610088875	0.490393482604104	0.734742602343746	-6.18152972087178
LY6E-DT	-0.300705576290242	-0.805404317578744	-0.715306067439332	0.490429323014536	0.734742602343746	-5.86729112921734
PUM3	-0.186184204157266	5.85196966007005	-0.715253050603405	0.490460709580201	0.734742602343746	-6.6504754506729
ENSG00000267458	0.746999461427378	-3.66381140355368	0.71519163531023	0.490497069683057	0.734742602343746	-5.587083907401
ZNF574	-0.167988487984378	5.15390602961768	-0.715154784420818	0.490518887560773	0.734742602343746	-6.59576953920003
HORMAD2	-0.595480139970696	-4.00486952627418	-0.715154267490216	0.490519193618141	0.734742602343746	-5.55802899719994
PPP2R1A	-0.205117175349683	9.13381476446812	-0.715142447193795	0.490526192053683	0.734742602343746	-6.76499592970018
SHISAL2B	0.279432007147744	2.52544397758761	0.714823436255865	0.490715092019863	0.734979422732229	-6.24713176116043
CSE1L-DT	-0.47247017139658	-3.35910868198497	-0.714768818782365	0.490747437868907	0.734981745708912	-5.61411099935949
CTBP2	0.114727045668202	8.21510156975558	0.714661948974485	0.490810732690952	0.734988025134029	-6.74312492236228
DNAJB6	-0.269554521407552	7.37647695931226	-0.714657747848786	0.490813220957228	0.734988025134029	-6.71838575068837
CEP57L1P1	0.299880863593271	0.198413971238671	0.71446390157068	0.49092804181231	0.735058471099323	-5.97695977425346
ENSG00000302941	-0.593850257505738	-2.91557762718553	-0.714448013012606	0.490937453810187	0.735058471099323	-5.65440550214632
SGPP2	0.685524281220448	-0.732099859232248	0.714422347001407	0.490952657971019	0.735058471099323	-5.8760364273088
ENSG00000243089	-0.509128338658343	-3.32790767003367	-0.714204676071664	0.491081614690504	0.735205425782102	-5.61727217771573
ENSG00000299526	-0.791733924021772	-3.42663843754861	-0.713927473930818	0.491245870361831	0.735347732400606	-5.60870224404218
CNN1	0.341411896998417	4.23700956205864	0.713866191488837	0.491282187760333	0.735347732400606	-6.48994506781134
ENSG00000286240	-0.498021271871608	-3.19567751687819	-0.713845855757695	0.491294239554072	0.735347732400606	-5.62935819579489
UNC119	-0.17379369901412	5.54058103273278	-0.713836288558542	0.491299909534506	0.735347732400606	-6.62977854126583
SLC22A1	-0.384877230438235	-1.77909584099371	-0.713721000965435	0.491368237667636	0.73540388338957	-5.76445671499268
LINC00324	0.405924070106669	-1.58925128059793	0.713564010095175	0.491461291766075	0.735463764961507	-5.78417673896239
PFDN6	-0.187574553980763	5.42132491426131	-0.713497844662862	0.491500513647569	0.735463764961507	-6.62063928121735
ENSG00000289935	-0.586037883310521	-1.89154632423018	-0.713455448846226	0.49152564627325	0.735463764961507	-5.75321447837532
UQCRFS1-DT	0.52809176409374	-2.35926768645313	0.713420490656062	0.491546370404333	0.735463764961507	-5.70727658197225
NCOA7	0.195238218486283	3.99249398773526	0.713393580775688	0.491562323654668	0.735463764961507	-6.4564855969411
ENSG00000269949	0.456519805725665	-2.93213308969528	0.713325630869195	0.491602608494683	0.735477932485589	-5.65366029386125
ENSG00000269918	0.244820817055248	1.21295251144919	0.712676327921187	0.491987657772856	0.736007861856886	-6.08933024825005
ENSG00000279392	0.379137560967233	3.71946858501524	0.712380040818099	0.49216342372468	0.736116774534639	-6.41791909184845
ZNF430	0.196456979875457	3.89552835431285	0.712354482168834	0.492178587661884	0.736116774534639	-6.44339282744763
PABPC5	0.205510867776453	2.6059980799186	0.712341264416737	0.492186429862619	0.736116774534639	-6.25963700663008
IFIT3	0.36557427338929	-1.00985066898691	0.712267143336603	0.492230407938207	0.736116774534639	-5.84697363790192
LINC01976	-0.531248598936212	-2.99375618243217	-0.712251245230168	0.49223984103834	0.736116774534639	-5.64875984745172
MXD4	-0.37500882884748	4.67867946580206	-0.712241681626854	0.492245515631325	0.736116774534639	-6.54727825500295
NOP2	-0.606593853030099	-2.05502444438489	-0.712068409491597	0.492348334178814	0.73618318702349	-5.73784033562539
MT-ND6	-0.631921598433481	3.16105136572791	-0.712036326520849	0.492367373459004	0.73618318702349	-6.3369679977639
CCDC97	-0.163322493975166	5.3579849015144	-0.712010901890752	0.4923824617445	0.73618318702349	-6.61642113634277
SLU7	0.173673472359547	5.26866865582127	0.71192631613013	0.492432661349367	0.73621212280289	-6.60875659554321
TENM2-AS1	0.362477554284771	-0.174964687481081	0.711842696506215	0.492482290683442	0.73622013025529	-5.93879371990041
PRRT3	0.25239306220863	3.91584722009061	0.711813346740785	0.492499710883478	0.73622013025529	-6.44669179063895
ZNF702P	-0.253418223233192	3.1015070822094	-0.711586531573349	0.492634347133883	0.736375271688131	-6.32878629067221
EMC3-AS1	0.928484788249302	-3.15337781531345	0.71144177732227	0.492720284353589	0.736457604375446	-5.63481909266143
ENSG00000293832	-0.663765711703141	-2.36671282850033	-0.711385098639158	0.492753935686831	0.73646178114081	-5.70797683514368
CHP1	0.154185263018034	7.16247894624384	0.711238096044058	0.492841220851688	0.73654611259031	-6.71370659281026
ENSG00000299297	0.491756595297347	-4.03937497435828	0.710783519119713	0.493111193643685	0.736903441155459	-5.55809407484366
SLC8A2	-0.287771876830091	3.62185535874024	-0.710697007341262	0.493162583242651	0.736934095557998	-6.40493860426631
MRPL27	-0.187102051292974	4.57946565688478	-0.710576541950617	0.493234147422169	0.736993711295067	-6.53653779492
PRR29-AS1	-0.438394528896237	-2.24845563011064	-0.710492624914308	0.493284003318918	0.736993711295067	-5.71999379539912
ENSG00000309982	-1.09945948723132	1.37431612442676	-0.710473920546124	0.493295116182959	0.736993711295067	-6.10931849501946
TMEM242	0.141656839104751	4.25765686489822	0.710317873989316	0.493387834459779	0.737061862041419	-6.49532676430696
SMAGP	-0.398530351241565	2.94196954284737	-0.710285006821505	0.493407364535584	0.737061862041419	-6.30716379024466
ENSG00000260777	0.328801373132442	-1.92350642421434	0.710241230077042	0.493433377956919	0.737061862041419	-5.75223241601049
ENSG00000300465	-0.538380810595441	-4.30027169765712	-0.709836795343156	0.493673744916424	0.737374758740866	-5.53872731877248
ERICH1	0.185846586833856	5.08799294641726	0.709468083603892	0.493892943615506	0.737614104356246	-6.59364728500202
SHF	-0.194119981265627	4.58930943766747	-0.70946328358524	0.493895797616674	0.737614104356246	-6.53854557190861
ENSG00000287935	0.271660304764458	-0.0432752446717375	0.70924580078195	0.494025119485158	0.737730336846074	-5.95478201957753
MDGA1	-0.319931823862132	1.03718666481527	-0.709228437136458	0.494035445335015	0.737730336846074	-6.07205012153107
ENSG00000224066	-0.720618142282025	-2.69237411974511	-0.70912150280967	0.494099040202106	0.737779141172651	-5.67874465213788
ENSG00000219201	0.159407089435277	5.63896766926556	0.709011606948532	0.49416440157958	0.737813196687861	-6.64064323757168
DDX20	0.166371187819652	5.83386207771244	0.708979203775558	0.494183674624048	0.737813196687861	-6.65394155334079
GOLGA6C	-0.429136377306345	0.038939583393512	-0.708835532720403	0.494269134139925	0.737869877125581	-5.9639000271398
ENSG00000227615	0.206846420474188	7.34086446588808	0.708811432159311	0.49428347071202	0.737869877125581	-6.72152895785579
TNFAIP3	-0.23638102854035	1.67092201088057	-0.70862441856344	0.494394727200706	0.737986330806673	-6.14517666766107
REP15	-0.549591384509991	-3.10549372014194	-0.708550217410065	0.494438874575752	0.737986330806673	-5.64112921086942
SLC25A13	-0.12736540237362	7.11388609772664	-0.708524387854618	0.494454242926614	0.737986330806673	-6.71399723055929
LINC00853	0.517876460258438	-3.32993743075682	0.708347524832021	0.49455948272543	0.738097247011495	-5.62109233645311
CSNK1G1	0.1501996712408	4.12998256893012	0.708256836584178	0.49461345081489	0.738131634502531	-6.47940205885044
SLC6A11	0.362980214568068	2.36571091503768	0.708155788662915	0.494673588163199	0.738145027548758	-6.23112062124592
PRXL2B	-0.147840860210256	5.89940595874535	-0.708137823771873	0.494684280204567	0.738145027548758	-6.6586967710106
IST1	-0.107705109955232	7.54801166580046	-0.707972135910346	0.494782898226373	0.738158418391227	-6.72880272591152
ENSG00000295208	0.336604258259492	0.187524538688457	0.707949852002563	0.49479616261353	0.738158418391227	-5.98045335520615
RASEF	-0.281038977274397	2.84319528738989	-0.70793455376893	0.49480526893908	0.738158418391227	-6.2951100152669
VPS53	-0.170896466858577	5.34784711211352	-0.70782250105735	0.49487197184285	0.738158418391227	-6.61863468781665
CHORDC1	0.22956380310024	5.81836438832193	0.707766367725752	0.494905389057047	0.738158418391227	-6.65383925126005
ENSG00000289881	0.480417065805515	-2.42562594428236	0.707746980357286	0.494916931040162	0.738158418391227	-5.70486130435178
PA2G4P4	-0.246630203873239	3.65297967352717	-0.707722606131087	0.494931442110456	0.738158418391227	-6.41167076560676
SYNE3	0.453916667240529	-1.71339507707325	0.707683445920005	0.494954756489399	0.738158418391227	-5.77542294121582
SPTLC1	0.166021858268656	6.49912375054679	0.707569239722492	0.495022754023433	0.738158418391227	-6.69053391809136
FRZB	0.484357635711151	4.14076313746348	0.707565985785543	0.495024691477936	0.738158418391227	-6.48140526879508
STRC	-0.663949601324432	-2.64524880415485	-0.707551255365022	0.495033462302341	0.738158418391227	-5.68423249761577
TRIM56	-0.199528044647772	4.8042200593634	-0.707215497622694	0.495233405971484	0.738410426708403	-6.56540980045137
ENSG00000268628	0.656512719004497	-3.26827434626534	0.707139408377883	0.495278724009172	0.738431865687589	-5.6274235023729
ENSG00000304930	-0.505212222340589	-2.57717288656823	-0.706887718581893	0.495428646264039	0.738609251070261	-5.69108751483062
ENSG00000303877	0.483100449086062	-2.50887586795138	0.706643915195851	0.495573897499594	0.738779650944585	-5.69770517748138
TFPT	0.17729486034449	3.65715763186038	0.706467802442062	0.495678836845803	0.738889938104977	-6.41319550526732
MAP2K6	0.156037239552577	6.32753718104136	0.706208255401543	0.49583351663806	0.739011433425458	-6.68356329974314
SCN7A	-0.445099854537543	-1.33877594761345	-0.706194330954536	0.495841815897801	0.739011433425458	-5.81572458739297
SUN2	-0.310428202883628	4.42203735524192	-0.706175176849386	0.495853232282033	0.739011433425458	-6.51998504162792
RORB-AS1	-0.283697077776586	-0.00228353378110429	-0.706103787947449	0.495895783495008	0.739028702133959	-5.96142178283993
ENSG00000259940	-0.539829330604118	-3.68584714804282	-0.705934781960739	0.495996528126594	0.739108306433159	-5.59145664326429
ADIRF-AS1	-0.267026011595478	1.24829042925549	-0.705876955086593	0.496031001671231	0.739108306433159	-6.09822962694877
EPM2A	0.175402149001266	2.81123908293969	0.705794160222196	0.496080362470749	0.739108306433159	-6.29224415283764
ENSG00000267283	-0.526915732849369	-0.943073324543929	-0.705700835104325	0.496136004836788	0.739108306433159	-5.85893330674525
ENSG00000279118	0.642853177618423	-1.85560744162757	0.70564447381633	0.496169610460729	0.739108306433159	-5.76229475814646
ENSG00000302199	0.438796194137347	-1.29278149199092	0.705595703037677	0.496198691344913	0.739108306433159	-5.82105838613327
PCTP	0.154150183156169	4.55255911650022	0.705576776288357	0.496209977208738	0.739108306433159	-6.53691774810426
GPR3	-0.240954501040854	3.75155389981354	-0.705555478268685	0.49622267723009	0.739108306433159	-6.42756439591474
CDYL	0.152605359331124	6.83833834982055	0.705546704781179	0.496227908923825	0.739108306433159	-6.70603734055965
C16orf86	-0.434279538533506	0.438134545521784	-0.705309990123075	0.496369076374078	0.739165031151123	-6.00922870983008
NUFIP1	-0.163395180409161	5.00590986591956	-0.705308285199071	0.496370093214201	0.739165031151123	-6.58842771144216
NDUFB10	0.219590492098184	6.51539109411772	0.705280906143624	0.496386422634723	0.739165031151123	-6.69292009451755
ALDH3A2	-0.130690164945396	6.96005134648386	-0.705259232262589	0.496399349608323	0.739165031151123	-6.71084065096756
NAP1L5	0.214490282226621	2.1619262526571	0.705223194633191	0.496420844024023	0.739165031151123	-6.20732413765594
ENSG00000262580	-0.443288939812795	0.715343861926584	-0.704868688601985	0.496632317381379	0.739433781593348	-6.0396273816957
TRIM8	-0.181059508019905	4.59908667236948	-0.704243759094467	0.497005241090441	0.739942866265707	-6.54354248166984
SYT9	-0.269505268748371	2.55172394502461	-0.704160741827561	0.497054794183691	0.739970482334216	-6.25834533674771
RPL26L1-AS1	0.398410804080182	-0.841909847169594	0.704060400983536	0.497114691786659	0.740013493973193	-5.87120484806248
ENSG00000251199	0.685830519520791	-3.87560484232134	0.70368605624749	0.497338192751109	0.740266955519623	-5.57668399517517
AK4P1	0.29729853393543	4.24805985507768	0.703671322227115	0.497346990897773	0.740266955519623	-6.49888656797933
SCN4A	-0.270898712955628	4.51675772826331	-0.703423792491953	0.497494812963116	0.740440802007401	-6.53404792725543
ENSG00000298945	0.76322876717141	-3.1540904045139	0.703358266284608	0.497533949013578	0.740452875295072	-5.64026523778288
MMP17	0.490810819589456	6.06019373693683	0.703178005766795	0.497641620791687	0.740566938735203	-6.67179035153603
GMPS	0.142867451794562	8.03901911782939	0.702875264348279	0.497822484044707	0.740747692139848	-6.74700152924214
ZNF615	-0.209830201036673	3.5075355573973	-0.70287079349552	0.49782515531584	0.740747692139848	-6.3939399145252
CENPA	-0.162008586218818	4.54793055492425	-0.702641564209179	0.497962128343459	0.740905312460154	-6.53848604704615
ENSG00000293347	0.718287169028894	-3.42212954853977	0.70228127474484	0.49817746140056	0.741114132664709	-5.61701221755508
BCL6	0.310315196458723	3.15597009017443	0.702243719269164	0.498199910346675	0.741114132664709	-6.34335407629124
RIC3	0.291678806199649	3.33727016011831	0.70222266584334	0.498212495393186	0.741114132664709	-6.36953523439358
ENSG00000239482	0.33486273773395	-0.882663681920798	0.70215555595624	0.498252612780156	0.741114132664709	-5.86806018441431
LRRC37A4P	-0.464194031736672	-0.937312778865146	-0.702133624745631	0.498265723391813	0.741114132664709	-5.86206608370583
PYGL	-0.283366516187424	6.49069173354037	-0.702095044659648	0.498288787315984	0.741114132664709	-6.69415761615064
POP5	-0.180235451123931	4.23108688602082	-0.701855139029564	0.498432222241725	0.741243208672721	-6.49792409228943
SRSF1	-0.235541164898856	7.01669206356882	-0.701846001025978	0.498437686177086	0.741243208672721	-6.71541715779132
ENSG00000203593	0.459494388657669	-4.42375626531798	0.701619744646389	0.498572984568299	0.741398219482342	-5.53751227842058
CADM3	-0.364310636366731	3.64716105581548	-0.701383142111376	0.498714493890731	0.741562446308023	-6.41541957951499
CBR3-AS1	0.370288268814857	-1.52949549494099	0.701261356394807	0.498787342151485	0.741596606891763	-5.79900294918388
BCRP8	-0.370892843661345	-3.17667803469092	-0.701240845714187	0.498799611615765	0.741596606891763	-5.63965982591048
EFHB	-0.302913616986343	0.132575843664063	-0.701147305407415	0.498855569657561	0.741598591036407	-5.97938237171747
ENSG00000289929	-0.445351257010269	-0.0524424030024554	-0.701134734074856	0.498863090421482	0.741598591036407	-5.95953951143469
LSMEM1	0.485385025235033	-2.73180311627284	0.700929968973684	0.498985600336297	0.741734511909965	-5.68067279957042
L3MBTL2	-0.199593263818185	5.4407220708517	-0.700745227445016	0.499096146055574	0.741851046908666	-6.63156058986295
ACTRT3	-0.384117211469312	1.43927486204769	-0.700695069599488	0.499126162117541	0.741851046908666	-6.12381417179046
PBX2	-0.15431652913544	7.28935377505856	-0.70041471300116	0.499293956839088	0.742048452196012	-6.72594980687716
POLR3K	-0.141847046013429	4.92533843528073	-0.700369265394883	0.49932116069334	0.742048452196012	-6.58366240627873
ENSG00000270091	0.413932353470227	-2.02993217908192	0.700304846701827	0.499359721742189	0.742059552880943	-5.74846947471653
CANX	0.150945335806675	9.55972040154749	0.700171057807252	0.499439813636889	0.742132364093613	-6.78502040909398
MFAP4	0.22967389797695	3.12933681025006	0.699973243570842	0.499558248308524	0.742180203065898	-6.34118869085732
MFAP2	-0.17420614532245	6.57674581087331	-0.699929906094233	0.499584197470553	0.742180203065898	-6.69947842451145
ENSG00000288949	-0.354060656606098	-2.85172565339508	-0.699886788969348	0.499610015511	0.742180203065898	-5.67025328563004
HDHD2	0.319227482514638	4.30144779031054	0.699858652341499	0.49962686384154	0.742180203065898	-6.50881462603191
ENSG00000293152	0.491731408615844	-4.17810106726258	0.699857605353663	0.499627490788946	0.742180203065898	-5.55386794659894
RUSF1	0.15904189692036	5.79964709838342	0.699725255729413	0.499706747021351	0.742251738309595	-6.65850701446704
ENSG00000273523	0.417761315479693	-3.53572776575984	0.699486559399487	0.499849707341919	0.742329386280959	-5.60887827537274
IKBKB	-0.174071664981753	4.78549486059519	-0.699474826426788	0.499856735114291	0.742329386280959	-6.5689242958786
NCL	0.159866174925474	10.5721420308535	0.699447403902723	0.499873160791473	0.742329386280959	-6.8043698081332
SMDT1	0.168958506147521	3.29616635976752	0.699430254757982	0.499883433037565	0.742329386280959	-6.36559521981103
UQCC2	0.166881836553871	5.32846073788631	0.699369323443987	0.49991993161327	0.742337398607224	-6.62313640405763
CCL3L3	-0.647970602697043	-3.13197013608618	-0.699178141697887	0.500034462311423	0.742461273608731	-5.64509418911928
ENSG00000284954	-0.322000372850918	-1.53276452704892	-0.6989856538993	0.500149791628208	0.742562722342124	-5.80023391880157
ACVR2B	0.132239884153066	7.0580264820396	0.698960253898374	0.500165011286378	0.742562722342124	-6.71899849039487
MAP2K5-DT	0.319560289670347	-1.11378807543075	0.698795159735847	0.500263942463095	0.74266340205055	-5.84508638709143
ENSG00000295032	-0.492143764576737	-1.81158932882295	-0.698609642162473	0.500375126452988	0.742782257933417	-5.77162569126373
DEFB122	-0.724199552219607	-3.99801357071583	-0.698375591852693	0.500515418518455	0.7429080595937	-5.56986979550802
TMEM39B	0.161160973086517	4.30537637642179	0.69820589647223	0.500617150631727	0.7429080595937	-6.51053424880474
UBA5	0.11732887456937	5.67814876455909	0.698118664142199	0.500669451191554	0.7429080595937	-6.65136891277248
RN7SL832P	-0.420336637013016	-1.35217227730154	-0.698109712956971	0.500674818106193	0.7429080595937	-5.8199167180931
ENSG00000291063	-0.37689455747878	0.0970727851263495	-0.698094575746105	0.500683894092477	0.7429080595937	-5.97772479170199
ENSG00000296165	-0.446643144941471	-2.26177614912327	-0.698063411674942	0.500702579798506	0.7429080595937	-5.72725696258422
ENSG00000282885	0.307171011789873	-0.980621474187233	0.698027975772991	0.500723827374663	0.7429080595937	-5.86015150839157
P2RX1	-0.548519517171337	-3.26511421894384	-0.697992310691257	0.500745212924452	0.7429080595937	-5.63389262700039
BLOC1S2	0.196704521072196	5.39962932218693	0.697833715147844	0.500840316977783	0.7429080595937	-6.63030115004746
ENSG00000287439	-0.517716456445934	-3.39939424636105	-0.697817917366437	0.500849790944204	0.7429080595937	-5.62202973633126
RNF175	0.221118933108353	3.18024708469373	0.697802360566523	0.500859120500413	0.7429080595937	-6.35002442233176
MAP1LC3C	0.513359136929012	0.583444851941859	0.697800673332949	0.500860132356309	0.7429080595937	-6.03027477430866
RIOX2	0.140271189402913	4.39768217862778	0.697793350964038	0.500864523690544	0.7429080595937	-6.52296449220425
DLG4	-0.348697261790825	5.39185213862247	-0.697597858662082	0.500981772043207	0.74300007251719	-6.6298248830482
GCN1	-0.209638356103289	7.81912743988458	-0.697543954258169	0.501014104665464	0.74300007251719	-6.74460469860801
MEA1	0.184978017147042	6.35721170032174	0.697534207813595	0.501019950856482	0.74300007251719	-6.69129041543685
MICB-DT	-0.62668853642876	-2.64876145559637	-0.697430265659613	0.50108230086846	0.743036332952761	-5.69081359854726
ENSG00000303879	-0.612379188679491	-3.98834337298405	-0.697389648058432	0.501106666745198	0.743036332952761	-5.57133854984773
RCN1	-0.153519225051994	6.68614439372444	-0.697123860556638	0.501266126447374	0.743139180446395	-6.70611092587037
DTD1	0.152279008942086	4.9747727919445	0.697034705813765	0.501319621935908	0.743139180446395	-6.59122582451341
TBC1D2B	-0.158988610800985	4.74859339927931	-0.697027754437385	0.501323793114215	0.743139180446395	-6.56652570687356
ZNF783	-0.259794169714156	3.16674691314682	-0.697023674563881	0.501326241255057	0.743139180446395	-6.34864702224871
DUOX1	-0.505971015364819	0.494179110214626	-0.69696548087053	0.50136116135678	0.743139180446395	-6.02118240938261
ENSG00000308992	-0.440351013391454	-1.7402077662484	-0.69695870330954	0.501365228442431	0.743139180446395	-5.7800794499074
CIAO1	-0.121306563165786	6.31650774726023	-0.696826065994594	0.501444825628932	0.743139180446395	-6.68985443059116
CEP104	-0.178733587994606	4.77974463030049	-0.696811620500733	0.501453495002455	0.743139180446395	-6.57019911050308
ENSG00000308027	-0.501225874307335	-3.67000221521584	-0.696807017240397	0.501456257639804	0.743139180446395	-5.59895057396052
TOMM22-DT	0.266485694569632	1.41739451965438	0.696700233422715	0.501520346337698	0.74318801105438	-6.12412484327535
TEAD2	0.145530013739122	7.59090365434491	0.69641119139126	0.501693846450407	0.743398959038422	-6.73855830454211
BLOC1S6	-0.132343267688077	5.66875217598719	-0.696356859061822	0.501726464013686	0.743401137112902	-6.65197521191793
ENSG00000280309	0.703461446006112	-3.39344692673082	0.696040233374369	0.501916571018318	0.743636047116018	-5.62374880679805
TFB2M	0.205109608576096	4.58476417810607	0.695989025142829	0.501947321365863	0.743636047116018	-6.54778598653099
NDUFA7	0.38246864244722	-1.71594156597974	0.695857308919723	0.502026421732325	0.743672006065982	-5.7833353256335
DPP9	-0.278793252178149	5.39309424099906	-0.695819085905355	0.50204937746064	0.743672006065982	-6.6312135969255
ZNF304	-0.159619416988059	4.29078692877068	-0.69579295669843	0.502065070337334	0.743672006065982	-6.51032172263551
PRKCE	0.238685967662936	1.58215859442567	0.695344187946644	0.502334641939208	0.74402512716663	-6.14422505869437
MIR222HG	0.304517536596615	1.51666033148995	0.695283190536766	0.502371289377225	0.74403323385456	-6.13662424062092
ENSG00000258604	-0.517239222925426	-2.39912161287339	-0.69521622839553	0.502411522320835	0.744046649493136	-5.7159690980247
VRK3	-0.131981454993519	5.03850846158574	-0.695075557918995	0.50249604792645	0.744090657102403	-6.5991980225731
ENSG00000277895	-0.788447840361005	-4.11402385784729	-0.69506300483902	0.502503591200257	0.744090657102403	-5.56235460307121
ZNF285	0.233723197156453	2.48679083108039	0.694845750092216	0.502634152723111	0.744167564197628	-6.25644544916667
ENSG00000267053	0.515231169616094	-3.36158201088212	0.69483149883044	0.502642717890814	0.744167564197628	-5.62739142594628
PJVK	-0.389323929855036	-0.165923941325082	-0.694811596722424	0.502654679429084	0.744167564197628	-5.95177910120651
STPG1	0.19886978890495	4.25005478265649	0.694769056260322	0.502680247621995	0.744167564197628	-6.50558658404922
DPAGT1	0.274095892655993	6.14613137599977	0.694694370991168	0.502725137799355	0.744187859818719	-6.68268150247536
ENSG00000287292	0.688606428261011	-3.84460751457659	0.694487926078603	0.502849235864814	0.744325397691982	-5.5854567506535
PLK1	-0.140790343448288	8.0141643078902	-0.694016765196566	0.503132529729579	0.744698548034472	-6.75273597441959
SEC24A	0.175616489574174	5.89146253931836	0.693949452715944	0.503173010487013	0.744712280869003	-6.6685150284138
CHMP4A	-0.258425989598948	0.0294008130139556	-0.693697939674264	0.503324284354407	0.744844476604714	-5.97354657151777
APLF	0.21292177415327	3.01558412477987	0.69369377394267	0.503326790088999	0.744844476604714	-6.32947762116637
FAM76AP1	0.419214628038457	-1.70459792773299	0.693645289846416	0.503355954378742	0.744844476604714	-5.78602104081986
GSEC	0.332877708214133	1.20233577698591	0.693551003472718	0.503412672727481	0.744847931422528	-6.1017710302607
ENSG00000269906	-0.375618197336344	-0.00543331412800139	-0.693537650375859	0.503420705651184	0.744847931422528	-5.96991980503261
ADCY1	-0.170033098966813	5.42336608204141	-0.693473993809108	0.503459001086805	0.744858416745522	-6.63539913319476
SLC5A3	-0.201268279658984	4.27605258028885	-0.693298326023004	0.503564691042285	0.744968603552112	-6.510141991698
BAG2	-0.412884116658949	4.45446305038399	-0.692886775633971	0.503812351851624	0.74528879395331	-6.53373333101525
ENSG00000279744	-0.821630080948063	-2.58316398310809	-0.692723871831755	0.503910403777794	0.745387642204191	-5.7001701555101
ZFX-AS1	0.631519419238243	-4.29235721939815	0.692567295591727	0.504004658075219	0.745480861073454	-5.55072001615635
FAM200C	-0.231695803929125	2.80188804766143	-0.692412611641211	0.504097783794721	0.745572399196171	-6.30055572974228
ENSG00000269934	0.346384402105163	-0.510308107817416	0.692343063641916	0.504139657788307	0.745588128171615	-5.91600793550736
ERLIN1	-0.121306702811377	6.10678989809709	-0.692122468947592	0.50427248912497	0.74569470067613	-6.68239444020523
SPTAN1	0.236016478003927	7.78720316090124	0.692119618338391	0.504274205761626	0.74569470067613	-6.74758478922896
ENSG00000305195	-0.329837145298077	-1.15643019084172	-0.69199833863768	0.504347243678634	0.745748113733613	-5.84514644312469
PAAF1	0.13222460805122	4.94922190645402	0.691955874590522	0.50437281819617	0.745748113733613	-6.5922167089645
DCTPP1	-0.161528521607895	6.16002611066157	-0.691816594840709	0.504456706744806	0.745780456553343	-6.68548495728351
CA9	-0.439583815356251	0.159917796561306	-0.691815796926809	0.504457187354806	0.745780456553343	-5.98885844732573
RBM26-AS1	0.373453838398175	1.50269596115564	0.69167358510376	0.50454285069509	0.745823421499442	-6.13755083815392
PELP1-DT	0.454733370127823	-0.873742871150422	0.691663795729029	0.504548747791092	0.745823421499442	-5.87632121446814
IPPK	-0.199329754481288	3.87780145293	-0.691434700535269	0.504686766146012	0.745981237852658	-6.45600806571655
RRN3P3	-0.350868795463721	0.90348528318164	-0.691181059336697	0.504839598984156	0.746160930700697	-6.06997799640631
ENSG00000260608	0.474791541660955	-2.2219467587858	0.691106987415612	0.504884236711907	0.746180697108371	-5.7358572916307
ZEBTR	0.536117220301203	-0.627817895237507	0.691046078962054	0.504920943576454	0.74618874057828	-5.90392919627777
PTTG1	0.234891610729556	7.35731035644446	0.690894166359534	0.50501250172743	0.746277839064366	-6.73509303889589
BBS9	-0.197887054111378	4.19984662109959	-0.690816198632005	0.505059497009317	0.74628041550333	-6.50165154798921
SLC19A3	-0.22571686919204	2.64351725099191	-0.690770757395595	0.505086888075611	0.74628041550333	-6.28017074781648
CACNG7	0.267747665343426	6.82060621422412	0.690729769927653	0.50511159527312	0.74628041550333	-6.71608823170541
KDM8	-0.262793530653735	3.02934781016488	-0.690644540448025	0.505162973852245	0.74628041550333	-6.33359503704646
ATP6V0D1-DT	0.53426860303132	-1.34551003554506	0.690631912297663	0.505170586704312	0.74628041550333	-5.82577054954845
MFSD14B	-0.180682910273293	6.07980749111497	-0.690490265348013	0.505255983020906	0.746299595061002	-6.68207054448307
MAGED2	-0.183817289348124	7.44447055045261	-0.690473382627161	0.50526616188427	0.746299595061002	-6.73822085930178
HABP4	0.216911388299305	4.45564870583907	0.690449807678416	0.505280375807476	0.746299595061002	-6.535628757682
RPL18AP13	0.512951562740446	-2.48503766515768	0.690402920312855	0.505308646088147	0.746299595061002	-5.71102372849095
SERF1A	0.42556785350348	-1.44982930963727	0.69031385851066	0.505362347678202	0.746332723967307	-5.81492453206193
ENSG00000286758	-0.473495938932458	-3.56985635731724	-0.690257935761539	0.505396069185236	0.746336343475066	-5.61203544396398
UCHL3	0.516452879032781	3.32765885118292	0.690096915122181	0.505493172513449	0.746418293066878	-6.37683251203302
AGA	-0.169645812841389	3.29943106178432	-0.690052768669627	0.505519796962576	0.746418293066878	-6.37277445448402
IKBIP	0.190806889922673	4.6218631446018	0.689976301380818	0.505565915918791	0.746418293066878	-6.55659665269167
RPL26	0.424962513811411	6.53449108462747	0.6899584891074	0.505576659224836	0.746418293066878	-6.70484837417223
ENSG00000307024	-0.779382437760135	-3.88897086828998	-0.689659418449655	0.50575706157704	0.746638447990302	-5.58486245207323
ENSG00000310190	-0.433822359404347	-3.61746896867779	-0.689590295113697	0.505798763004965	0.746653827105362	-5.6083132267432
ENSG00000307354	-0.557354323503121	-3.85825826433053	-0.689477392695605	0.505866880406502	0.746677376356301	-5.58759969846535
ENSG00000308425	0.559230582111256	-3.22379944108677	0.689418190385994	0.505902601151652	0.746677376356301	-5.64334123014679
TMEM214	-0.172897082237115	5.79873376660986	-0.689408297179821	0.505908570539144	0.746677376356301	-6.66588373500493
CBX1P2	-0.806463996566153	-2.95388285261774	-0.689260950896989	0.505997481762885	0.746708821413517	-5.66799577350922
PPIAP6	0.653638531716195	-3.63852205744042	0.689214329210091	0.506025616045365	0.746708821413517	-5.60672646029204
ENSG00000290793	0.383570797057636	1.8739022048418	0.689204023858238	0.506031835031985	0.746708821413517	-6.1832536289963
ENSG00000279583	-0.414775342551193	-0.502936505450373	-0.689165603544464	0.506055021006563	0.746708821413517	-5.91901493360788
CSNK2A3	0.127265463184695	6.32949564146019	0.689096196715078	0.50609690842368	0.746724462991343	-6.69604823270522
SMUG1	-0.14821767645675	4.90866987060566	-0.688603409064446	0.506394369010286	0.746964941413364	-6.5903635048968
DUSP9	0.268780218559269	1.57503131396137	0.68857393993018	0.506412160771287	0.746964941413364	-6.14816187559018
ENSG00000269044	-0.318780869331666	0.509305579132574	-0.688530246607433	0.506438540972772	0.746964941413364	-6.02872503302032
ENSG00000289190	0.389723488252402	-2.77485035287979	0.688506473572308	0.50645289448721	0.746964941413364	-5.68504918993847
AMBRA1	-0.199145439283504	5.58025432831789	-0.688495017141663	0.506459811657615	0.746964941413364	-6.65122000367547
EID2B	-0.25208916230735	1.36561395365936	-0.688490178202745	0.506462733332185	0.746964941413364	-6.12394604121632
MAPK8	0.122265691835345	5.99932645912184	0.688403635279512	0.506514988301147	0.746964941413364	-6.67898811229494
NPHP1	0.205742285870129	1.46383268616448	0.688342880021464	0.506551674524434	0.746964941413364	-6.13538506834677
LCNL1	-0.623415264761305	-2.69904125518436	-0.688334625049838	0.506556659299233	0.746964941413364	-5.692235996951
MAP3K14-AS1	-0.258173076269987	3.15180673052536	-0.688306728136925	0.506573505104412	0.746964941413364	-6.35272629998733
TNNI1	-0.51937475078759	-1.41259516580227	-0.688239593335784	0.506614046457192	0.746964941413364	-5.82027794520115
QTRT2	-0.173037128705357	5.83858299996106	-0.688169772217716	0.506656212107537	0.746964941413364	-6.66932314387718
RN7SL130P	-0.497432140854149	-3.42154211726527	-0.688152315387716	0.50666675478866	0.746964941413364	-5.6265046945186
ABHD17AP1	-0.524466345345118	0.166143559876645	-0.688046329215085	0.506730765735406	0.74701316774595	-5.99214836925554
NOC2LP1	-0.48171494629969	-0.647004251642238	-0.68788122720773	0.506830489781323	0.747054146606695	-5.90398740896916
LRCH1	-0.146936496502619	3.92365130556888	-0.687849977744177	0.506849366255483	0.747054146606695	-6.46511130445319
MBOAT7	-0.22173830536575	6.57589999077379	-0.687844846968063	0.506852465580182	0.747054146606695	-6.70815272253885
PKNOX2-DT	0.459170146448725	-2.21375087444136	0.687727611155383	0.506923286813859	0.747080278448476	-5.7389383988402
ENSG00000285563	-0.559238543271352	-3.69949789779677	-0.687711865956036	0.506932798821514	0.747080278448476	-5.6024203091188
ENSG00000309043	0.419386810121244	-2.39363136908171	0.687502123031602	0.507059519262644	0.747217192442434	-5.7217060699582
RBL2	-0.12989405706729	4.94621977078047	-0.68740116384969	0.507120522636191	0.747217192442434	-6.59516088132062
RSRP1	0.229324562088961	3.86901817144617	0.687372233965891	0.507138003990043	0.747217192442434	-6.45764926973326
RND1	-0.421655452115896	2.88995942513644	-0.687350839357947	0.507150932265262	0.747217192442434	-6.31634420921222
ORC5	0.168248603415774	5.19481464877265	0.687255558641093	0.507208510658981	0.747241499343546	-6.61987745328507
NPM1P37	0.523441808337706	-3.40478297054896	0.687219922051003	0.507230046962953	0.747241499343546	-5.62860982069067
KCNJ3	-0.402354446198412	-0.903507169249078	-0.687096491264508	0.507304644318902	0.747242701535341	-5.87619065959961
SNRPN	-0.35295204377374	6.14783026134153	-0.687073937472218	0.507318275778834	0.747242701535341	-6.68824126869176
LYSMD3	-0.180586316042937	4.54220767659891	-0.687044015517689	0.507336360881107	0.747242701535341	-6.54899900864989
RPS24	0.285612207313068	10.0449202750389	0.687011361896747	0.50735609747267	0.747242701535341	-6.80397587069563
ENSG00000272977	0.272727377053954	1.05591092616517	0.686797879458324	0.507485142564325	0.747386640601181	-6.09002208811333
TMSB10	-0.157227786867298	8.26238890628737	-0.68652507033795	0.507650078133902	0.747576210861765	-6.764855932612
RAC1P2	0.173235914167244	6.44833592906113	0.686481358774224	0.507676508385951	0.747576210861765	-6.70349606978266
ENSG00000293548	0.420794716291662	-3.92954115645137	0.686389690450521	0.507731938456223	0.747611708010035	-5.58356055795826
MYL12A	0.187405662883325	7.64607363766087	0.686140856356704	0.507882422093963	0.747746994087215	-6.74763668044237
ENSG00000302201	0.266634783209807	-0.569086650840365	0.686091287507153	0.507912402319749	0.747746994087215	-5.91384646003088
ARFGEF2	-0.190381547109769	5.56847221615601	-0.686047268429428	0.507939026830249	0.747746994087215	-6.65208585215431
ENSG00000226963	-0.644084042607779	-3.45079412388505	-0.686020778036819	0.507955049692963	0.747746994087215	-5.62532061676933
CKAP5	-0.171734785142752	8.18228656840366	-0.685931037741708	0.5080093318855	0.747746994087215	-6.76314464596564
NKAIN3	0.505274255595067	1.74422865248469	0.685926965962389	0.508011794910303	0.747746994087215	-6.16999242178296
KLF4	-0.54156482750513	1.89567722465589	-0.68584975457525	0.508058501548988	0.747769626077313	-6.18824227489255
CERT1	0.120335086639719	6.15919172259983	0.68571054529897	0.508142718450959	0.747847460151017	-6.68981114608255
HNRNPK	0.185002827639764	9.90748024157697	0.685255706529389	0.508417939335013	0.748206373049005	-6.80263563696763
RBM38	-0.200550043873911	6.31903140939104	-0.685018554534538	0.508561474653229	0.748371460358136	-6.69845417155382
PCMT1	-0.138442091021741	6.37826331645119	-0.684749855537165	0.508724133248947	0.748560236243416	-6.70147195053212
NEK3	0.180961775506467	5.23494964511532	0.684703023765047	0.508752486366299	0.748560236243416	-6.62541456620166
CPVL-AS2	-0.474892752235799	-2.23211086653159	-0.684253724330277	0.509024551891148	0.748877569718608	-5.73948621592511
LINC01431	0.367754313053756	-0.961215506939534	0.684243220188639	0.509030913543595	0.748877569718608	-5.87177729459335
ENSG00000254343	-0.620804158248251	-1.62565497088982	-0.684020827750972	0.509165612957756	0.749029566350023	-5.80074998995124
ENSG00000290912	-0.416483447014995	-0.389871534759443	-0.683965083752742	0.509199379545676	0.749033071902413	-5.93500156829936
ENSG00000256538	0.470051595776475	-1.60619236141608	0.683704690246085	0.509357129229956	0.749218945108552	-5.80300143137746
TUBA8	-0.72439437090196	-3.49661227554955	-0.683587668446337	0.509428032121727	0.74927699157563	-5.62287393574716
PSMD8	0.151040001027356	7.57662972921277	0.683535933638842	0.509459379867152	0.74927699157563	-6.74735566385502
CASC15	0.153398112993436	3.39793214916	0.683308685024265	0.509597090726116	0.749433345514832	-6.39186489664462
TM9SF2	0.139271873552953	7.64897426400342	0.683217488187792	0.509652361599215	0.749468448200151	-6.74980859219677
ENSG00000251548	-0.206995932224807	1.67452432632751	-0.682939160013239	0.509821067889176	0.749670348549748	-6.16381120851946
PDCL	0.142744949787274	4.68909925082204	0.682592639052312	0.510031155721278	0.749933070083769	-6.56992701196977
ATP9B	0.180243066899035	4.33418862505127	0.682412645916121	0.510140302086823	0.750025202990422	-6.52567524860729
RPP30	0.171315803265064	5.73773957488761	0.682385662351635	0.510156665913039	0.750025202990422	-6.66679152918878
SSBL5P	0.437456036955386	0.00759485586486598	0.682230890183504	0.510250531561169	0.750104406716495	-5.9791510063247
STK3	0.165740407007609	4.308056749585	0.682193191961999	0.510273396214397	0.750104406716495	-6.52232865261335
ENSG00000266279	-0.5052596275386	-3.15621237720279	-0.682052905622016	0.510358487840931	0.7501832868941	-5.65432446006955
CXCL3	0.31211809426368	0.670287309981465	0.681831711065083	0.510492672259952	0.75033431511444	-6.05087038043469
ENSG00000256196	-0.589521362053823	-3.59162526953672	-0.68169183792152	0.510577535210277	0.750412835326293	-5.61576846653696
ENSG00000249602	-0.570206234356446	-0.116608709397403	-0.681047586956087	0.51096852077987	0.750927713928375	-5.96660219257333
TLE3	-0.151805736209835	6.188762848245	-0.680954105780168	0.511025267977024	0.750927713928375	-6.69473623989046
LINC02417	-0.622487590259189	-2.88758224951171	-0.680943029795641	0.511031991839561	0.750927713928375	-5.67963153893715
RPS3AP38	-0.821748712465141	-3.00377092505529	-0.680907257533421	0.511053708356249	0.750927713928375	-5.66896806616645
ZNF41	0.166910040596594	3.28330985289165	0.680754091307294	0.511146698326464	0.75097710997703	-6.37700246255315
GORASP2	0.205445700070707	7.1130145086489	0.680748232280705	0.511150255649091	0.75097710997703	-6.73401347880385
KIAA0319	0.28823832549058	0.717486120439381	0.680662153166298	0.511202520515956	0.751007666942899	-6.05683399050577
ARNT2-DT	-0.377395465925182	0.727148161544652	-0.680494081365122	0.511304578353451	0.751111366502236	-6.05800595495557
ENSG00000285749	0.501929848703919	-4.27058830717867	0.680289168458093	0.51142902371241	0.75119789214729	-5.56019649887263
SCFD2	0.242668947552362	3.74803349975858	0.680257232601385	0.511448420272228	0.75119789214729	-6.44514086665222
HSD17B14	-0.37747721099488	3.41432617056324	-0.680241621460021	0.511457902015061	0.75119789214729	-6.39642303489642
NAPA	-0.145509140878104	5.13776460245794	-0.680046111636858	0.511576657820363	0.751315238015164	-6.61960469136605
ENSG00000290000	-0.598819472385812	-3.96827979013496	-0.680006441372405	0.511600756199876	0.751315238015164	-5.58443826718375
LOXHD1	-0.633964355558468	-1.2141702042068	-0.679945760548266	0.511637619123607	0.75131556919846	-5.84712459521483
DNMBP	0.231806974213631	5.83659658681289	0.679902434418151	0.511663940241831	0.75131556919846	-6.67507314946693
CETN3	0.140885996829065	5.01166109322478	0.679796602293408	0.511728237888901	0.751363755994735	-6.60733336799969
CLCN3	0.123299198226706	6.31585029129053	0.679565063553342	0.511868924748641	0.751524091226366	-6.70216722373876
GLYCTK-AS1	0.519131541776226	-0.816910874908359	0.679399015470086	0.511969832693933	0.751591553169207	-5.89097691568122
ENSG00000307602	0.694602782951252	-3.36469040784447	0.679385814863771	0.511977855257258	0.751591553169207	-5.63733576936206
LEF1-AS1	0.702250205058949	-3.0942755356481	0.679300555264768	0.512029672919667	0.751621391449271	-5.66176165576405
PODXL2	-0.375728564795948	5.5627331918604	-0.679199855514809	0.512090878600938	0.751665006123529	-6.65650701619347
CPSF2	-0.121141195893787	7.44115993411114	-0.679143024214684	0.512125422816957	0.751669483203513	-6.74618865371797
LATS1	0.138445942618453	5.06353906672846	0.679075280472519	0.512166601858157	0.751683697364939	-6.61310654989652
TLK1P1	0.691028567446562	-3.62341616053081	0.678785010817347	0.512343069114507	0.751896453947976	-5.61488624029157
TNFRSF10B	0.193306323088726	6.76669879376324	0.678679695696636	0.512407103682027	0.751944192300722	-6.72254180211143
FAM78A	-0.185664810401808	2.77601683047451	-0.678533829549584	0.512495802360157	0.751989845067364	-6.30677929825912
MIR17HG	-0.294305272042922	2.41705926260251	-0.678524906734512	0.512501228468837	0.751989845067364	-6.25880267247145
ENSG00000304698	-0.609066003875368	-3.60955449041881	-0.678232510996531	0.512679058156892	0.752204529478732	-5.61645792659461
RPL7AP27	1.08686138037974	-2.09709738115821	0.678100501704187	0.512759355911137	0.752276097094363	-5.75683711065444
ENSG00000287506	0.743721463487709	-2.43097135395508	0.678046974957962	0.512791916964215	0.75227762506515	-5.72444439817199
FBLN1	-0.135223556019052	7.90390416641222	-0.677648748247801	0.513034202702951	0.752586804911575	-6.76129952244214
RSL24D1	-0.17309327577388	7.25391270935941	-0.677513621927992	0.513116430731469	0.752661167246511	-6.74116512839382
ACTR3B	0.142916083498152	5.05911088510104	0.677304977300659	0.513243412177887	0.752801162638252	-6.61391262113687
RPS2P32	-0.425113026044831	-3.39685780975502	-0.677181052037179	0.513318842212477	0.752830091909784	-5.63591092896103
LINC02323	-0.52719893698098	-2.63906338652468	-0.677168929950359	0.513326220963666	0.752830091909784	-5.7052899063126
BTBD9	0.256133734927001	2.82411872682741	0.677029763242739	0.513410936721748	0.752834900934102	-6.31444712335093
GFRA3	-0.273620120720117	0.791211268575809	-0.677023818005704	0.513414555987218	0.752834900934102	-6.06741565317886
GLB1L	-0.186369716091601	2.54298992110182	-0.6770080931822	0.513424128818217	0.752834900934102	-6.27641617413431
NKIRAS2	0.176744560641912	6.12314389094142	0.676926310593171	0.513473917488567	0.752861653071608	-6.69410083062249
CENPO	0.138564561365533	6.13326571873061	0.676759572990044	0.513575435151005	0.752964242935624	-6.69476786430405
MXD3	-0.252663301968336	2.57319972973026	-0.676632202577855	0.513652992333487	0.752977677067389	-6.28068380603828
RFLNA	-0.343677346441502	2.22739311025984	-0.676563628536711	0.513694750696419	0.752977677067389	-6.23581786153764
SLCO4A1	-0.337678249803344	3.86375920625853	-0.676532408266789	0.513713763045511	0.752977677067389	-6.46454335207368
COPS6	0.121995761455672	7.10669648440755	0.676528157790135	0.513716351510153	0.752977677067389	-6.73677231134004
U2AF1L4	0.254831589845747	2.08989633229665	0.676485478772288	0.513742342706053	0.752977677067389	-6.21862109575056
CEP15	0.254328944175788	3.17705203303321	0.676358805411049	0.513819490458804	0.753044505912206	-6.36473674821612
SH3TC1	-0.69392165470045	-2.6925725101776	-0.676246943514807	0.513887623374606	0.753098115380186	-5.70087442278412
SELENOT	0.238706309652799	5.92851701395217	0.676141883974989	0.513951618038801	0.753114609997938	-6.68348868670356
ENSG00000302546	-0.505803565235083	-3.70606912956981	-0.676124860425657	0.513961988002112	0.753114609997938	-5.6094226959406
USF1	0.268398696583605	5.65570075393249	0.67600579248923	0.514034522219312	0.753147061555363	-6.66555316759488
FHL1	0.18378485526162	6.2394563346071	0.675984906055354	0.514047246521844	0.753147061555363	-6.70085655658535
NSMAF	0.178122354940754	5.2005259023614	0.675852687101051	0.514127800505855	0.753218845661606	-6.62848522313248
PI4KAP1	0.214750506174414	3.31801259658894	0.675695803124432	0.514223391390583	0.753275653614178	-6.38557630177847
CDC42P6	0.189431906265004	5.54219231084391	0.675685451792929	0.514229698928889	0.753275653614178	-6.65739844764245
DCAF17	-0.16626824657686	5.27525473656954	-0.6752925753756	0.514469130714095	0.753580136415448	-6.63568587916506
PMVK	0.246522570305101	4.43382390495369	0.675141209970996	0.514561395578446	0.753669029043925	-6.54367407745351
TNFAIP1	0.156219591653727	5.0682879241363	0.674859218900598	0.51473330981502	0.753874564638873	-6.61654449742722
CCDC187	-0.708198231092145	-3.07433799371929	-0.674788106340844	0.514776668608257	0.75389180522018	-5.66653855741446
TMEM263-DT	0.510490033583933	-1.37240500293325	0.674662519397687	0.514853246896701	0.753928437793117	-5.83372215344851
RNASEH1	-0.129543308052603	5.56988951653471	-0.674614428231187	0.51488257292302	0.753928437793117	-6.66027714901753
RNF144A	0.157027091242095	5.33314915522849	0.674563887179381	0.514913393968766	0.753928437793117	-6.64123234682148
MYSM1	0.31344867946407	6.2507793950652	0.674527476528702	0.514935598669331	0.753928437793117	-6.70245875195238
ENSG00000275895	-0.473079750888335	-0.872665734612322	-0.674488078296194	0.514959625964864	0.753928437793117	-5.888149058736
MORC2	0.152684354031036	6.65351678083665	0.674389870621136	0.515019521543291	0.753949088133708	-6.72097699625306
TADA2A	0.141534992838054	4.28968604834232	0.6743613608157	0.515036910082204	0.753949088133708	-6.52537573216597
ENSG00000306240	0.355212990298513	-2.53586558232535	0.674026963510596	0.51524089002028	0.75411069004868	-5.71711121915063
PNMA3	-0.500142801193807	2.75449630896833	-0.673948856560729	0.515288541658072	0.75411069004868	-6.30701568973159
LINC02925	-0.708930056918266	-3.20381359803017	-0.673947622058924	0.515289294826467	0.75411069004868	-5.65533404896933
NUTM2G	0.345424576642928	-1.926069515549	0.673922436992243	0.515304660355849	0.75411069004868	-5.77669416312766
TUBB8B	0.380378882688637	-0.995429970290306	0.67392141269633	0.515305285289476	0.75411069004868	-5.87499943463834
ENSG00000305299	-0.56817051346463	-3.43621139796525	-0.673840729818137	0.515354512180012	0.754136489405294	-5.63458686151143
ZNF629	-0.210500994199125	5.49615658753926	-0.673598944906421	0.515502048793502	0.754259151152887	-6.65529736924432
MRPL55	-0.261550441812238	4.354631562299	-0.673549222240025	0.51553239258516	0.754259151152887	-6.53459712897112
ENSG00000304625	-0.502321421358509	-4.57191445795411	-0.6735054439356	0.515559109650339	0.754259151152887	-5.54788613326324
ENSG00000304569	-0.592856356831513	-2.25857092020233	-0.673460802706044	0.515586354194996	0.754259151152887	-5.74409829264955
CTSB	-0.17011111097269	6.12613608888771	-0.67344442691153	0.515596348559071	0.754259151152887	-6.69671015451604
ANKLE2	-0.188534364548532	6.08981946560725	-0.673264159634654	0.515706375720814	0.754373870392784	-6.69484907186268
EEF1AKMT4	-0.266572726383442	2.68289101261054	-0.673172257507859	0.515762474111495	0.754391037049122	-6.29781604984141
ENSG00000260877	-0.540160447494421	-3.24659756678724	-0.673050244315348	0.515836958370541	0.754391037049122	-5.65205763491508
DNAH3	0.339045769409577	0.673617988742544	0.673038331604633	0.515844230956844	0.754391037049122	-6.05727323003943
RPS15A	0.213694611921547	7.67356379925352	0.673037819313824	0.515844543706443	0.754391037049122	-6.75775148281087
ZBTB26	0.147885859850887	3.85579707063948	0.672812238492077	0.515982270077356	0.754546218977774	-6.46600243439096
GNB3	0.250649647301477	1.76323995911743	0.672747654706677	0.516021705181719	0.754557654550428	-6.18141166148433
RRAGD	-0.146747398535542	4.53624017747974	-0.672567240928762	0.516131876062756	0.754576746880267	-6.55846218286123
ENSG00000260948	0.295451752351169	0.257209401921629	0.672547205964114	0.516144111415097	0.754576746880267	-6.0125560066481
ACTR2	0.1055935968601	8.62824366931785	0.672512604654293	0.516165242842168	0.754576746880267	-6.78404677118487
RAP2C-AS1	0.231279786063537	1.87553715448837	0.672439947682725	0.516209616992126	0.754576746880267	-6.19511901262364
XKR6	0.253049323163252	2.68552895566536	0.672436583138051	0.516211671892278	0.754576746880267	-6.2986820425715
ZNF503	-0.436169719786703	-1.59296778033199	-0.672415649370496	0.516224457328571	0.754576746880267	-5.81195728708488
ENSG00000227885	0.300895891561184	0.170827936996437	0.672316296034544	0.516285140612218	0.754607882180031	-6.00344943126966
MYO9A	0.205394006767583	4.46692314714156	0.672277247135486	0.51630899216491	0.754607882180031	-6.54989678021464
CTPS1	-0.14576937780412	7.0942651726584	-0.672172483254427	0.516372986497217	0.754649065640724	-6.73939343976239
ADGRL1	-0.187094284058031	7.78763611123164	-0.672127594259162	0.516400408096715	0.754649065640724	-6.7617951734922
RUSF1-DT	-0.397699459643767	-1.61741837242604	-0.671880221315007	0.516551537838042	0.754797944363078	-5.80975629172534
MAPT	0.255839013843251	2.40383347549578	0.671857312639549	0.516565534974087	0.754797944363078	-6.2617037572563
CNBD2	-0.31271151570708	0.282702246960104	-0.67171956580955	0.51664970267389	0.754874714032307	-6.01585666529408
PDE7A-DT	0.405204728931449	-2.23053139900467	0.671417820183986	0.516834107475049	0.754939616684748	-5.7481773701533
FAM241B	-0.223693743986872	3.78579521393482	-0.671409174571326	0.516839391618548	0.754939616684748	-6.45683264508917
WDR35-DT	-0.441065936883737	-0.793047502087711	-0.671403262961905	0.516843004775213	0.754939616684748	-5.89902685637564
CDHR2	0.509022871511841	-2.48394013236664	0.671394007598311	0.516848661653957	0.754939616684748	-5.72377666987281
ZNG1A	0.197652269197511	4.41341616275036	0.671388089627307	0.516852278737537	0.754939616684748	-6.54369272454292
TMEM154	0.478708861111701	2.43353470941184	0.671286341582766	0.516914469844351	0.754949586247186	-6.26596820906866
ZNF20	0.390549958709996	-1.16780274800681	0.671240998548426	0.516942186149818	0.754949586247186	-5.8579875842513
HHEX	-0.572902407722386	1.10412812751114	-0.671115931160678	0.517018639224266	0.754949586247186	-6.10626031795701
SMIM3	-0.197386729403201	6.17550957676929	-0.671098403215481	0.517029354509436	0.754949586247186	-6.70097761679414
HSDL1	0.112658931412062	6.39398455780852	0.671069329965811	0.517047128029362	0.754949586247186	-6.71186212145095
ENSG00000279781	0.514614949358863	-4.09120623574094	0.671066442407842	0.517048893316986	0.754949586247186	-5.57985229257355
SNHG16	0.214541277282541	6.95482323765173	0.6710046370349	0.517086678445902	0.75495857065323	-6.73515473115971
ENSG00000260763	-0.376240516036199	-3.13347707502407	-0.670532153565466	0.517375588822589	0.755334180231756	-5.66392899562224
GCNT4	-0.421348157742405	0.390212569965419	-0.67040432463862	0.517453769169241	0.755375154333594	-6.02831976353874
DOP1A	0.216104580805448	4.46926122416512	0.670382769107665	0.51746695325572	0.755375154333594	-6.55151436749119
MAP7D1	-0.22016050960683	6.16658232429158	-0.670182153886988	0.517589665869158	0.755508076282747	-6.70115093069882
IL36G	0.646300561695619	-3.94805780860798	0.670021613510617	0.517687877941204	0.75560522155227	-5.5925886158038
ANAPC11	-0.11937961345136	5.72926206503095	-0.669714281282042	0.517875922289179	0.755778067342876	-6.67511308169426
C8orf34-AS1	-0.550609659639198	-0.0769378376129903	-0.669661508414476	0.517908216000051	0.755778067342876	-5.97861245372268
ENSG00000265542	0.421561077733357	-2.2716573949903	0.669621460589261	0.517932723577913	0.755778067342876	-5.74535662586195
UBL7	-0.181598934747425	5.92056199232647	-0.669621066511265	0.51793296474044	0.755778067342876	-6.68757218682379
ELF4	0.227466017163053	3.46035710136043	0.669516578524928	0.517996910247629	0.755825167015967	-6.41066027218376
LAGE3	-0.172726684720887	4.05915941852973	-0.669361646965435	0.518091735330988	0.755887873425814	-6.49725864282162
CDC42EP3	-0.197309843006775	5.76009264978672	-0.669342872080999	0.518103227107424	0.755887873425814	-6.67747758265897
MIR4482	-0.65162585101919	-3.62821500567593	-0.66923115063329	0.518171612980834	0.755921071570205	-5.62065273212272
ENSG00000278834	-0.200474378086102	2.2863515018596	-0.669202213880399	0.51818932634852	0.755921071570205	-6.24840102672821
ITGB3	-0.415937489510422	-1.82584596882407	-0.668843987612068	0.518408641145665	0.75619478292529	-5.7902404413049
LONP2	0.138323701187593	5.59314420957314	0.668745097506607	0.51846919379938	0.756236891059695	-6.66611283050663
ADM5	0.424559333299661	0.257061343157573	0.668563793332652	0.51858022139575	0.756352612078488	-6.01524120711066
MRPL35	0.16087786509832	5.78784102156305	0.668453993111339	0.51864746806889	0.75640446809656	-6.67995748023337
GTF2E1	0.235007599755802	6.19067162650466	0.668246261704948	0.518774706477046	0.756543805419019	-6.70375989054854
IL12A-AS1	-0.388247888675921	-3.34967658225314	-0.668062256772647	0.518887427604146	0.756585495216138	-5.64603815999251
VCX3A	-0.393735703547399	-2.45500225617368	-0.668046656089038	0.518896985228295	0.756585495216138	-5.72873467314866
PLPP1	0.35059710916769	5.12884420081854	0.668044356489721	0.518898394066827	0.756585495216138	-6.62716019993016
PCDHB4	-0.325678192967414	-0.914972348433389	-0.667856156093837	0.519013701857019	0.756707392927395	-5.88794226963906
EYA3	0.169627313040511	5.48513832545687	0.66779513091866	0.519051094414754	0.756715684466247	-6.65848164507984
LINC02033	0.624899427457903	-3.81511183199566	0.667662519589372	0.519132356189437	0.756785964226379	-5.60545628994597
IL17D	-0.384764043412761	-0.440801552463872	-0.667612975109591	0.519162718074266	0.756785964226379	-5.94051288649147
PRDM4	0.137578997788172	4.85810284618277	0.66752149700465	0.519218780530413	0.756821462985182	-6.59971473695021
SLCO2A1	0.245273259774828	2.34191016891595	0.667437451422096	0.519270291131455	0.756850322957828	-6.25674691133435
ENSG00000243960	0.283149059304922	-1.28743890906128	0.66713559174614	0.519455322626712	0.757073777792607	-5.84783195529187
GTF3C1	-0.21502763325488	7.57046171947412	-0.667065588162353	0.519498238455915	0.757090093254401	-6.75875355027067
FAM43B	0.545757193177261	1.79164099369189	0.666760272103604	0.519685437690932	0.757316665122083	-6.18891785989528
RBM12B-DT	-0.563607974998129	-4.30970379738896	-0.666607555432111	0.519779088308277	0.757364219638041	-5.56636718389349
CCND2-AS1	0.270538247614677	-0.651412708028803	0.666603564324058	0.519781535914489	0.757364219638041	-5.91792905194553
ARNT2	-0.244888864372857	4.54048930164298	-0.666381069661951	0.519917994902297	0.757516805099391	-6.56329063908384
COL12A1	-0.577069790146012	0.640677708018493	-0.666269780334044	0.519986258140686	0.757521332399624	-6.05827870026296
ARL4D	-0.245649829052457	3.20590973850535	-0.666238378464674	0.520005520549295	0.757521332399624	-6.37589408822895
ITGA9-AS1	0.379756057055971	0.818868859460908	0.666196516098989	0.520031200252934	0.757521332399624	-6.07784309718098
SRRD	0.168018290395683	5.05231944002137	0.666124983336281	0.520075082463568	0.757521332399624	-6.62104287541249
AKAP5	-0.279238467198741	1.77338677468261	-0.666015296921972	0.520142374538169	0.757521332399624	-6.18723750513869
OSGEP	-0.174085803956469	4.68801768956484	-0.665934021196903	0.520192240131286	0.757521332399624	-6.58145982916399
NEDD8	-0.165644966854263	5.34668098314739	-0.665905783157412	0.520209565853238	0.757521332399624	-6.64842230281962
ENSG00000227712	0.572602630981819	-1.20228824213484	0.66589144510077	0.520218363237633	0.757521332399624	-5.85782066894623
NAP1L4P1	-0.382936620141473	-2.28016154404398	-0.665887037670713	0.52022106751702	0.757521332399624	-5.74697862179036
C1orf21	-0.261949533340615	5.31263935322726	-0.66584529601943	0.520246679474689	0.757521332399624	-6.64552628600519
ENSG00000296321	0.523926382584082	-3.86617274258951	0.665806908194102	0.52027023424371	0.757521332399624	-5.60226061094943
OAZ2	-0.212134555360519	7.98399654644861	-0.665691971302589	0.520340763306134	0.757555838196478	-6.77194210043911
MSH2-OT1	0.622909286048773	-2.63403206960322	0.665592794290621	0.520401626151128	0.757555838196478	-5.71335175347739
TCTE1	0.441396246247921	-1.30868519602878	0.665562639325798	0.520420132456528	0.757555838196478	-5.84659399517224
PDK2	0.203379852806383	4.74274993382355	0.665561395309447	0.520420895926152	0.757555838196478	-6.58810093224599
RP2	0.147027600414896	4.43911246859522	0.665346397584725	0.520552852921659	0.757605885152221	-6.5511626865964
ATP6V1E1P1	-0.554380147089275	-2.40801301615418	-0.665302491208697	0.52057980333994	0.757605885152221	-5.73502784513033
CTAGE4	-0.496610553669664	-1.17448752379787	-0.665198866236878	0.520643413248249	0.757605885152221	-5.86128690403427
PLCXD2	0.231709124189255	2.37699998535092	0.665128482348963	0.520686620838513	0.757605885152221	-6.26285453957751
ENSG00000295209	-0.349408075576467	-1.35398695813444	-0.665121687114193	0.520690792441682	0.757605885152221	-5.84203728251492
ENSG00000270605	0.247873295109581	0.812341657938904	0.66511431424777	0.52069531867609	0.757605885152221	-6.07785680885622
HDHD5-AS1	-0.389403413495913	-2.75979247704857	-0.665108832931726	0.520698683694721	0.757605885152221	-5.70187114323128
ENSG00000266896	0.392588222238444	-1.69495243872733	0.665091671298796	0.520709219425861	0.757605885152221	-5.80618819515076
GTF2H2C	-0.147677065166506	4.03678364565474	-0.664839509870389	0.520864038922978	0.75778494464948	-6.4972773643042
RPL21P75	0.797982626312788	-0.74795467966255	0.664690466856684	0.520955559673575	0.757861083308503	-5.90853566896912
PRMT8	0.343525208977266	1.41518532850815	0.664650863571662	0.520979879911284	0.757861083308503	-6.14610169367228
KANSL1L	0.20239913848717	3.24116904403386	0.664455300878409	0.521099984148246	0.757989597858739	-6.38220761639938
CDCA7L	-0.154277473610266	7.57646801225842	-0.664335271598927	0.521173707901757	0.758050636022381	-6.76083521309697
PDCD6	-0.318724767801523	1.85943996061047	-0.664028910250149	0.521361907607142	0.758183935092615	-6.19893269392048
TMEM104	-0.244354461508156	4.69290312794601	-0.664017269893398	0.521369059146273	0.758183935092615	-6.58336344169068
ATRAID	0.151259652675805	6.45024844422347	0.663974239055193	0.521395496703852	0.758183935092615	-6.71940591856176
FAS	0.383581426548535	2.28065751338661	0.663966926749415	0.521399989363385	0.758183935092615	-6.2512557914462
MOK	0.259996742017731	1.26606422705298	0.663927540340143	0.521424188654216	0.758183935092615	-6.12948288870597
ENSG00000228981	1.34559476449583	-1.21355780092106	0.663839936005923	0.521478015770126	0.75820827860587	-5.85796264161188
PANK1-AS1	-0.277005055615872	-0.216724960686213	-0.663796889086943	0.521504466484852	0.75820827860587	-5.96748589749276
MTPAP	0.117613934436314	5.34568868887552	0.663718141719792	0.521552855842514	0.758232442613954	-6.64985176453355
SAE1	-0.114040498517008	8.72386115837211	-0.663647588006108	0.521596212554525	0.758249287674434	-6.79253564001245
ENSG00000267731	-0.697475445528783	-3.90856580748123	-0.663564262052045	0.521647420823465	0.758277543869519	-5.60006659350343
CHCHD1	0.203755551489833	4.95395590225109	0.663502713915221	0.521685247368969	0.75828634585598	-6.61273464957575
PID1	0.300012507102453	2.13494057076144	0.663345397355988	0.521781939113744	0.758309654171094	-6.23327675754405
DNAI7	-0.407374856694478	-2.45541581785211	-0.663302808588172	0.521808117347498	0.758309654171094	-5.73178879033512
SAMD14	-0.408594144111733	3.53268610154974	-0.663270536250063	0.521827954852342	0.758309654171094	-6.4255144985327
ENSG00000310159	0.625397097837758	-2.65322483764921	0.663269857247167	0.521828372233881	0.758309654171094	-5.7130512391808
YJEFN3	0.308111160788904	1.88798067415167	0.663165228977427	0.521892689357889	0.758356944712617	-6.20296611154287
CCNJL	0.160148356916045	5.59844474901895	0.663099870900052	0.521932868680078	0.758369157237758	-6.67041962101019
TCAP	-0.562617735791351	-1.48872408416524	-0.662799640447499	0.52211746093718	0.758564953196566	-5.82927127972621
ENSG00000308924	0.45670691431721	-3.8632680298337	0.662777317428204	0.522131187460225	0.758564953196566	-5.60443693373458
NAA25	0.120695474805856	6.11757840758643	0.662714948529977	0.522169539503836	0.758574496277196	-6.70371129646011
CCDC103	-0.246848497450475	1.07947071988458	-0.662616249540609	0.52223023515029	0.758611571543422	-6.10926244432378
CGREF1	-0.203705485554017	2.51137934913397	-0.662526037237567	0.522285715503468	0.758611571543422	-6.28220716221102
NHEJ1	0.160570891699232	3.79335055252788	0.662518395411892	0.522290415368564	0.758611571543422	-6.46407760437241
USP1	0.13234823082891	6.80864452341925	0.662438231054759	0.52233971945049	0.75862675762998	-6.73555128149547
AK6	-0.174695260073469	4.33446680998642	-0.662398036080141	0.522364441902673	0.75862675762998	-6.53967115524322
WDR19	0.189104547991443	4.54529809034559	0.662315085409219	0.522415464003268	0.758654692994585	-6.56669163709313
ENSG00000303043	0.443211462061253	-1.72525129311864	0.662200435094172	0.522485989085065	0.758710945576371	-5.8049535100126
TSKU	-0.225585108692089	5.39396492935549	-0.662075006133238	0.522563150913515	0.758776828061865	-6.65509553495931
STXBP2	-0.22109785858981	0.998882559273075	-0.66190233768096	0.52266938473271	0.758839139567972	-6.10071699039121
ARSL	-0.512612435878902	3.17547295826058	-0.661824242242612	0.522717436947383	0.758839139567972	-6.37454696165896
GPR75	0.38287976958426	-0.763174021330754	0.661813012283687	0.52272434696928	0.758839139567972	-5.90875692558401
IQCC	0.203823930229256	2.61159536842212	0.661750509789864	0.522762807011443	0.758839139567972	-6.29605593407222
NAV3	-0.295744781504592	0.71332469696202	-0.66174688621739	0.522765036777835	0.758839139567972	-6.0692656698528
ENSG00000309031	0.465754154003717	-0.63419030975953	0.661560823381909	0.522879538162948	0.758959188550452	-5.9231985405309
OSBPL8	0.124247038356197	6.77340834027193	0.661439646766111	0.522954117134525	0.759021279107863	-6.73484682178963
LINC02606	0.4129180297789	-2.68291862647549	0.661252341403679	0.523069407874099	0.759142448022568	-5.71156578343292
ENSG00000309566	-0.609076716041429	-4.30970379738896	-0.661174734651359	0.523117181012342	0.759165618340117	-5.56979616101738
RASSF10-DT	-0.356996684098965	-2.77995993124358	-0.66108599556423	0.523171810152091	0.759198734899979	-5.70259104242754
GLUD1	0.12434373338918	7.34387024815778	0.660895137332994	0.523289316831552	0.759323086382456	-6.75577114878327
RPL14P1	-0.134831683420691	8.21816743230961	-0.660822004142244	0.523334347259052	0.75933217821014	-6.78173452576185
ENSG00000289289	-0.348867990055341	0.160460917134466	-0.660781622036248	0.523359212785721	0.75933217821014	-6.01010635938623
N4BP2L2-IT2	0.476612979159901	-0.840725335938634	0.660572782499946	0.523487818144428	0.759472600793451	-5.90096290166893
TRIM41	0.219743481004255	4.44641213490772	0.660436278281807	0.523571888826995	0.759548399625206	-6.55547641260535
BTBD10	-0.133898675586144	5.13536220663412	-0.660325878644919	0.523639887968299	0.759563295636771	-6.63311827688509
XRRA1	0.208912426459526	2.70954476130405	0.660295246502268	0.52365875634125	0.759563295636771	-6.31026952566846
ENSG00000290789	0.744621312384745	-3.21032553034702	0.660235626790924	0.523695481236854	0.759563295636771	-5.66360180958655
WEE2	-0.558232455457128	-3.98834337298405	-0.66021294016109	0.523709456278489	0.759563295636771	-5.59541011848888
ENSG00000230532	-0.532747210311955	-1.32994013833112	-0.660161248928869	0.523741299077652	0.759563321692066	-5.84787872554953
ENSG00000298098	0.677573928032443	-2.75269987343249	0.660015699707255	0.523830966360515	0.759612487918042	-5.70582626697641
ENSG00000263011	0.499555617785496	-2.43182082911604	0.660002896386669	0.523838854428418	0.759612487918042	-5.73618834786172
ENSG00000223393	0.292039852325187	0.0907872681936863	0.659919644873372	0.523890147021086	0.759620197818692	-6.00319478097972
PER3	0.218195033305979	3.66166194917688	0.659890952219301	0.523907825713056	0.759620197818692	-6.44671777537977
CCDC117	-0.164421190806397	6.00222409750045	-0.659659815477067	0.524050251161123	0.759777767097511	-6.6993197978382
GRK7	0.652364996581321	-3.32783237800945	0.659568207548703	0.524106705893354	0.759777767097511	-5.65344337651273
LINC02798	-0.491405005874245	-3.02190861852716	-0.659559613573277	0.524112002241313	0.759777767097511	-5.68119638972551
OTUD7A	-0.242877920775969	2.11580669590465	-0.659390727279911	0.524216090937972	0.759882504853725	-6.2335660331568
ENSG00000291225	0.54169303165849	-2.82474329146589	0.65928804624595	0.524279381703203	0.759928094443724	-5.69957758131304
SSBP1	0.20839197295835	7.23272449994548	0.659071903939353	0.524412622725785	0.759985727390614	-6.75329701024998
ASPHD2	-0.169998859776317	4.00608823440224	-0.659023137319196	0.52444268769472	0.759985727390614	-6.49697607890003
CGRRF1	-0.174467672196676	3.9687136155645	-0.658964471942518	0.524478856665906	0.759985727390614	-6.4917005090482
ENSG00000307769	-0.405149250963633	-2.55219176746357	-0.658942991509421	0.524492100367988	0.759985727390614	-5.72539797892422
ENSG00000293178	0.51597543502402	0.41074276018785	0.65893971938573	0.524494117804196	0.759985727390614	-6.03825690614963
ARGLU1	0.184066927789744	6.85445653711957	0.658882987394853	0.524529096786089	0.759985727390614	-6.73978228213381
PSMC6	-0.160437071215895	5.78150686753646	-0.65886199425196	0.524542040780391	0.759985727390614	-6.68616648859417
SLC6A1	0.541186311545078	1.53653674754805	0.658743382633781	0.524615178112611	0.760007000722729	-6.16417932707926
GRIP2	0.291153932757339	2.76363837946251	0.658702338290764	0.524640487943524	0.760007000722729	-6.31873286702863
SUMO1P4	0.824435804973458	-2.35768970418122	0.658606193393403	0.524699778133245	0.760007000722729	-5.74421504144534
ENSG00000261324	-0.420742090308976	-0.262342935599835	-0.658603174035465	0.52470164016094	0.760007000722729	-5.96600025105181
KLK10	-0.265005530857474	3.08332127464233	-0.658579985224468	0.52471594075121	0.760007000722729	-6.36356962377579
ENSG00000273381	-0.415901374541594	-1.76458920998927	-0.65848740827142	0.524773035451869	0.760037472854706	-5.80332238526469
SNHG5	-0.206228152033136	4.34390587462813	-0.658442604602569	0.524800668397602	0.760037472854706	-6.54363572786694
ADGRB3-DT	0.517030498737557	-1.53313522619861	0.658129834281565	0.524993595382834	0.760225967362648	-5.82765424528385
ENSG00000266947	-0.296028976916964	-0.210431546352166	-0.658057722810164	0.525038082036001	0.760225967362648	-5.97198978972178
PRCP	-0.135146399908106	6.85304296803881	-0.658029306806001	0.525055612907798	0.760225967362648	-6.74031541957987
AMY2B	0.435536484788869	-0.898570910925172	0.657999970851227	0.525073711692946	0.760225967362648	-5.89628567356859
SMG6	0.203114499250765	5.60761366641108	0.65797343130107	0.525090085556343	0.760225967362648	-6.67462454969297
LINC01115	0.618631511964782	-1.78742943788654	0.657890177191185	0.52514145203668	0.760254217867247	-5.80136124771765
FBXW7	-0.133658052270173	4.5277737150864	-0.65777697868381	0.525211298494313	0.760266173089214	-6.56763032002484
CAPZB	0.107365078345198	8.59548193216078	0.657773542805865	0.525213418607071	0.760266173089214	-6.79348175574026
PAQR8	-0.153373530948376	4.99492988433605	-0.657713363179345	0.525250553338709	0.760273816273575	-6.62096862940533
ARCN1	0.196129979689379	8.0388730837719	0.657572788061231	0.525337303333219	0.760315836851922	-6.7790905556175
ENSG00000278740	-0.586851208259971	-3.82959368898525	-0.657551977799204	0.525350146224912	0.760315836851922	-5.61063460440308
DUSP5	-0.241503455612657	5.51920494753902	-0.657511458061897	0.525375153197381	0.760315836851922	-6.66824002657682
ENSG00000267980	0.365144914459083	-0.155188064107924	0.657422639240084	0.525429970662952	0.76034906383391	-5.97837941700676
ENSG00000309108	0.501217266304886	-3.65499368339858	0.657219784520758	0.525555181787248	0.760353368576409	-5.62597477273045
SUGP2	0.162512655151387	7.19177801208698	0.657210432427926	0.525560954746737	0.760353368576409	-6.75318265900933
ENSG00000258695	-0.463481289712948	-3.2719701745022	-0.657205267365695	0.525564143107394	0.760353368576409	-5.65996958449616
COQ7-DT	0.575100208619316	-3.95748990833981	0.657156997101891	0.525593940590857	0.760353368576409	-5.59995293744317
ENSG00000287221	-0.40594198848417	-1.26922481549245	-0.657115421202765	0.52561960640646	0.760353368576409	-5.85640356271979
RHCE	0.376912616148775	-1.63050021048293	0.657064004243706	0.525651348369667	0.760353368576409	-5.81814534835166
COL4A2	-0.182333928902817	7.36602055201205	-0.657033872348393	0.525669950646453	0.760353368576409	-6.7591570444032
ENSG00000300454	0.458592239050779	-1.54693858206677	0.657004946219456	0.525687808894261	0.760353368576409	-5.82693804867537
TMEM94	-0.147702472352642	6.26300410759573	-0.656932036079268	0.525732823325154	0.760370918625103	-6.71529087707959
ENSG00000302622	-0.376096572228394	0.462851245854458	-0.656882092071215	0.525763659868022	0.760370918625103	-6.04525855985449
VAV3	0.224038547435125	4.08683801128747	0.656729749255911	0.52585772629758	0.760385252620365	-6.50979781801972
ENSG00000299582	-0.52850775793528	-1.1496762872147	-0.656653245140049	0.525904968687647	0.760385252620365	-5.8696155592136
PMAIP1	0.239582618619779	7.2335443132299	0.656630529661288	0.525918996303316	0.760385252620365	-6.75500151348897
KLHL10	-0.373669591516393	-2.57983816106737	-0.656568813152932	0.525957109554113	0.760385252620365	-5.72430681953788
ENSG00000299124	-0.439714410464615	-4.07022843900252	-0.656548924310366	0.525969392326699	0.760385252620365	-5.59080846189248
RIOK1	0.193285841755342	5.08428332717404	0.65654366262858	0.525972641817093	0.760385252620365	-6.63080358870513
HBP1	0.142208812498683	5.6173619938381	0.656504891826764	0.525996586113137	0.760385252620365	-6.67634967712694
MTMR9LP	-0.280735698356594	3.0841214407452	-0.656350545334343	0.526091914677829	0.76047699882598	-6.36519820304291
ENSG00000293276	-0.371051943335646	-1.61656589484937	-0.65621602889065	0.526175003965589	0.760495295148184	-5.82015735859342
ZNF610	0.212258191896932	2.86319255969937	0.656211024694818	0.526178095149899	0.760495295148184	-6.3341633124861
SMIM32	-0.450284700591299	-2.14918769837284	-0.656127221583458	0.526229863470552	0.760495295148184	-5.766118683223
ZNF585B	-0.450217054547402	1.79010017035925	-0.656123718600941	0.526232027459348	0.760495295148184	-6.19593952788004
ENSG00000291111	-0.59607989422459	3.11547882981981	-0.655769477660338	0.526450889012261	0.760705706991271	-6.37008251263248
ENSG00000289388	0.400819452470365	-4.05288186101171	0.65575865202597	0.526457578284207	0.760705706991271	-5.59276299591324
METTL14	0.118036400990574	5.20396156350009	0.655733302762607	0.52647324205312	0.760705706991271	-6.64274752968826
ENSG00000286136	-0.406096095244891	-1.83516586641717	-0.655669675984366	0.526512559399985	0.760716463175704	-5.79791621442282
SENP2	-0.162278966610472	5.93911096176172	-0.655497905595427	0.526618711325524	0.760783396497195	-6.69845027414085
KIAA1614-AS1	0.317626613142717	-0.267191782059306	0.655485994681919	0.526626072586159	0.760783396497195	-5.96753908548573
CSPP1	0.216928868619852	4.31281846906925	0.655439976463844	0.526654513635004	0.760783396497195	-6.54153175346695
ENSG00000265750	-0.377163228909855	-2.07948802355625	-0.655323788605589	0.52672632627258	0.760817475687123	-5.77353639746194
CNTD1	-0.585631979881652	-4.02202839636747	-0.6552986576359	0.526741859817071	0.760817475687123	-5.59565218681338
UXS1	-0.156675039956952	5.81358909315947	-0.654950508179179	0.526957079999141	0.76108227705534	-6.69094313259392
THAP7-AS1	0.214939564649084	1.6189416970228	0.654734723334772	0.527090500546386	0.761086315763503	-6.17654039716433
XKR5	-0.32846406900203	3.15043602579625	-0.654651148617856	0.527142180431407	0.761086315763503	-6.3758438510435
RNFT1	-0.293764177868088	1.74416672290199	-0.654643728300301	0.527146769058295	0.761086315763503	-6.19143208451982
AMER3	-0.424290436990086	-1.73355207363269	-0.654597263769644	0.527175502647566	0.761086315763503	-5.80905446107876
TMEM128	-0.152077727401513	4.76540649594755	-0.65459235632586	0.527178537456489	0.761086315763503	-6.59819562369022
RPN1	-0.140474592551566	8.20468264629522	-0.654553435697769	0.527202606699016	0.761086315763503	-6.78568078349257
TMCC3	0.203042928031639	2.94051686505784	0.654535582412183	0.527213647720055	0.761086315763503	-6.34610182004538
ENPP5	-0.166085895345177	3.55604198295782	-0.654533419270259	0.5272149854828	0.761086315763503	-6.4348825694941
ABCC6P1	0.378693066577923	0.296923708567992	0.654422356629207	0.527283673192397	0.761097309775144	-6.02899943490603
MYCN	0.162679440595706	6.40827843176384	0.654390211832959	0.527303554418251	0.761097309775144	-6.72405237491395
ENSG00000289196	-0.412883941937518	-3.17987786957987	-0.654366421939539	0.527318268506381	0.761097309775144	-5.67010071217242
DNAI1	-0.31548723025526	-0.440452491578047	-0.654189519804899	0.527427690336879	0.761209208760372	-5.94947426063955
ENSG00000288848	-0.507815799151634	-2.65997964009022	-0.654057606413703	0.527509293315745	0.761280947125824	-5.71834766345655
ZDHHC20	0.138667394217577	6.80137450573172	0.653967034038244	0.527565326613423	0.761307679846902	-6.74108617067107
ARL6IP1	0.158831709316685	8.1459815823811	0.653924546788951	0.527591612882547	0.761307679846902	-6.78452483800526
ENSG00000259551	0.384458667381136	-0.0511376427877961	0.653810077361567	0.52766243735196	0.761363846942701	-5.99197955479156
NOA1	-0.162599740214207	5.66217615729385	-0.653738815011267	0.527706531580379	0.76138144052889	-6.68143329806978
ENSG00000310291	-0.426943350398166	-2.8679495449068	-0.653362867734309	0.527939188213064	0.761651374600017	-5.69935740659337
SART1	-0.162156017799855	6.02185512572124	-0.653333370806251	0.527957445065684	0.761651374600017	-6.70478341474635
CBLL1-AS1	0.223873216601305	1.05519392887556	0.653213499118863	0.52803164236019	0.761712372814183	-6.11284452998914
RAB5C-AS1	0.375555381169062	-2.56472854810311	0.652930611490903	0.528206766334366	0.761908407992935	-5.72807182339024
AMHR2	-0.673367748643217	-3.14360873244549	-0.65288053366144	0.528237770989345	0.761908407992935	-5.67433764947565
TEX11	-0.361019209291159	-2.05574536437815	-0.652839290784756	0.528263306467805	0.761908407992935	-5.77750114650949
ENSG00000302432	0.521922344935229	-2.97787020178102	0.652755512554192	0.528315179891321	0.761916555674061	-5.68958559138545
PARLP2	-0.284577094131452	-0.621000545565231	-0.652726884436608	0.528332906404249	0.761916555674061	-5.93049116720803
ZNF77	-0.228187066399511	2.0580500338208	-0.652675497731975	0.528364725896065	0.761916555674061	-6.23089838437414
ENSG00000295237	-0.554293452629865	-4.01954438493536	-0.652535986003665	0.528451119522211	0.761995098455572	-5.59759031135314
PDCD5P2	0.531501286721225	-4.04227968711408	0.652439159537717	0.52851108487028	0.762035526043555	-5.59573185386173
STK17A	0.219455982875465	3.83413425432907	0.652242155595023	0.528633103197588	0.762165414644003	-6.47701513984096
PNPT1P1	-0.416932511835467	-1.86189015803564	-0.652083451142287	0.528731411989571	0.762261106007556	-5.79751204907279
LINC02649	-0.453566892131946	-0.752355037078249	-0.651947912149793	0.528815379526493	0.762336111570356	-5.91645950279836
MRPL15	-0.214356925916517	6.09866825156592	-0.651816728220109	0.52889665651341	0.762365771873256	-6.71015013394493
LINC00574	-0.266336062445465	-0.0235953307877858	-0.651811592270289	0.528899838717785	0.762365771873256	-5.99626630181249
NLRP14	0.439451448329203	-1.23339806937415	0.651689749547529	0.528975335046682	0.762428547711768	-5.86379336979313
FLVCR1-DT	-0.236828275247787	3.64794561396134	-0.651527281529017	0.529076013498483	0.762527609551225	-6.45039235422251
ENSG00000307070	-0.643332686986501	-2.97908712315954	-0.651462662772984	0.529116059679212	0.762539278809476	-5.69029448757888
GUCA1A	-0.314789338166842	-1.57550077251951	-0.651390019183756	0.529161081211373	0.762558116487853	-5.82758877074513
HMGN2P4	-0.350380154748365	-0.539200781022255	-0.651319313882188	0.529204903628465	0.762575223987235	-5.94048156912242
LINC02994	-0.360782065867306	-1.89167532230497	-0.651136555191428	0.529318185436407	0.762680021543479	-5.79509188501106
EMP2	-0.159797658591422	5.08820412444534	-0.65106700323504	0.529361300505863	0.762680021543479	-6.63492041717731
ENSG00000226180	-0.521726360175607	-1.43666573162391	-0.651035649633538	0.529380737191542	0.762680021543479	-5.84247062176082
BATF3	-0.251540389287974	-0.0823804274212241	-0.650995783193066	0.529405451749731	0.762680021543479	-5.99046907766205
ENSG00000272305	-0.450515491972271	-2.82324164630206	-0.650705252241305	0.5295855821544	0.762831803325602	-5.70520226252571
CAND2	-0.246663812443158	4.00362898655392	-0.650674321684229	0.52960476134373	0.762831803325602	-6.50230533312275
LINC00437	-0.414776791120452	-3.4760658626698	-0.650671203856731	0.529606694645545	0.762831803325602	-5.64585542461488
ENSG00000238279	-0.82446896198409	-2.45664795815138	-0.650597441927532	0.529652434132917	0.762851647181844	-5.73985732037754
IL17REL	0.4039212223256	-0.411326900556341	0.650192410496266	0.529903633793271	0.763167392453778	-5.95530224891674
ATRIP	-0.178294137717684	4.20309071132956	-0.65010914836937	0.529955281436605	0.763195722080942	-6.53039238073701
ENSG00000296951	0.493236848473425	-2.78635659641607	0.650020856076336	0.530010052520601	0.763228546127017	-5.70907539350894
ENSG00000299108	-0.350036025130373	-2.49130726852758	-0.649910468695909	0.530078534693513	0.763281109353247	-5.73698186135408
EXOSC2	-0.129755920107335	6.2006131014373	-0.649829449791488	0.530128800534005	0.763307437400163	-6.71693931899044
SELENOF	0.18284293019513	6.98836718110358	0.649662893660514	0.530232144240918	0.76338756845428	-6.75110336817199
ENSG00000279739	0.674769524069039	-3.75582678543231	0.64963665950562	0.530248422920143	0.76338756845428	-5.62197085711082
FABP5	-0.361334185416903	3.30077705867404	-0.649504407258512	0.530330491839816	0.763459668782248	-6.40101478115409
PMF1	0.280762600276396	5.30832875737265	0.649388970888552	0.530402131769119	0.763516747824702	-6.65642647050643
MSANTD3	0.117808413844709	5.07086915993861	0.649319323277045	0.530445357886836	0.763532920613058	-6.63439842865652
ENSG00000287088	0.725014968435607	-3.49278555591581	0.649219902007693	0.530507066308878	0.763575693619225	-5.64528399400137
CREB5	-0.523377248952468	0.909116869655447	-0.649145596518372	0.530553188704667	0.763595367390147	-6.09924179369474
FMR1-IT1	-0.676575572778055	-3.59103783826221	-0.649055793244951	0.53060893390968	0.763595367390147	-5.63671591217328
LINC02568	0.562167882148306	-3.04764587077682	0.649025842583964	0.530627526485319	0.763595367390147	-5.68553996041749
CDK8	0.153406742270029	5.31193647854816	0.648929795303552	0.530687152658901	0.763595367390147	-6.65705140741142
U2AF1	-0.294062717253219	0.34752975002251	-0.648907106745851	0.530701238292864	0.763595367390147	-6.0380934142491
CCPG1	0.363115628143317	2.21507748533479	0.648888648783028	0.530712697627174	0.763595367390147	-6.25310034587177
ENSG00000263235	0.46391893796791	-2.63059869246745	0.648787227912287	0.530775665752939	0.76363993094975	-5.72447956618882
DTNBP1	-0.1964001692498	3.6182242680016	-0.648687705106739	0.530837459693591	0.763640869263268	-6.447942690413
BST1	-0.28412006329458	-0.661770744542934	-0.648683115817902	0.53084030929513	0.763640869263268	-5.92861151373417
EML6	0.307998207611734	0.427503967137484	0.648562186635178	0.530915400401673	0.763702860498235	-6.04695132793191
ENSG00000229282	-0.375668440867601	-1.74558360942484	-0.648337831604349	0.531054730348166	0.763847593548568	-5.81185377872414
ZNF354B	0.215129654806383	2.91770725696123	0.648284999108918	0.531087543725566	0.763847593548568	-6.34710803820803
FBLN7	0.458586629091234	0.678620574301197	0.648157179868077	0.531166935015459	0.763847593548568	-6.07452038885959
ENSG00000289606	0.525716645702243	-1.14383511787779	0.648149242422379	0.531171865363075	0.763847593548568	-5.87579330442528
MZB1	-0.485282275436621	-2.48467467465893	-0.648090474884068	0.531208369675426	0.763847593548568	-5.73877376707889
ENSG00000295671	-0.592006898143257	-0.320903217869061	-0.648055736938818	0.531229948345514	0.763847593548568	-5.96658453452874
LINC01770	-0.32838314067851	1.58484975004068	-0.648018439716273	0.531253117369018	0.763847593548568	-6.17701147960652
CDK5RAP2	0.237233536824164	6.34608323059758	0.647987960496371	0.531272051489766	0.763847593548568	-6.72547067126641
EWSR1	0.117282422899818	8.40889775299549	0.647837068978268	0.531365793234587	0.763936352456472	-6.79559163808829
TMEM143	-0.162020504276192	3.97662002706649	-0.647574205018487	0.531529121227863	0.764009610758277	-6.5005597806245
BEND4	-0.145635309136845	5.88220791156629	-0.647560688458093	0.531537520405338	0.764009610758277	-6.70032929449235
PIGS	0.163753491548237	6.04304206134354	0.647518924374086	0.531563473056346	0.764009610758277	-6.70994157960468
DANT2	-0.519269697656424	0.320637079456785	-0.647420293992584	0.531624765974113	0.764009610758277	-6.03617338816642
BCO2	0.417592623541607	-2.85018648050393	0.647365664105322	0.531658716977146	0.764009610758277	-5.704812323828
TJP1	0.157172113624144	7.51905708353576	0.647355277311224	0.53166517223309	0.764009610758277	-6.77067415010572
DBH-AS1	0.668067552547387	0.139513049723009	0.647350516968813	0.531668130738595	0.764009610758277	-6.01674726008267
NUDT4	0.2146560958252	6.27949834602104	0.6473025990469	0.531697911786391	0.764009610758277	-6.72267565796423
CENATAC	0.202579719964656	3.39191587329652	0.647291437001471	0.531704849151338	0.764009610758277	-6.41575738136521
C6orf226	-0.246646979643662	1.41952468047611	-0.647204713540852	0.531758750777112	0.764041063439728	-6.15830304336581
ENSG00000259357	0.608514328806609	-3.17929522668858	0.646932774839883	0.531927790758828	0.764237935350406	-5.67484899831797
DDX39B	0.243118444529249	5.71450247569412	0.646782478092402	0.532021230270403	0.764316789403504	-6.68982382949564
SNX6	0.108188749249505	6.42588690478315	0.646741475816903	0.532046723054838	0.764316789403504	-6.73006761618983
ENSG00000279425	-0.514106697047092	-2.27626029747122	-0.646646230764285	0.532105943534394	0.76435585641501	-5.75977559572296
DNAH5	-0.382684262152116	0.380726517770389	-0.646545218729586	0.532168753951488	0.764400075262408	-6.04322577235215
GOLGA6FP	-0.732723975520757	-3.30905049847341	-0.64640577414107	0.532255469270772	0.764478623402871	-5.66345250829323
ENSG00000250764	-0.546939537685427	-4.01011228520353	-0.646037043785252	0.532484808463335	0.764762000457	-5.60242790735019
RRAGB	0.199632932875473	2.50516588816432	0.645652143722714	0.53272426620274	0.765022949039294	-6.29275503576533
PLEKHD1	-0.256061202033749	0.215541682200485	-0.645641951949047	0.532730607660497	0.765022949039294	-6.02603752731815
C3orf62	0.196495532628369	1.4159149416385	0.645575496934794	0.532771957937492	0.765036298663986	-6.15896346857865
CCDC136	-0.274192743957669	4.31820384310512	-0.645429225379498	0.532862979021022	0.765120967410344	-6.54902536678819
KIRREL3	0.479255724255518	0.165157093245904	0.645362088826015	0.532904759432705	0.765134927111855	-6.020809598541
ENSG00000254461	-0.619580059670351	-3.88770866138281	-0.645222115991045	0.53299187345075	0.765165614873483	-5.61335550235621
CDKL3	0.304217114637346	-0.924173595784552	0.645195644421458	0.533008349329229	0.765165614873483	-5.90181996722214
PDIA4	-0.176672771390868	8.61169055335264	-0.64517321167459	0.533022311680837	0.765165614873483	-6.80246031025039
ZFP64	-0.133160389191874	5.21290932014557	-0.645014375434021	0.533121178941418	0.765261513068793	-6.65085738771695
ENSG00000235151	-0.493886146956345	-2.95273932368107	-0.644901546722102	0.53319141541049	0.765299341633804	-5.69686703053973
SAMSN1	0.38870013988602	-1.05439434025433	0.644869022949767	0.533211662631605	0.765299341633804	-5.88769006713457
ENSG00000310415	0.465136220717161	0.487205275102279	0.64425953888967	0.5335911712811	0.765759776308747	-6.05623751903283
ST6GAL1	-0.227392095275299	7.50535789832185	-0.644250769311981	0.533596632999152	0.765759776308747	-6.77233780111002
ABT1	-0.164349366621603	5.46477976043039	-0.64406461519828	0.533712577992831	0.76588011657978	-6.67310784510454
BIRC7	-0.668391323378985	-3.53370868757165	-0.643918201294842	0.533803781334949	0.765964940126329	-5.64497509466811
ENSG00000304915	-0.472320422253064	-3.75329034882628	-0.643645789587345	0.533973494675954	0.766162402154082	-5.62591748170631
ENSG00000295474	-0.451800188867766	-1.23753891028303	-0.643442701784331	0.534100039438511	0.766297904495277	-5.86868049101142
LINC03086	0.371852902214828	-2.11371008922851	0.643340281723023	0.534163864376886	0.766343408937433	-5.77781694502591
HAS1	-0.300897109057346	-0.0218503119614283	-0.643237942595625	0.534227643311861	0.76636600200075	-6.00207110087036
SNHG30	-0.223138295820707	3.58041903831477	-0.643159282681119	0.53427666809689	0.76636600200075	-6.44609923818502
P2RY8	0.338662950407489	-0.327505272119302	0.643123761746981	0.534298807373786	0.76636600200075	-5.96907924379841
LINC00533	0.651244085558068	-3.13479101229038	0.643108929893725	0.534308051841139	0.76636600200075	-5.68129362621978
WFIKKN2	-0.58339043986206	-1.25540741980329	-0.642997570604783	0.534377463354823	0.766419501105076	-5.86704706646481
PRSS16	-0.365517253665857	3.45399694326449	-0.642938430873049	0.534414327955614	0.766426316867962	-6.42778092749432
ENSG00000291200	0.471464563851465	-3.03551408275245	0.642755955718964	0.534528082698882	0.766510052112894	-5.69059533489186
HAPSTR1	0.125293660437324	6.11724716212057	0.642741737799867	0.534536946720032	0.766510052112894	-6.71730049829028
CEBPZ	0.179971305643585	7.71911849228881	0.642685663514782	0.534571906512181	0.766514129932485	-6.7799776324295
ENSG00000275106	-0.644371578409151	-3.74921556190468	-0.642523277854812	0.534673154159326	0.766613250650044	-5.62696571847747
MICAL3	-0.224132410802368	4.59440085392801	-0.642286038371828	0.534821093291158	0.766779301590681	-6.58627032532226
HCAR1	-0.602574531363287	-3.81093317372814	-0.642058319473745	0.534963117899324	0.766936853369965	-5.62191216963892
TARS1-DT	0.193340073724509	2.04749616952065	0.641976521131739	0.535014139557328	0.766963929894573	-6.23671312424779
LPCAT4	0.132765286040379	5.28012412417587	0.641855829473542	0.535089426057351	0.766979478088323	-6.65904764342124
STK16	-0.132014031944968	4.72407291662432	-0.641814907872884	0.535114954024814	0.766979478088323	-6.6021023190888
CHN1	-0.14493024207538	5.70235178385085	-0.641804587489328	0.535121392262402	0.766979478088323	-6.69232888611237
ENSG00000269176	0.252931986471368	0.135466979855304	0.641681936375278	0.535197910016379	0.767007479109442	-6.02001522111369
FGF4	-0.644808226421193	0.685078661289309	-0.64167024844545	0.535205202039999	0.767007479109442	-6.07948626451411
CTCF	0.109020863108122	7.00716375448041	0.641593973808624	0.535252790708479	0.767029622085816	-6.75723909830223
SRSF5	-0.103455335217842	7.6141436113533	-0.641476045131118	0.535326372674204	0.767089009162777	-6.77759411858167
HNRNPCP4	-0.357661410580132	-2.50217174507102	-0.641196373171949	0.535500898349054	0.767254620640486	-5.7414680385453
ZNF345	0.187106760520547	2.29941130458719	0.641187811455208	0.535506241698966	0.767254620640486	-6.26895354557754
SH2D2A	-0.279034463288264	2.88170356017734	-0.641083345851508	0.535571440961831	0.767262167661993	-6.34687577588283
ENSG00000251023	0.685438238569455	-2.91544079198843	0.641025648709898	0.53560745298249	0.767262167661993	-5.70274604601706
EPHB1	0.307173275275136	4.31124374769198	0.641024850222859	0.535607951372877	0.767262167661993	-6.55104141950344
CBX3P9	-0.261778632353354	3.65540178726573	-0.640909778978116	0.535679778023979	0.767319005047312	-6.45860377795114
ENSG00000266910	0.35204356783304	-1.47346912260941	0.640851794167913	0.535715973847859	0.767324800325682	-5.84511438162306
HIP1	0.121405073144079	7.51991200116902	0.640697138170132	0.535812521612429	0.767417033924859	-6.77518622313163
ENSG00000273998	0.42665818731215	-1.86177923790356	0.640538321957203	0.535911677000902	0.767512990997932	-5.80491333196729
ENSG00000287539	-0.323516318669014	-1.8960209596273	-0.640343429105962	0.536033371043567	0.767641213650354	-5.80155008286936
LIMD2	-0.251679457533048	5.88009665543204	-0.640225571989227	0.536106970587423	0.767655244895537	-6.70513084104096
SPATA2	-0.153023049993656	4.52652917728952	-0.640224729665567	0.536107496623741	0.767655244895537	-6.57933345109836
MYOM2	-0.281148825376384	0.227613343447026	-0.639948597443964	0.536279959034837	0.767856127079276	-6.03104729031448
TSPEAR	-0.472970896902384	-0.494770781275832	-0.639851358650418	0.536340698602704	0.767897027807483	-5.95283631063467
ENSG00000260293	-0.353888412578071	-0.885160593255139	-0.639463548685117	0.536582981204004	0.768197829308137	-5.90981734136369
NRXN2	0.454531232190202	4.60823071812442	0.639304838575101	0.536682152952452	0.768256779150872	-6.58993891016277
RNU7-57P	-0.475628407025528	-3.49831760491993	-0.639294624674228	0.536688535583965	0.768256779150872	-5.65097416688993
DIS3	0.119611397641514	6.27675541540841	0.639165194711271	0.53676941973336	0.768326480795016	-6.72800952771615
GABPA	0.115788564729667	5.49918244350364	0.63904229287831	0.536846230822927	0.768359727822647	-6.67917701109989
APOC1	0.182793645579967	3.60075580136748	0.639025008661109	0.536857033610025	0.768359727822647	-6.45183286521856
ENSG00000304328	0.340704400781172	4.44818949051384	0.638692739319912	0.537064729340467	0.768610894955264	-6.57040065055631
ENSG00000288093	0.389034793383185	-1.65823614544976	0.638283306388794	0.53732072267642	0.768916008792516	-5.82733525097029
ZNF335	-0.200362324377871	4.48526764661045	-0.638174471009377	0.53738878265854	0.768916008792516	-6.57547161583471
TNS2-AS1	0.238391772280646	2.41290214059485	0.638153884537066	0.537401656928245	0.768916008792516	-6.28560438533396
CAPN1-AS1	-0.248530688494416	-0.440293057524785	-0.638093255075046	0.537439574128891	0.768916008792516	-5.95997240541064
ABCC8	0.333886849104492	1.96369375839092	0.638064906924519	0.537457303376217	0.768916008792516	-6.22897473043425
ROCK1	0.133766931172675	6.49619574077107	0.638032228944093	0.537477740967207	0.768916008792516	-6.73912382988631
ENSG00000290850	0.537137669493986	-3.24111670985795	0.637956143228278	0.537525328537891	0.768916008792516	-5.67484676477667
TBC1D32	0.169909617244925	2.5703237747743	0.63793962457868	0.537535660397332	0.768916008792516	-6.30649574253103
CASC11	-0.430296040286729	-2.72104826540377	-0.637869590988891	0.537579465327736	0.76893258414102	-5.72284264600542
CD163	-0.325433792352154	-2.10017864874108	-0.637733383938454	0.537664666653856	0.768971751657699	-5.7827082020241
DKKL1	-0.313671473988051	1.58623599544212	-0.637722801864725	0.537671286364591	0.768971751657699	-6.18396046785114
ATG3	0.235445649694314	5.95783881285866	0.637540264001495	0.537785481978855	0.769060802364911	-6.71170526953726
PDE3A	0.25876189971035	3.45195763433663	0.637520260719389	0.537797996877293	0.769060802364911	-6.43107912414716
ENSG00000254277	0.180510682148888	7.52300904546851	0.637097467808736	0.538062553401434	0.769260573913359	-6.77769112019474
HSPD1	-0.195073822530151	10.1845905402977	-0.637091388926039	0.538066357722839	0.769260573913359	-6.84107264503322
ENSG00000288826	-0.354325927574261	-1.09731736340628	-0.63708730427619	0.538068914010689	0.769260573913359	-5.88799150937364
GSK3B-DT	-0.204050536203461	1.39875151085035	-0.636979080355673	0.53813664611829	0.769260573913359	-6.16262538609768
H2BC10	-0.51289827698631	-2.89721947021304	-0.63697738407723	0.538137707776015	0.769260573913359	-5.70696044780877
POLR2C	-0.13458226931219	6.47984184981841	-0.636943849363174	0.538158696553072	0.769260573913359	-6.73911155650721
LINC02924	0.406104201603951	-2.50595901123447	0.636906205661194	0.538182257636032	0.769260573913359	-5.74380033253679
MCU	0.171081776827507	6.18656017397915	0.636884977393156	0.538195544609933	0.769260573913359	-6.72490696183091
MRPL41	-0.253047972206749	4.48280360988418	-0.636804463809986	0.538245940547723	0.769284185630911	-6.57606767768369
ENSG00000287710	-0.396134133338312	-1.30499230788493	-0.636755598375859	0.538276528262295	0.769284185630911	-5.86569167086837
ENSG00000272906	-0.273166150935717	-1.38474764974591	-0.636603596430276	0.538371681537213	0.769336472789307	-5.85724624885165
CACNA2D2	0.216345307106552	6.07926132137112	0.636594170020809	0.538377582793271	0.769336472789307	-6.71931238237024
MLF1	-0.189980996860213	4.88997105883798	-0.636493194932328	0.53844079901204	0.769380742981522	-6.62426846293471
ENSG00000309413	0.339436348609748	-1.5893520058441	0.636389964982289	0.538505431339136	0.769421294421528	-5.83574281865133
TM9SF1	-0.236815888475041	1.80947269731442	-0.63634489012474	0.538533654137999	0.769421294421528	-6.21138516745517
MTCO3P12	2.14367937187884	0.414783679987756	0.63628288482891	0.538572479018364	0.769430704940218	-6.0535948213684
NBPF3	-0.128072998766588	4.6743513453932	-0.636195296579381	0.538627325530548	0.769463002240832	-6.5999781026722
NUS1	-0.139882629725755	6.4417294722008	-0.636083791945601	0.538697152810968	0.76951669536386	-6.73795067767917
ENSG00000295551	-0.401694059526807	-1.6777897230506	-0.63597473208006	0.538765454169436	0.769541368099131	-5.82676263696416
ENSG00000286115	0.443014748251035	-2.7841785812657	0.635953246421087	0.538778910668977	0.769541368099131	-5.71812315911803
FAT4	-0.297619346287294	2.34983559739931	-0.635793449459354	0.538878997831168	0.769610113659424	-6.27899135275515
GNPTG	-0.142534018123635	4.27988191551444	-0.635773437201313	0.538891533057204	0.769610113659424	-6.55033480237944
ENSG00000221184	-0.853692605015605	-2.16945386521687	-0.635521517165666	0.539049344476877	0.769760625825837	-5.77725443847661
TCP11L2	-0.274004364160829	1.90503073954957	-0.635502229694781	0.53906142791524	0.769760625825837	-6.22347631986891
ENSG00000289327	0.536285080712378	-3.30001873925126	0.635370678599102	0.5391438477423	0.769821217234227	-5.67112608465928
MAP3K21	0.187762218302246	5.30616401220172	0.635331541928309	0.539168369182861	0.769821217234227	-6.66566398700637
RN7SKP247	-0.690374604145337	-4.06381560590738	-0.635241949593509	0.539224506507447	0.769855314758224	-5.60451616457456
JOSD1	-0.125520325547599	5.33287937164883	-0.635139543391911	0.539288676957433	0.769888052026082	-6.66811775503326
TMEM14B	0.175505347859781	5.6446655161226	0.635080599730735	0.539325614622356	0.769888052026082	-6.69274362454285
ZNF559-ZNF177	0.391431134845887	-2.15377949977882	0.635025516355673	0.539360134518447	0.769888052026082	-5.77910618152423
TMEM45A	-0.28017297192846	3.89345858303297	-0.634955094184504	0.539404268857378	0.769888052026082	-6.49706615336919
ARG1	-0.603365422774919	-3.69177112743532	-0.63494798625074	0.539408723592414	0.769888052026082	-5.63662674672843
C19orf47	-0.153175568097379	3.86895942607369	-0.634810064417525	0.539495167152504	0.769956196144323	-6.49366377968049
ERI1	-0.150145162205613	4.72761976550281	-0.634768869141885	0.539520988155934	0.769956196144323	-6.60720359046739
TNFRSF25	-0.384264750742026	2.15973282111623	-0.634630924161805	0.539607456607409	0.770033552576922	-6.25555039309234
ENSG00000255836	0.291828322318055	0.576072479989907	0.634550822969828	0.539657670339059	0.770059166446391	-6.07221766350589
ENSG00000227857	-0.59676347298483	-3.31905053307387	-0.634447081758295	0.539722707502174	0.770073348194728	-5.669981532783
TAMALIN	-0.386798553437617	1.68312141473833	-0.63438488379512	0.539761702651107	0.770073348194728	-6.19757178085157
SLC16A9	0.178722076532213	4.88214636537758	0.634324972762651	0.539799265540492	0.770073348194728	-6.6248575448147
ZNF317	0.12058572864138	5.67360205111473	0.634294162281429	0.539818583616383	0.770073348194728	-6.69532292738919
ENSG00000215835	0.139332179563988	6.10358702531913	0.634277484493233	0.539829040704054	0.770073348194728	-6.72220485803564
ENSG00000227388	0.28456483375891	-0.868002928670092	0.634207313353321	0.539873039770391	0.770073348194728	-5.91506904105172
TBL1X	0.140494133490361	7.17087730476115	0.634155474711322	0.539905545228655	0.770073348194728	-6.76802304543903
NUS1P1	0.249537426617382	3.76221674122714	0.634123284883538	0.539925730451694	0.770073348194728	-6.4786382579488
ZFAND2A	-0.222132722104263	2.36415749973233	-0.634050745530101	0.539971219181663	0.770092207242829	-6.28198223667244
ERO1A	0.292613260508487	6.11323533523157	0.633808577785565	0.540123096245479	0.770262783107722	-6.72304304248267
GC	0.489851391309819	-2.04062463042216	0.633652951351501	0.540220711365929	0.770340292466992	-5.79120505595643
CFAP119	0.207604952608518	1.04723535164601	0.633611615557155	0.540246640537701	0.770340292466992	-6.12483151656941
HAL	0.421103630112976	-2.40409368012061	0.633527676110584	0.540299296392225	0.770340292466992	-5.75567754769204
IQUB	-0.378260588184601	-0.610399262537066	-0.633516108922738	0.540306552809211	0.770340292466992	-5.9441003244474
NXPH4	-0.453691147583943	1.4399617112326	-0.633337540145294	0.540418581070565	0.770453991661859	-6.16976588745961
CSNK1G3	0.148433016546908	5.6537269632738	0.633152036253558	0.540534974372128	0.7705738999725	-6.69466628423795
LINC01635	-0.590896840689915	-2.91882430928719	-0.63306189003733	0.540591541288051	0.77060851197049	-5.70738702842412
REC8	0.23381501378511	5.13684794663563	0.632987309801298	0.540638343100716	0.77062920059632	-6.6516979947622
UGDH	0.15697547033331	6.69098420766585	0.632799735546436	0.540756063090087	0.770689720215813	-6.75090168347786
ENSG00000302441	-0.741565905252553	4.96660921499415	-0.632745990502517	0.54078979573846	0.770689720215813	-6.63483253449749
RPRM	0.301325923154247	4.11697525805778	0.63273291702981	0.540798001382639	0.770689720215813	-6.53008056148949
INAFM2	0.15010992564408	4.80415224894681	0.63271385648092	0.540809964979865	0.770689720215813	-6.6172595037475
PLAUR	-0.17240771779201	3.35603466676588	-0.632584878336642	0.540890923766508	0.770705848044668	-6.42028075224038
SYNPO2L	-0.412743573236762	-3.81782883685394	-0.63255198918715	0.540911569199718	0.770705848044668	-5.62714639419062
ADCY6-DT	-0.449366000838907	-2.73052141295978	-0.632518517526874	0.540932580757026	0.770705848044668	-5.72528318425004
VCPKMT	-0.181726009132678	2.86367311039575	-0.632464337104124	0.540966593064385	0.770705848044668	-6.35004261353389
GPR27	-0.154548408322051	3.73956006737409	-0.632399780578558	0.541007120682675	0.770705848044668	-6.47647031398926
KANTR	0.24663339479346	2.61863457924661	0.63235143139309	0.541037474720835	0.770705848044668	-6.31662282513627
DENND5B	0.154580970841708	4.35937584158859	0.63229646814441	0.541071982316095	0.770705848044668	-6.56322596092238
ATF3	-0.31446046039176	5.0044377551599	-0.63221569961935	0.541122693545798	0.770705848044668	-6.63909564942352
ENSG00000288792	-0.508318446598226	-2.71659151738172	-0.632183907101115	0.54114265550874	0.770705848044668	-5.72679876335718
MORN4	0.194560379995125	4.9758445113748	0.632181448613415	0.541144199167577	0.770705848044668	-6.63616978852918
L1CAM	0.316845253100817	6.27076985788633	0.632115520393197	0.541185595756177	0.770718814601867	-6.73239705654623
RALGDS	0.262196733631836	2.11212145688731	0.631964138006304	0.541280656249356	0.77080819944531	-6.2513185557796
CUEDC1	-0.158647198138693	3.52335834362274	-0.631734585114633	0.541424822203628	0.770938446151599	-6.44532602673244
AAGAB	0.111874696053479	6.0562793264935	0.631715639490548	0.541436721598571	0.770938446151599	-6.7212535018704
SLC35B3	0.1488849222466	3.66875621434281	0.631413202322889	0.541626697143497	0.771154850449927	-6.46683200084023
ENSG00000268218	-0.525169633987949	-3.52626635680838	-0.631370815853577	0.541653325216516	0.771154850449927	-5.6533686620243
ENSG00000301887	0.437803927777904	-3.80933171570368	0.631187169774486	0.54176870425048	0.771207230929359	-5.62871067387178
ENSG00000250186	0.506479869112117	-2.90551081706122	0.631179617834547	0.541773449198477	0.771207230929359	-5.70978378678853
HR	-0.675836369165889	-2.38809603114383	-0.631157963439975	0.541787054970988	0.771207230929359	-5.75869424547074
SPATA20	-0.183301221479367	4.73007455481708	-0.63103636717038	0.541863459333223	0.771269989498213	-6.60995330724351
FTH1P5	0.924292296408939	-2.94422094446498	0.630709072058321	0.542069144234123	0.771444931382282	-5.70648868426065
ENSG00000287042	-0.387295573323926	-2.1232323700845	-0.630685015808295	0.542084263881951	0.771444931382282	-5.78483744827246
FAM136A	-0.151699240816658	6.85943538489122	-0.630651932628056	0.542105057461899	0.771444931382282	-6.75899989192011
SPX	0.38060954085416	-0.836235591540383	0.630635068505577	0.542115657147678	0.771444931382282	-5.92085189317684
ENSG00000301282	0.818278692229369	-2.93629204369541	0.630474872484596	0.542216351841996	0.771524734983437	-5.70736654582147
IL10RB	0.445644624755017	-1.64567583784078	0.630442996687539	0.542236389349821	0.771524734983437	-5.83359137128426
CNOT9	0.133020012034086	6.92541960540813	0.630126645098782	0.542435274813106	0.771761711115612	-6.7618394772564
ENSG00000293791	0.491953082155587	-3.11616491082665	0.630028247787843	0.542497144259256	0.771790121959567	-5.69109875841192
TMSB15B	-0.227166428305707	0.368248001977213	-0.629890791657433	0.54258357957248	0.771790121959567	-6.05268312709973
RPS15AP11	0.284060930927902	-0.833634045815539	0.629865408227036	0.542599542073906	0.771790121959567	-5.921627643703
ENSG00000304458	-0.565237643827799	-1.79698819198834	-0.629862343842548	0.542601469146179	0.771790121959567	-5.81827146251977
SSR3	-0.160047716450058	7.27168369600361	-0.62983776004114	0.542616929085412	0.771790121959567	-6.77431614174255
MYH10	0.218364378705346	8.69669956762622	0.629731201375325	0.542683943228991	0.77183944181195	-6.81482714323233
ASB16-AS1	0.181778548499389	3.65181207570665	0.629560244394672	0.542791467037789	0.771929717306606	-6.4655686684077
DNAJC25	0.143490829637075	3.34455507471849	0.629527437681837	0.542812102298436	0.771929717306606	-6.42061122466767
SLC44A1	0.118040471247327	7.287113339125	0.629392375437148	0.542897060528434	0.772004536679703	-6.77512792807875
THAP6	0.170563043241636	3.17683939505075	0.629153801707957	0.543047149256604	0.772062340833664	-6.39657219951099
ENSG00000259049	-0.459568392571814	-2.5442439324934	-0.629121873380299	0.543067237441232	0.772062340833664	-5.74499604851866
ROM1	-0.239307965217467	-0.407867294317428	-0.629074532371344	0.543097023529644	0.772062340833664	-5.96931071506514
ENSG00000287249	-0.416364652721522	-2.68747779590125	-0.629035349175531	0.543121677581833	0.772062340833664	-5.73148458161008
NPTN-IT1	0.345187607046159	0.499435969423634	0.628961951367811	0.543167861183355	0.772062340833664	-6.06747559926219
ENSG00000228826	0.368112326352733	0.774169002560269	0.628888915677789	0.543213819168797	0.772062340833664	-6.09753459834706
SLC37A2	-0.305048299937941	1.64087463152983	-0.628882583151776	0.543217804039963	0.772062340833664	-6.19614508224026
FBXO43	0.411964129487365	1.810031896487	0.62872731250827	0.543315516506963	0.772062340833664	-6.21640646401138
GCA	-0.139325332913943	5.34583734062211	-0.628676101411412	0.543347746076105	0.772062340833664	-6.67349164200388
TRIP4	-0.122452006564724	4.27470325024876	-0.628665463030544	0.543354441450711	0.772062340833664	-6.55432124378913
ENSG00000299402	0.500103180434505	-2.67610929670251	0.628656577384447	0.543360033759905	0.772062340833664	-5.73278913349345
CDK11B	-0.134914896819398	5.53896807062794	-0.628639886682333	0.543370538382641	0.772062340833664	-6.6891498395097
KCNK15	0.293847908576769	-0.708495721067455	0.628583483916111	0.543406037438565	0.772062340833664	-5.93635101033322
RPAP3-DT	-0.345858424757034	-2.17888508208433	-0.628578522343605	0.543409160241614	0.772062340833664	-5.78066348410314
CRYGS	-0.278449131400165	-0.78772457411822	-0.628506534868134	0.543454470161781	0.772062340833664	-5.92759352040632
ING1	0.119168017397988	4.79120578598896	0.628505237711195	0.543455286630308	0.772062340833664	-6.61856420381553
ENSG00000273759	-0.357800638709138	-1.5128826073918	-0.628437806280989	0.543497730914158	0.772076682562241	-5.84879745079833
EFCAB13-DT	-0.314785797330345	-0.395652166993822	-0.628326929424363	0.543567525777723	0.772129873689854	-5.97112648137679
USP28	-0.200995526255102	7.11222562293582	-0.628198619760223	0.543648300675954	0.772198654539843	-6.76990132796733
RPS15AP12	0.826659519488349	-1.07962544736589	0.628120424490256	0.54369753038972	0.772201516795597	-5.89561331785492
ENSG00000301843	0.327417169871305	-0.417981873363629	0.628014992171073	0.543763911889508	0.772201516795597	-5.96886864164025
ENSG00000272769	-0.580392292778604	-3.92925643266606	-0.627978882517564	0.543786648044723	0.772201516795597	-5.62034574403546
ENSG00000286118	0.394809616680187	-1.48931150391076	0.627978459779163	0.543786914221812	0.772201516795597	-5.85157859305802
ENSG00000299164	0.471781377776562	-3.41149806542252	0.627938480369005	0.543812087581196	0.772201516795597	-5.66567571572106
SLC9B2	0.231297913173795	2.67158468096711	0.627618762920973	0.544013424291739	0.772410743091359	-6.32684721726406
CCNE1	-0.155806749502123	5.66569946824053	-0.627545258029586	0.544059718805434	0.772410743091359	-6.69921441866489
PA2G4P6	-0.352690706804024	0.665271240669125	-0.627506050368164	0.544084413318193	0.772410743091359	-6.08648229109214
NMNAT2	0.230585477606978	4.61254770966782	0.627498951116853	0.544088884771941	0.772410743091359	-6.59826384972522
MAFTRR	0.457536712669279	-1.23314172075488	0.627316230221406	0.544203978523587	0.77252818387096	-5.87939807065466
BBS5	0.277328834436661	0.873199637434314	0.627130292101647	0.544321113084382	0.772617922711464	-6.10959525585304
CPO	-0.933659143526684	-1.51016278269216	-0.627026089071929	0.544386763689736	0.772617922711464	-5.8499687646707
ENSG00000290110	0.458498946663731	-3.8215246650908	0.626994635255411	0.544406581299144	0.772617922711464	-5.63019777928032
ANAPC4	-0.130311052960121	5.03307684771362	-0.626993497641487	0.544407298065325	0.772617922711464	-6.64547949437
SRP9P1	0.21093883352604	6.46000306301327	0.626884308497438	0.544476096403284	0.772617922711464	-6.74486536737805
RPS26P47	0.696905438730401	-2.19285147586659	0.626878300322979	0.544479882202687	0.772617922711464	-5.78034721559447
DTWD1	0.151549578305586	4.58647835486777	0.626856216871949	0.54449379729362	0.772617922711464	-6.59552211966012
GOLGA8K	0.378603595152008	-1.79101859780464	0.62614961759638	0.544939142847939	0.77316064846019	-5.82120392541411
PROCA1	-0.325674187550991	3.51383860619347	-0.626146566569232	0.544941066258738	0.77316064846019	-6.44759202532035
ENSG00000272942	0.563731345196614	-1.98344230052384	0.625926178619825	0.545080012223522	0.773173284611141	-5.80174693623846
COA1	0.129465266241881	6.63365826693047	0.625911486701721	0.545089275622687	0.773173284611141	-6.75306720608255
PAM	0.311728987134122	6.14094876120936	0.625902339179318	0.545095043271213	0.773173284611141	-6.72976400205343
TRIM21	0.161352949291965	3.98638603264876	0.625901682198472	0.545095457508723	0.773173284611141	-6.51631427609464
C6orf163	-0.278125558015608	-0.282783246439379	-0.625875528688818	0.545111947884178	0.773173284611141	-5.98500986084322
LIPT2	0.278522276370288	2.21671352119514	0.625664841892976	0.545244801052115	0.773267312146733	-6.26855480673085
PHF23	0.135668700410212	6.32828853171889	0.625626076122896	0.545269247673597	0.773267312146733	-6.73951904987935
RASSF4	-0.151937446612108	3.98787410206199	-0.625582910667029	0.545296469579787	0.773267312146733	-6.51673385041745
ENSG00000289479	-0.436011931517838	8.28215631335924	-0.625564886839911	0.545307836374143	0.773267312146733	-6.80715405208058
COX6B1	0.197341269388494	7.06340814831356	0.62520800802054	0.545532931246354	0.773492044051074	-6.77013078613321
MB21D2	-0.240929990034996	4.18072562321358	-0.625159496535195	0.545563533090751	0.773492044051074	-6.54389723716158
RWDD4P1	0.339865988550501	-1.33958438192692	0.625159481572406	0.545563542529676	0.773492044051074	-5.86928670667475
GGCT	-0.187936048920435	5.44567125567498	-0.624930205357069	0.545708187024666	0.773650507297173	-6.6842904369273
HAUS1	-0.113688597277129	5.86450540752005	-0.624843097131944	0.545763147119279	0.773650507297173	-6.71433304099316
ENSG00000283667	0.269090708567097	-1.47868078754174	0.624780149199691	0.545802865479009	0.773650507297173	-5.8547037774654
ENSG00000250920	-0.770583993663515	-3.53796388849265	-0.624775972139611	0.545805501143879	0.773650507297173	-5.6563427735012
PSTK	0.221054229937882	2.24183973555228	0.624725441178895	0.545837386029962	0.773650507297173	-6.27234271318358
FUT10	-0.136085216127119	4.29441364507299	-0.624652934892681	0.545883139140473	0.773669333679977	-6.55958503205166
ENSG00000298027	-0.451970631473671	-2.75071116053352	-0.624564304769583	0.545939069734045	0.773669333679977	-5.7282894446892
ARMCX1	0.170358947430797	5.31629431761009	0.624550286613019	0.545947916279305	0.773669333679977	-6.67364621954392
ENSG00000231744	0.449447191163852	-3.75771268305495	0.624463876943598	0.54600244929855	0.773680912668514	-5.63725298728005
CUL7	-0.234511819433707	5.01948480354501	-0.624434610832355	0.546020919805106	0.773680912668514	-6.64575321298828
WASH9P	-0.347712169403468	1.55640185344906	-0.624320634756929	0.546092856093129	0.773690077697677	-6.18913855932457
NPR2	-0.210316104125774	3.95679524327923	-0.624301455094866	0.546104961917432	0.773690077697677	-6.51311493723568
EDIL3	0.170943557159117	6.62000070204121	0.624181212286357	0.546180860298732	0.773690077697677	-6.75362585526997
LINC02593	-0.843002980162396	-2.62689055067614	-0.62417310578363	0.546185977415566	0.773690077697677	-5.74019743237559
ENSG00000287576	-0.320115057189236	-2.32504215306535	-0.624167570314693	0.546189471618894	0.773690077697677	-5.76911265884648
H3-5	0.555861946359193	0.269772443847699	0.62391890914143	0.546346449391913	0.773866510838979	-6.04587446775733
ENSG00000253392	0.325190988433159	-1.39017244622414	0.623699180271195	0.546485183874332	0.774017084061996	-5.86478786204688
PORCN	-0.182864762559158	4.27900070362264	-0.623599296870655	0.546548255844271	0.774043042110157	-6.55820866438099
ZNF646	-0.192040688421694	5.02588449655662	-0.623567437878498	0.546568374269179	0.774043042110157	-6.64697804320275
NDUFAF6	-0.12726442919149	3.83184686422416	-0.623440214976299	0.546648717635007	0.774081755504736	-6.49578164448402
ACYP2	0.207429104872674	1.58095623694322	0.623419410998994	0.546661856331769	0.774081755504736	-6.19260066486696
NUP107-DT	-0.288091676976321	0.228634098483342	-0.623348602347558	0.54670657669859	0.774081755504736	-6.04180991869469
KLK4	0.350337645224704	-1.01565712721082	0.623289105948812	0.546744154240435	0.774081755504736	-5.90565118946379
ENSG00000289225	0.33978869222096	-2.99012017530134	0.623267380395634	0.546757876327098	0.774081755504736	-5.70680770532216
ATG4C	0.156797380060874	5.16732117035869	0.62313003560184	0.546844629283555	0.774158655146248	-6.66106728910379
SCARB1	-0.207328803298191	6.27462870548373	-0.62296059595848	0.546951665565304	0.774258838545048	-6.73860665174829
ZNF514	-0.168676738353661	3.35190492874156	-0.622915306570094	0.546980277232499	0.774258838545048	-6.42598199996788
ENSG00000275527	0.566303190984844	-3.36914715586652	0.622815633439036	0.547043248951442	0.774299200269687	-5.67258009301653
HYCC1	0.169874948195968	7.22696711773027	0.622767475855283	0.547073675541447	0.774299200269687	-6.77744377280602
ENSG00000276564	-0.365301633995312	-0.339200229883254	-0.622521926801126	0.547228831645218	0.774472872680054	-5.98098156795948
XIAPP1	0.411593802018212	-1.55694381459992	0.622344773473525	0.547340785835618	0.774486738363326	-5.84795281539784
ZNF674	0.253037940876303	2.07158361187116	0.622317360054735	0.547358111244114	0.774486738363326	-6.25249685702463
NKX6-2	-0.421221872280886	-2.36924526486458	-0.622305857757486	0.547365380842716	0.774486738363326	-5.76598162204952
MINPP1	-0.142961042526214	5.18515060082318	-0.622239845279317	0.547407102635419	0.774486738363326	-6.66332271900694
NIPA2	0.215263758320574	6.6806202740773	0.622238397912577	0.547408017433309	0.774486738363326	-6.75742404634269
IGF2BP1	-0.145082764916243	9.0736266834982	-0.622198350373098	0.547433329542435	0.774486738363326	-6.8285016598148
ENSG00000287189	0.53938667793979	-3.62690106840962	0.622033261984602	0.547537680956532	0.774496221212672	-5.65014915322644
MAPKAP1	0.137311134967959	7.39664250561887	0.62200373536122	0.547556345759188	0.774496221212672	-6.78359491732877
ZBTB8A	0.154597578601209	3.44436937396011	0.621909201838867	0.547616106116008	0.774496221212672	-6.44017255213003
DYDC1	0.351744419168459	-2.4242379218551	0.621893245900332	0.547626193196359	0.774496221212672	-5.76093276959233
LNCRNA-IUR	0.304318537064715	0.331323460785574	0.621873021392577	0.5476389789477	0.774496221212672	-6.05380550757016
PLXNB3	-0.544533842763237	0.741121815775169	-0.621834845942417	0.547663113586449	0.774496221212672	-6.09840930069782
MMP25-AS1	0.197138215119856	2.36234226995168	0.621828404604174	0.547667185880348	0.774496221212672	-6.28967124362989
MTA2	-0.117509519261583	7.5143864508492	-0.621747859106964	0.547718109199087	0.774522343420702	-6.78754168593676
MRPS23	0.142158995593393	5.72693340359625	0.621572736120696	0.547828836598179	0.774570322334936	-6.70740441266155
ENSG00000288398	-0.195699787390708	1.77145020066787	-0.621556367990219	0.547839186550884	0.774570322334936	-6.21638364171325
LINC02269	-0.362378425304968	-1.32621901981525	-0.621540217132068	0.547849399226382	0.774570322334936	-5.87297883512119
HIBCH	0.118131920868866	5.00070039872683	0.621350916770725	0.547969107647536	0.774657310863708	-6.64582847044798
CLPTM1L	-0.174838061334864	6.38552333364525	-0.621331037599044	0.547981679561574	0.774657310863708	-6.74504995785743
ENSG00000245025	0.357990651403401	-0.155045933485065	0.621288949182837	0.548008297507975	0.774657310863708	-6.00176100184924
CRABP2	0.229438271578989	7.43145053179826	0.621057605893193	0.548154618922078	0.774818258206292	-6.78533764769935
ATP2C2-AS1	-0.373564431692525	-2.11219068067139	-0.620958570363576	0.548217264316567	0.774830512306454	-5.79195720362078
PTER	-0.151301467694803	3.3752524505246	-0.620941255619169	0.548228217258939	0.774830512306454	-6.43066311426051
ENSG00000288663	0.28780320164268	-1.37285350507316	0.620749568500326	0.548349482813638	0.774923430332157	-5.86847285654845
RANBP6	-0.20857308394635	4.56692572407044	-0.620734686962618	0.548358897845553	0.774923430332157	-6.59713943514055
TMBIM6	0.190191229132711	9.59694629495927	0.62058647316479	0.548452672587775	0.774974886519332	-6.84067475791547
ZNF718	0.146116602018806	3.3408725547669	0.62057449604663	0.548460250898648	0.774974886519332	-6.42588741968268
C15orf39	-0.225446336056893	6.1256384373818	-0.620431204588123	0.548550920669964	0.77501503732894	-6.73250337556872
PFN4	0.671927824564869	-3.34728400874762	0.620414991743658	0.5485611801221	0.77501503732894	-5.67599381215688
FALEC	0.290423221526106	-0.460114024949988	0.620375639004522	0.548586082902548	0.77501503732894	-5.96905082811242
TACC1	0.148238197213463	4.83723442486393	0.620265425279827	0.548655830598974	0.775067695111317	-6.62910331707412
PDCD5P1	0.56452866186031	-3.20661126177386	0.620163498062168	0.548720338749131	0.775112945367277	-5.68886501542577
TMEM33	0.179735584918451	6.32589872628545	0.620045098434016	0.548795277448059	0.775172923409648	-6.74304733940674
LINC01820	-0.34557106063027	-3.71670061268707	-0.61994621346697	0.548857869189722	0.775215455317262	-5.64353777095963
DUSP18	0.178116142692823	1.38239229847093	0.619868628440193	0.548906981437623	0.775229005762326	-6.17176436457441
PANCR	0.818234065290618	-0.827353315658912	0.619828434893384	0.548932425415147	0.775229005762326	-5.9286332269138
MAU2	-0.163731284864427	5.3174298903289	-0.619674575564787	0.549029830165516	0.775295593600193	-6.67691919189557
CYP2D6	-0.337269552452104	-0.892807075822205	-0.619651335695091	0.549044543638935	0.775295593600193	-5.92150573378014
CNTNAP1	-0.274000914437303	4.09016192864016	-0.619539776272433	0.549115176527737	0.775312697420122	-6.53495757396712
RLF	0.136010557873163	5.90777354176837	0.619529590912867	0.549121625557873	0.775312697420122	-6.72050427369676
ENSG00000272696	-0.455458077047327	-2.73298287320851	-0.619451620958816	0.549170994959935	0.775336535741424	-5.73307389057275
ENSG00000267533	-0.282964761872067	2.74443306887915	-0.619213925933542	0.549321515443712	0.775362328311352	-6.34217848032099
C2orf49-DT	0.23275101048942	1.88145861330155	0.61917619813476	0.549345408745548	0.775362328311352	-6.23115741207572
MIR193BHG	0.504397847141399	-1.15476000267192	0.619165365850811	0.549352269022466	0.775362328311352	-5.8929884974058
SETP14	-0.138640169591122	5.80561567776936	-0.619139575013475	0.549368603011637	0.775362328311352	-6.71427991479912
LINC01152	-0.363548358045559	0.788231156867899	-0.619100296908963	0.549393479358225	0.775362328311352	-6.10532197160449
TUBB2A	-0.161346872492178	7.05999582153511	-0.619087421478609	0.549401634006813	0.775362328311352	-6.77400110160212
JPT2	-0.121407099073911	8.21054021475683	-0.61906118415632	0.549418251617118	0.775362328311352	-6.80950572518433
ENSG00000291171	0.19363840507296	3.2035823119379	0.618942951664424	0.549493138620416	0.775362328311352	-6.40703324468765
SERPINF1	-0.228371105233949	5.52727199198536	-0.618927279603121	0.549503065546206	0.775362328311352	-6.6945888638721
ENSG00000273014	0.256365114095123	0.413980241645939	0.618909809044483	0.549514131788097	0.775362328311352	-6.06460847642211
TGFB2	0.417801017574879	0.632741672243639	0.618676538169669	0.549661902899399	0.775524984423029	-6.08854161024647
MIOS	-0.129051902282145	5.53278850357964	-0.618443943228343	0.549809268294936	0.775591941001407	-6.69532740192834
ENSG00000303314	-0.722480251806825	-3.09243627038647	-0.618442698960397	0.549810056687277	0.775591941001407	-5.70032373068185
ELOVL3	0.374187772667744	-2.52556132753369	0.618293045680117	0.549904884594666	0.775591941001407	-5.75342139714849
SRP54	0.112356450681749	6.39575811528091	0.618258043688884	0.549927064971218	0.775591941001407	-6.74752208463646
ZNF777	0.169964447222454	4.39286707356302	0.618231785361938	0.549943704917424	0.775591941001407	-6.57675308362125
ABCA1	0.297381015753073	4.0077732233254	0.618096907634877	0.550029181666416	0.775591941001407	-6.52439878566664
ENTPD4-DT	-0.338184550269091	-1.48673220823194	-0.618084940096517	0.550036766279729	0.775591941001407	-5.8580048675471
ZNF431	-0.222004986109125	5.02803303421535	-0.618038400668463	0.55006626192947	0.775591941001407	-6.6507895292391
ENSG00000289602	0.29202988188108	-0.866702507362911	0.617994422446717	0.550094135168948	0.775591941001407	-5.92541923772986
SSUH2	0.431736450881952	-1.96829118429303	0.617970942586589	0.550109016948502	0.775591941001407	-5.8081789505312
ENSG00000256564	0.474503944192104	-4.27232294576868	0.617952428453409	0.550120751559804	0.775591941001407	-5.59864132491837
FIZ1	-0.156949906946524	3.91856016648678	-0.617944767240713	0.550125607424331	0.775591941001407	-6.511754463135
PRC1-AS1	0.422359694785242	-1.70074135687792	0.617934977383242	0.550131812511535	0.775591941001407	-5.83563146720548
CYCSP45	0.731783636636472	-2.13744450076968	0.617614822446015	0.55033475761171	0.775832230355504	-5.79150238793748
ENSG00000309692	0.193645326904333	2.62919211565284	0.617480822933682	0.550419712045524	0.775849576942264	-6.32765302831401
SMN1	0.201499743840251	4.71181977937846	0.617480507950338	0.550419911750774	0.775849576942264	-6.61666945354292
EIF4E3	-0.263378946354862	4.51569974362325	-0.617399378867421	0.550471350454629	0.775849576942264	-6.59295681587051
ENSG00000271828	0.445721353982443	-3.71132257103412	0.617390324817318	0.550477091211308	0.775849576942264	-5.6455349583655
DNA2	0.12946074997801	6.17165368147263	0.617142149486915	0.550634460995208	0.775932612757138	-6.7370888782028
ZBTB14	0.126341808719887	4.65604445911254	0.617125351040281	0.550645113934441	0.775932612757138	-6.61025548077062
ENSG00000294759	-0.505196679650966	-4.11182794064491	-0.6170609764992	0.550685938914771	0.775932612757138	-5.61138921621119
LINC02440	0.260779132976331	-0.426785442408518	0.617043202330468	0.55069721122122	0.775932612757138	-5.9748031238513
ALDH1L1-AS1	0.392549468071367	-0.970024578743932	0.617041075856432	0.55069855983128	0.775932612757138	-5.91457666747121
PRDX5	-0.148125349422397	7.18088784409842	-0.616947173735909	0.550758114433424	0.775944462312054	-6.77965208785314
ENSG00000230882	0.264543807589244	0.822939481621303	0.616905350179727	0.55078464094436	0.775944462312054	-6.11053589735053
ENSG00000289303	-0.537602738713954	-3.06150164499404	-0.616874034530403	0.550804503309625	0.775944462312054	-5.70410896796912
SUPT16HP1	0.20513446870281	2.61119894614172	0.616669130408164	0.550934476484101	0.77600900822911	-6.3257561339244
HHLA1	-1.35780718965242	1.08019195182346	-0.616656758839067	0.550942324477217	0.77600900822911	-6.13938518692231
TMEM68	0.14941231330123	4.77546616975144	0.616618486350213	0.550966603304817	0.77600900822911	-6.62451657663584
ZEB2-AS1	0.752020858208832	-2.79872189038081	0.616596774584879	0.550980376815289	0.77600900822911	-5.72864031383361
KLHDC2	-0.108724833629361	5.48996718528772	-0.616447891375193	0.551074830608769	0.776096240168731	-6.69328865311243
ENSG00000303567	0.314496013886974	-1.47457177931611	0.616279211719835	0.551181854658508	0.77614906047365	-5.86040762479348
CADPS2	-0.210940086095786	4.32489220743146	-0.616144710594007	0.551267201517198	0.77614906047365	-6.56918001385326
LIAS	-0.172706643511955	3.96110585919121	-0.616071540093582	0.551313634550763	0.77614906047365	-6.51905313083796
PTGS1	-0.302181039094917	2.60456601139525	-0.616061941120098	0.551319726097008	0.77614906047365	-6.32525402970717
ST8SIA5	0.325961884432342	2.08863012942431	0.61603185960809	0.551338816189567	0.77614906047365	-6.2586341482201
ROBO3	-0.197930014118205	3.37714713594578	-0.616030155964233	0.551339897353837	0.77614906047365	-6.43409765113586
ENSG00000273262	-0.340953702775555	-2.90882254055738	-0.616030034409297	0.55133997449492	0.77614906047365	-5.7187195316668
ZNF699	-0.199502279963048	2.43392193549298	-0.615890369965671	0.551428612256298	0.776228055955238	-6.30276948112123
ENSG00000277831	-0.325633230631286	-0.662358230092087	-0.615755331687062	0.55151432170571	0.776295059273039	-5.94951047739413
USP5	-0.183799298307988	7.41261980946421	-0.615692286578926	0.55155433932453	0.776295059273039	-6.78820910280455
HPS1-AS1	0.332376049273998	-1.09883905317332	0.615645740362527	0.551583885395951	0.776295059273039	-5.90129098400376
ZNF790	0.176756216494994	2.43875727472005	0.615610406864535	0.551606314585473	0.776295059273039	-6.30358082061686
HAUS8	0.180048407997583	4.10746127043843	0.615424376501751	0.551724412465446	0.776392669317931	-6.54001932719954
OTUD3	-0.188257197296517	4.13580669478885	-0.615394273814192	0.55174352393651	0.776392669317931	-6.54398223692336
PSEN2	0.3358464884614	-0.47506416317929	0.615320126820532	0.55179059967483	0.776392669317931	-5.97055575065988
N4BP2	0.146903734897778	5.88804313399523	0.615296198009195	0.551805792501784	0.776392669317931	-6.72200759470013
EIF3C	-0.259589179147662	4.45200283008154	-0.615231900198503	0.551846617495807	0.776404339764939	-6.58623660295405
GPRASP2	-0.17225090158182	4.51186332533347	-0.615154104879678	0.551896014829143	0.776428068725444	-6.59391980013285
MIR590	-0.578505164686566	-3.14112982558715	-0.614994961383154	0.551997073234102	0.776463871603008	-5.6979431912631
ENSG00000304120	0.68768103369882	0.138008544000428	0.614985946076608	0.552002798396592	0.776463871603008	-6.03732367491365
ENSG00000309826	-0.511239525907794	-4.1378155028865	-0.614928522509478	0.552039265971051	0.776463871603008	-5.61046573657185
ENSG00000279347	-0.508047350542947	-1.00276560839647	-0.614909107845377	0.552051595811432	0.776463871603008	-5.91228065854421
CES2	0.130704175817643	5.24855994333649	0.61485639987494	0.55208507030858	0.77646519581938	-6.67397247213657
LINC02381	0.590146150553887	1.00819510544571	0.61479325723823	0.552125173308019	0.776475841809114	-6.1324767002804
RNU6-431P	0.606963701693937	-3.96119641911164	0.614729373203501	0.552165748859663	0.776487151074333	-5.62553613434905
ENSG00000302291	-0.573300902044098	-4.55957764546647	-0.61465184003262	0.552214995842287	0.776510652552163	-5.58456247642795
ALG11	-0.24433540053559	2.95741179982472	-0.614355138461229	0.552403475637748	0.776729925359146	-6.37486972020109
ENSG00000308579	0.302725285129079	0.253948379273341	0.614303819062231	0.552436079997498	0.776730010091327	-6.05022997185021
S100A11	0.275427172443228	5.91828112408431	0.614214670344785	0.552492720754857	0.77676388821019	-6.72459318243554
CDK5R1	0.137548506803657	3.98318825459228	0.614134798570842	0.552543470182625	0.776789480052349	-6.52346487000279
MRNIP-DT	0.224039530451594	0.931416746700038	0.614022393369009	0.55261489536808	0.776821158250104	-6.12438725687474
RALGAPA2	0.131186504263307	5.20152228927419	0.613996893686156	0.552631099255395	0.776821158250104	-6.6701955563341
ENSG00000295778	-0.461683998204572	-1.93564970014504	-0.613920071062081	0.552679918158429	0.776844028662381	-5.81396063844157
ENSG00000293160	0.262947734482195	-0.713535088899649	0.61368081531097	0.552831974968257	0.77701199850229	-5.94512251255113
ZFP30	0.220849594030248	3.32399049867241	0.613475641794974	0.552962389953644	0.777149532506397	-6.42799147000879
ENSG00000260917	0.269803872158174	1.79211542156062	0.613361414758869	0.55303500391968	0.777205819852264	-6.22407658316959
KAT8	-0.138666582828073	5.33558687429946	-0.613233309486049	0.553116446669797	0.777274507340322	-6.68265372624083
RPL26L1	0.151651762449458	4.32047057112522	0.613154870685137	0.55316631737319	0.777298822298847	-6.57050624929529
GLO1	-0.172617642650694	8.43371025707726	-0.612919133338451	0.553316212401599	0.777403120344738	-6.81929413020033
USP32	0.12124608048417	6.78486647842425	0.612900742282428	0.553327907431144	0.777403120344738	-6.76766226811363
CFTR	-0.449598650267895	-1.10440436268052	-0.612810378096942	0.553385372816109	0.777403120344738	-5.90242685935071
RAD51D	-0.155814167222484	3.76223733237169	-0.612785006041563	0.553401508298042	0.777403120344738	-6.49249037823913
RPL7P9	0.137411846315977	8.62747219989444	0.612782027078925	0.553403402801236	0.777403120344738	-6.82420190905938
DYNC2H1	0.28091566871856	4.76333611585062	0.612634863086145	0.553496997877397	0.777488838110755	-6.62570572786928
LINC02945	0.42671569824363	-2.32446579029026	0.612031941151501	0.553880544503847	0.777936998844802	-5.77657621842299
LIF	-0.274959760452258	2.02774744764381	-0.612030856874726	0.553881234397692	0.777936998844802	-6.25362176481405
UBE2C	0.160127482550248	7.37719146935045	0.611906116707057	0.55396060618256	0.778002694348544	-6.78950198409621
ENSG00000268231	-0.594083315524609	-3.81223642845948	-0.611776890780703	0.554042839008293	0.77800899199946	-5.64009083560894
ENSG00000308880	-0.528051119858382	-4.28152205207434	-0.611772426273298	0.554045680117433	0.77800899199946	-5.60164471253056
ZFP2	0.324068138413719	1.3361766171391	0.611745393452471	0.554062883354205	0.77800899199946	-6.17158217920609
FABP5P7	0.386903405862818	5.38723091046737	0.611691425319666	0.554097228675894	0.778011445864664	-6.68805172212812
CCNE2	-0.224251244033113	1.74383173997591	-0.611601442023086	0.554154496719214	0.778046083487116	-6.21939466929661
BMAL1	0.216405250483057	3.1615937460108	0.611518835021339	0.554207073208039	0.778048080141949	-6.40574206226962
MFNG	-0.521933518305783	2.31043173108306	-0.611496769750154	0.554221117463161	0.778048080141949	-6.28956548936081
ZNF765	-0.246619103217789	3.81882185000544	-0.611247282994731	0.554379926466277	0.778184814704387	-6.5017409985168
TJAP1	-0.154235746132152	5.01577571434091	-0.611241313421667	0.554383726669405	0.778184814704387	-6.65389993336222
COPG2IT1	0.417067483662705	-0.803152208365598	0.610949346897046	0.554569609156974	0.778322435656288	-5.93682936343343
VGLL3	0.3196319186651	3.77363691135972	0.610943131419348	0.554573566665244	0.778322435656288	-6.49533005164761
MAPK8IP1P1	-0.663539385526561	-3.55133970516064	-0.610933653979337	0.554579601155187	0.778322435656288	-5.66344610785505
C9orf40	0.145111289839086	3.83918766050974	0.610798344181367	0.554665759850068	0.778397582780124	-6.50497515496163
JMJD1C-AS1	-0.31268687030231	-1.25588621680327	-0.610565375683781	0.554814120524144	0.778557722633526	-5.88733717567763
CRADD	-0.150645279704015	3.00485680369698	-0.61051671361133	0.55484511267749	0.778557722633526	-6.38399889379879
DPCD	-0.138577699288318	4.12897453381957	-0.610132694263932	0.555089723125775	0.778731232543632	-6.54639687828762
ENSG00000310436	-0.492230805889547	-3.57077057120657	-0.610132305427129	0.555089970835592	0.778731232543632	-5.66220021419694
TAF1A	0.210411348195934	3.14297978043281	0.610089812043273	0.555117041766364	0.778731232543632	-6.40399038104356
RAB18	0.181346109086367	6.30786247652737	0.609996974847198	0.555176187425635	0.778731232543632	-6.74863977182732
ENSG00000277511	0.338944129096018	2.80414945659239	0.609978764350629	0.555187789569106	0.778731232543632	-6.35626756615061
TK2	-0.233166042812824	2.10062614316275	-0.609964406134174	0.555196937471221	0.778731232543632	-6.26397305457204
TRIM46	-0.354621014362694	3.62854006822447	-0.609964054545071	0.555197161476618	0.778731232543632	-6.47479423575133
TRPM1	-0.403133935936101	-2.56432704645555	-0.609907344343325	0.555233293499312	0.778736147143919	-5.75479862152348
KSR2	0.235062593976749	1.7375825317444	0.60976291512584	0.555325320306896	0.778800706643439	-6.21980382304796
LINC00951	-0.35264816422629	-0.905362498608025	-0.609725345709483	0.555349260038356	0.778800706643439	-5.92625925543407
TMEM14B-DT	0.330235168662001	-3.21015937386778	0.609638728681101	0.555404455773604	0.778800706643439	-5.6948509860577
ELP3	0.105568226288328	5.76294539759896	0.609573051458791	0.555446309909116	0.778800706643439	-6.71760681583062
ZNF24TR	-0.294658994379484	-1.68031814263006	-0.609562026451862	0.555453335991301	0.778800706643439	-5.84287870946492
FAM110D	0.266213291250952	-0.013323769570887	0.6095278615638	0.555475109112635	0.778800706643439	-6.02441167033824
SPTLC2	0.128527595063812	6.3020168388574	0.609348549859377	0.555589391487878	0.778894662131439	-6.7487648971349
STX1B	-0.194126553979032	3.67290584644421	-0.609320308665746	0.555607391913007	0.778894662131439	-6.48170138720546
STRN3	0.129678040338861	5.56654769430432	0.609209716173564	0.555677884722096	0.778939889190111	-6.70386847561536
ENSG00000307644	0.535985183031686	-3.10660926697577	0.609159181744679	0.555710097569473	0.778939889190111	-5.70458986876747
ENSG00000289558	0.446850201389193	-0.432011543788372	0.609116095086904	0.555737563712624	0.778939889190111	-5.97914533380166
LMTK2	-0.165045370683496	5.58855309853841	-0.609025099421831	0.555795572576876	0.778947311137273	-6.70563178705035
SYBU	0.236829710628899	-0.638002743951973	0.608946828408703	0.555845472322138	0.778947311137273	-5.95642961257276
SPOUT1	-0.631344419689587	-3.41994065924081	-0.608914545436754	0.555866054265038	0.778947311137273	-5.67634465858154
ACSL6	-0.287253309115047	-0.414594081101746	-0.608903012869228	0.555873406933843	0.778947311137273	-5.98119727957761
KIT	0.123054450835426	5.62294722952759	0.608757903178143	0.555965927302666	0.778972144224789	-6.70833887813902
YWHAZP4	0.371950882821783	-1.17393832963986	0.608754988754582	0.555967785596295	0.778972144224789	-5.89731287378398
ZCCHC12	0.278968025121979	0.991669038734382	0.608675055135884	0.556018754201032	0.778972144224789	-6.13446254323582
DNAAF4	0.287305765029857	-1.07597228382676	0.608624881568137	0.556050748048715	0.778972144224789	-5.90811698208991
ENSG00000306335	0.475182985332138	-3.65906847032018	0.608619282296312	0.556054318563612	0.778972144224789	-5.65531080825135
UBE4A	0.173634099973707	6.28857809452078	0.608347863640982	0.556227410873589	0.779150136734647	-6.74873555630685
ENSG00000305945	-0.578006021974187	-1.97128070101648	-0.60831767327717	0.556246666100543	0.779150136734647	-5.81375520580792
P2RX7	-0.280410596813777	0.292559192988993	-0.608135347465288	0.556362960336702	0.779267298964557	-6.05823291186654
WDR12	0.156934698303093	6.68232997151745	0.608032709913831	0.556428432424121	0.779313267805088	-6.76665994805193
AP1M1	-0.22738221658407	5.37327874272255	-0.607965530258278	0.556471288404354	0.779327557818725	-6.68924102045776
ENSG00000306694	-0.633549679822596	-3.62709945884211	-0.60791050363228	0.556506392972776	0.779330991086149	-5.65853942610682
AMD1	-0.202632957263222	7.86015290418167	-0.607807982750007	0.556571800107249	0.779376857143846	-6.80699912109862
C3orf80	-0.274284796143274	-0.422300313626585	-0.607632983839974	0.556683457360044	0.779487478839083	-5.98112951043519
GTF3A	0.12743690614263	6.32953871886766	0.607554502949635	0.556733535818793	0.77951186785094	-6.75126191236197
SLCO3A1	0.113925542358526	4.44927534012729	0.60745342768281	0.556798035419829	0.779556444615771	-6.59085893168296
SEPTIN7P9	0.424901227275071	-2.35084071173684	0.607371913853318	0.556850055252132	0.77958246377218	-5.77682830732888
H1-0	-0.35157100938225	8.11108741673097	-0.607271477355572	0.556914154751561	0.77958246377218	-6.81440391340837
ZNF473CR	-0.511854098264212	-3.54515986549167	-0.607267649501789	0.556916597805113	0.77958246377218	-5.66615994621102
ENSG00000267707	0.322833657806824	-2.50729306203936	0.607219585788991	0.556947274051177	0.77958246377218	-5.76185291762875
SERF2	-0.145204902313945	7.81165246352406	-0.607100713178672	0.557023147533779	0.779642942891667	-6.80602975608959
ZNF682	-0.199946363720787	3.82277879199766	-0.606980993986816	0.557099567232996	0.77965890560581	-6.50502402799437
ACVR1C	-0.278128685683984	0.893371435936558	-0.606913058919279	0.557142934471421	0.77965890560581	-6.12459917572518
ZNF813	-0.178690963436297	4.84789848304683	-0.606880104901697	0.557163971781794	0.77965890560581	-6.63888950497629
ERCC1	0.174721997613987	5.68144203646784	0.606878150414638	0.557165219508639	0.77965890560581	-6.71369828050159
TBX15	0.652716018176561	-2.07588595831692	0.606711597091793	0.557271551402751	0.779757190438367	-5.80424295904486
Y_RNA	0.211785389881867	1.9515114706639	0.606623150185912	0.557328022794813	0.779757190438367	-6.24764287781358
LINC02774	-0.562646923374584	-3.53324885890149	-0.606614620005467	0.55733346929602	0.779757190438367	-5.6676011425385
RNASET2	-0.173544563554814	3.42224178285314	-0.606338190975621	0.557509984779312	0.77995842946822	-6.44686811133538
H2AC13	-0.302008729439862	-0.798468441271002	-0.606183392581948	0.557608845956209	0.779975747134714	-5.9402771405265
CMKLR2	0.301475109469435	-0.615279271196278	0.606166575026023	0.557619586991596	0.779975747134714	-5.96066455992564
STC2	-0.35140717629121	6.6737781916919	-0.606165296403708	0.55762040362675	0.779975747134714	-6.76750127633581
ENSG00000248468	-0.462591312588331	-3.25734060136967	-0.60592240936733	0.557775543767468	0.780008646029058	-5.69276740324244
KAT7P1	0.358945346071159	2.20328950581229	0.605902953172732	0.557787972141937	0.780008646029058	-6.27942923157009
ENSG00000297904	-0.628561644034962	-3.74400211219496	-0.605877907490103	0.557803971240237	0.780008646029058	-5.649490831491
ZNF66	0.296317993253615	3.00315879114617	0.605861693601225	0.557814328755421	0.780008646029058	-6.38669941556736
ENSG00000269925	-0.549116211516681	-3.76422409372195	-0.605850140777148	0.557821708824344	0.780008646029058	-5.64774569947555
ENSG00000307331	-0.325671227456557	-2.22824796273369	-0.605821488365858	0.557840012530691	0.780008646029058	-5.7897150722755
RC3H2	0.135017402077814	5.41879954361812	0.605739715800889	0.557892252255189	0.780035992066467	-6.69446672964875
ERGIC1	0.131635813221205	7.43717403086668	0.605533767425359	0.55802383281594	0.78007703364784	-6.79551715295921
KIAA0753	-0.350075191731998	-1.73544880757451	-0.605507739128829	0.558040463550695	0.78007703364784	-5.8396040045127
ENSG00000257545	0.323356663860018	-0.992932132362958	0.605475508996308	0.558061057322707	0.78007703364784	-5.91915348835539
PATL2	-0.359306963863198	-1.47303965296474	-0.605461707430532	0.558069876104218	0.78007703364784	-5.86717769770627
PNRC2	-0.162361180539896	7.27574701523448	-0.605437995603185	0.558085027424346	0.78007703364784	-6.7902627555935
ENSG00000256258	-0.550122025573048	-4.18598623630192	-0.605142619906971	0.558273785117846	0.780284374565063	-5.61215828255707
SNX30	0.112660154166228	5.45650547736169	0.60510355815473	0.558298749924481	0.780284374565063	-6.69792020956424
RBM14	-0.165353602916571	6.55185984216083	-0.604972433273229	0.558382557889089	0.780331801575304	-6.76308826576218
SLC6A4	0.501197664111221	-3.19209331778859	0.604942112935385	0.558401938019718	0.780331801575304	-5.69927906002151
S1PR3	0.178907043008726	3.65653692022938	0.604892403008481	0.558433712388411	0.780331801575304	-6.48211504762629
SNX25	-0.189571685026961	4.47038805699035	-0.604845858566538	0.55846346431088	0.780331801575304	-6.59520451458155
OXCT1-AS1	-0.408346916362028	-1.22805197848083	-0.604586962112846	0.558628971103384	0.78034097343835	-5.8939800160458
ENSG00000272004	0.339228852832165	-2.25947218714552	0.604581352458891	0.558632557535395	0.78034097343835	-5.78739895928833
TMEM38B	-0.167205424478481	4.63984604659857	-0.604554819800458	0.558649520891114	0.78034097343835	-6.61634199301465
ENSG00000296620	-0.446133455024749	-2.42782410917121	-0.604502322941298	0.558683085015357	0.78034097343835	-5.77110980117505
PROSER3	0.154597420799552	4.00543886085206	0.604501383840424	0.558683685444383	0.78034097343835	-6.53274315575504
NEK2-DT	0.521236206443691	-1.99808578756845	0.604491394867221	0.558690072075058	0.78034097343835	-5.81336557093911
USP39	0.167963930691438	7.11249925259062	0.604413621016785	0.558739799590964	0.78034097343835	-6.78529051211744
DMGDH	-0.342321455267013	-2.09182483604389	-0.604361562782364	0.558773086284726	0.78034097343835	-5.80406512933667
USP13	0.117557786417444	4.95684722899288	0.604351349397038	0.558779616982785	0.78034097343835	-6.65218566752339
ENSG00000289554	-0.319707794393044	-1.70333996774087	-0.604322141275774	0.558798293633397	0.78034097343835	-5.84365470391654
KIF9	0.231030746346701	1.92851286737612	0.60427306143391	0.558829677714345	0.78034097343835	-6.24629244618719
ENSG00000304812	-0.424477678062931	-3.04127966346705	-0.604150776278552	0.558907877188571	0.780404510902686	-5.71356480759263
PDIA3	-0.126389651994012	9.17888947939138	-0.603999614026226	0.55900455158551	0.780493836006281	-6.84254553548488
RPS3	-0.13260059465285	10.005797599893	-0.603812355770402	0.559124323816355	0.780577301737087	-6.85944669908256
PIP4P1	-0.177842823456742	5.12301867391462	-0.603803885344462	0.55912974192388	0.780577301737087	-6.66926068277115
ENSG00000229321	0.620629336881142	-1.51355188210959	0.603699930905926	0.559196238767497	0.780582009848772	-5.86394785415245
ENSG00000304381	0.385319834323392	-1.51225264036295	0.603696356425925	0.55919852534438	0.780582009848772	-5.86408757662045
ENSG00000257553	0.414070403479042	-3.20921671516696	0.603590765077842	0.559266073958054	0.7805906978645	-5.69851675735755
CHKB	-0.525788592446973	-1.36398712193939	-0.603584376423084	0.559270161037539	0.7805906978645	-5.87994106224652
ENSG00000300524	0.225931172715898	-0.324925856465618	0.603517997032827	0.559312627592693	0.780604320376283	-5.99433678214101
GTPBP4	-0.126532222954426	7.02080022124892	-0.603368655962184	0.559408175900795	0.780692020478557	-6.78268214316761
BSCL2	0.222304050739773	0.435401408159611	0.603236708355629	0.559492603477776	0.780706294136309	-6.07669681693453
LINC01347	0.321105382910157	-0.409201276015589	0.603206671467041	0.559511823781512	0.780706294136309	-5.98528968997511
CNNM4	-0.113524421868493	5.1309304170359	-0.603183487218746	0.559526659401897	0.780706294136309	-6.67041001092329
ENSG00000288899	0.355577100766089	-1.47218496194306	0.603114364771019	0.559570892220854	0.780706294136309	-5.86868795280891
AMH	-0.582350277271567	1.70993588932517	-0.603097073965462	0.559581957254362	0.780706294136309	-6.22067499064349
ENSG00000287077	0.234836502428066	-0.846432197372325	0.603035045954201	0.559621652306347	0.780714859121941	-5.93686470832673
ENSG00000265254	0.240062096035777	-0.562424202955407	0.602926628466548	0.559691038252905	0.780714859121941	-5.96852749236668
UNK	-0.144676033217189	5.12282241062886	-0.602912938016857	0.559699800325363	0.780714859121941	-6.66980544082368
EMICERI	0.436333639732168	-2.27273062571359	0.602883032441257	0.559718940563772	0.780714859121941	-5.78711703927375
TRIT1	-0.115074369887924	5.14901583997435	-0.602811554804317	0.559764689334971	0.780724529953202	-6.67237630091386
ANKRD36C	0.358395418570538	0.835309644140126	0.602769984920209	0.559791296815232	0.780724529953202	-6.12072775198668
PCDHGB2	0.222205378477112	0.700707574845483	0.602471404621837	0.559982428758803	0.780945461445972	-6.10609744243831
COL6A6	-0.39251783318737	-1.474048070042	-0.602393656717777	0.56003220395938	0.780966247865777	-5.86892488832442
MGRN1	-0.144619286476335	6.59907913784627	-0.602345904143582	0.560062776992108	0.780966247865777	-6.76678156676449
ENSG00000287759	-0.59273844957324	-3.72243688418204	-0.60212123428988	0.560206631776025	0.781121205853736	-5.65356917639238
EHBP1	0.120372846554115	5.78725278705086	0.601926353251296	0.560331429668437	0.781249575411648	-6.72409736189049
ENSG00000273055	0.581147530346204	-3.19345109985191	0.601801346450056	0.560411489678233	0.781308136436758	-5.70100575086873
PYGO2-AS1	0.391188879105512	-1.17632296188996	0.60171597742629	0.560466167532127	0.781308136436758	-5.90133233129795
ENSG00000288839	-0.487943107609058	-3.21583967729914	-0.601707435297176	0.560471638829083	0.781308136436758	-5.69902184036566
RPL4P6	0.565060442885334	-2.88380672195281	0.60160685996897	0.560536060313751	0.781352304141356	-5.72965488727649
RAB1A	0.105858205491386	7.33264725839773	0.601378603111405	0.560682280943093	0.781465153606141	-6.79474307266428
ENSG00000297886	0.561986285124791	-2.91557762718553	0.60137825706826	0.560682502633408	0.781465153606141	-5.72683326786815
DAGLB	-0.117035331355988	5.10885804173334	-0.601290560591482	0.560738686394226	0.781489869060707	-6.66949446542779
SAT1-DT	0.62126803690937	-2.92142663022072	0.601174610013962	0.560812976293544	0.781489869060707	-5.72640980232403
ENSG00000289410	-0.291603221585926	-2.18490642656918	-0.601169383009042	0.560816325381369	0.781489869060707	-5.79675494225034
ARHGAP11A-DT	-0.329961576454333	-0.984180154326701	-0.601146153195613	0.560831209505668	0.781489869060707	-5.92275065729233
SLC5A6	-0.199061961632215	6.96791679902933	-0.600894778519344	0.560992287827035	0.781665534134787	-6.78230395774071
SOCS2	0.28479753176624	5.44742949480354	0.600818487750998	0.561041179274852	0.781665534134787	-6.69991553724694
SCPEP1	-0.118423184247463	5.51699531918724	-0.600796099948188	0.561055527098631	0.781665534134787	-6.70538816560981
FAM118A	-0.217372151379927	4.47525325237228	-0.600737358057646	0.561093174387262	0.781672355422646	-6.59841659924718
FBXO45	0.155514256976602	5.27631647589703	0.600617336831555	0.561170099575814	0.78173389170466	-6.68552451564756
RASGRP3	-0.381023115369001	-1.86604667977257	-0.60055893986274	0.561207530063953	0.781740406211998	-5.82912670542528
DLEC1	-0.378830694341106	-1.24583895114577	-0.60050143488755	0.561244390174542	0.781746125491438	-5.89453486840747
TERF1	0.27823927332749	9.24691035910587	0.600450314213551	0.561277159145585	0.781746145969169	-6.84627509436608
TRIQK	0.158316752173165	5.14606746908365	0.600262153383886	0.561397781703606	0.78186852167357	-6.67370203190348
ENSG00000287527	0.524073994287837	-0.614394813363609	0.599903586135995	0.561627685157786	0.782143071633848	-5.96458209980474
ENTPD4	0.136938005409835	5.52607644065949	0.59962812098713	0.561804341458109	0.782270223775185	-6.70682407184362
CCDC154	-0.567618886559924	-2.35294488548359	-0.599610151632503	0.561815866313201	0.782270223775185	-5.78125685508271
CBL	0.1264733555284	6.99701919507241	0.599580332078878	0.561834991722173	0.782270223775185	-6.78420617576943
ATP2C1	-0.123347994057264	7.02650768722279	-0.599520557952364	0.561873330229634	0.782270223775185	-6.78532171507956
MTHFR	-0.211907308975772	4.59606370304291	-0.599505685501314	0.561882869492521	0.782270223775185	-6.61422077615768
ZFP69B	-0.234490692795748	3.00749492380478	-0.599306988031397	0.56201032367425	0.782293548996897	-6.39141930820828
ENSG00000279369	-0.246809545250633	1.43727446047846	-0.599279734273869	0.5620278068099	0.782293548996897	-6.19102204640502
MXI1	0.26852638753037	4.51452429683502	0.599239571687015	0.562053571440569	0.782293548996897	-6.60436378673471
ENSG00000228150	0.387538409455323	-2.26954839815316	0.599209955425762	0.562072570937668	0.782293548996897	-5.78961476883875
RYBP	0.147196769925167	6.62904619505038	0.599163208554607	0.562102560833626	0.782293548996897	-6.77006541231278
MAGOH	0.159016689988002	5.26328078813114	0.599106686293778	0.562138823203668	0.782293548996897	-6.68532025998094
SURF6	-0.176628347376592	5.89722790735276	-0.599071403229065	0.562161460034671	0.782293548996897	-6.73291874310468
GPR142	0.833410873082859	-3.06130770204027	0.599039042268216	0.562182222554871	0.782293548996897	-5.71473043042313
HSPD1P1	0.259744684746233	6.77475632264159	0.598971896075405	0.562225304348977	0.782293548996897	-6.77612304987241
WASHC4	0.175657779227249	6.05843088881375	0.598927394546274	0.562253858070732	0.782293548996897	-6.74252588376797
ENSG00000291179	-0.44627243476956	-1.83045905769497	-0.598917553396631	0.562260172602035	0.782293548996897	-5.8337521579999
APPL2	0.15168007167828	4.95684445694186	0.598819987917383	0.562322777207268	0.782335046552367	-6.65567308920406
MIS12	0.119681441786509	4.96190015092868	0.598733256281057	0.562378433343858	0.782345670348305	-6.65625539320731
ZNF436-AS1	-0.503394114262501	-1.23923564846453	-0.598658456784376	0.562426435026998	0.782345670348305	-5.89635537841463
ENSG00000289011	0.483217375954016	-2.11702479328247	0.598654847201994	0.562428751491022	0.782345670348305	-5.80496132570138
TCFL5	0.126583061779404	4.94153165144578	0.598420095262409	0.562579415892819	0.782509640370296	-6.6543261648914
CYP46A1	0.400150543705477	-0.153632680527191	0.598339358784082	0.562631237962015	0.782536116342624	-6.01612018845175
SMC6	0.140302579152654	6.63296349197592	0.598231543508472	0.562700445154112	0.782583764853557	-6.7708159132654
GNS	0.134692848962385	6.31878556361603	0.598183828428886	0.562731075225908	0.782583764853557	-6.75667401246478
ENSG00000287284	0.411485005567431	-4.11915498762938	0.598016967183052	0.562838196913459	0.782687131954409	-5.62188805820053
INE1	-0.466339052199078	-0.64748873511524	-0.59782238713705	0.562963127854056	0.782793312437929	-5.96215808334429
PTCD1	0.138709993297128	3.15925112875043	0.597795879080375	0.562980148657018	0.782793312437929	-6.41403761424093
RHOH	0.308182489282228	3.63911563252858	0.597671679060978	0.563059901205134	0.782836015831528	-6.48408943014019
TTC21B	0.121101629884659	5.11873994784413	0.597645892144459	0.563076460543003	0.782836015831528	-6.6727306022753
AIF1	-0.306441104167098	1.46578517752443	-0.597218184941345	0.563351156668347	0.78317230057103	-6.19560422069222
TMC2	0.364465184530323	-3.67154914590833	0.597090964537986	0.563432878687498	0.783238138148414	-5.66094822380572
RPL17P18	1.77753471310236	0.319586367659526	0.597042288118774	0.563464148489893	0.783238138148414	-6.06796798001264
DIAPH1	-0.178128335395963	7.33412117262113	-0.59675630990517	0.563647880777791	0.783447904637094	-6.79770328651581
ENSG00000309512	0.613292495183623	3.7731135022114	0.5966940809837	0.563687865370882	0.783457854810554	-6.50423153454049
PTPN11P5	0.615458120272424	-1.83894183102413	0.596308665993082	0.563935545138118	0.783713842100827	-5.8344364526191
PEX10	-0.118609268605677	5.17988839029436	-0.596305284644798	0.563937718365928	0.783713842100827	-6.67938298491705
ADAMTS15	-0.29477179218292	2.38973830839338	-0.596137970438359	0.564045258757339	0.783801016678166	-6.3094067763801
ENSG00000296343	-0.448843542239841	-3.85622850360739	-0.596091537743763	0.564075105163118	0.783801016678166	-5.64543468977063
ENSG00000288817	-0.39027911708752	-1.56362291898081	-0.596019387531141	0.564121484234763	0.783801016678166	-5.8632698049446
ACTN4P1	0.409626993402048	-2.96683664402472	0.596003327484895	0.564131808124085	0.783801016678166	-5.72523236162463
CALU	0.101685361887576	8.68145259440234	0.595797003945684	0.56426444853527	0.78393967013163	-6.83630135508442
USB1	-0.144885043772995	6.09688123643836	-0.595692790546806	0.564331451384059	0.783940075669055	-6.74671575385203
EIF3H	0.167294488201778	8.44697229915362	0.595674088134896	0.564343476359421	0.783940075669055	-6.83058441685282
TOP1	0.125115084539449	7.83161487521532	0.595643289606437	0.564363279010588	0.783940075669055	-6.81386083392894
FOXM1	0.137642247887122	7.90247700217114	0.595531811313704	0.564434959869974	0.783949033234706	-6.81598752731864
DENND4A	0.135489468363012	3.4340073657173	0.595511242186466	0.564448186429098	0.783949033234706	-6.45537807211835
ENSG00000274341	0.4822196640489	-3.82876258174961	0.595480014136324	0.564468267320502	0.783949033234706	-5.64816429802012
CARD11	-0.169474543628239	5.50445453921417	-0.59542364478785	0.564504516080308	0.783953758017497	-6.70778888682073
ENSG00000301362	-0.611056691648502	-3.63612948393491	-0.595290034912026	0.564590440134127	0.783979789545635	-5.66510585061715
KAT5	-0.119340550714471	5.15833268117691	-0.595186305327929	0.56465715327489	0.783979789545635	-6.67805663596743
CDK10	-0.164150639593609	5.01173928811893	-0.595173444213278	0.5646654251382	0.783979789545635	-6.66364239890473
HTRA4	-0.360438835035087	-1.15064064648807	-0.595126986606935	0.564695305764995	0.783979789545635	-5.90809715881367
ASAH1-AS1	0.220721000721988	-0.123118584424067	0.59512364072593	0.564697457804276	0.783979789545635	-6.02137179736057
APLNR	0.335949619382147	1.61594268414216	0.595088052904192	0.564720347838796	0.783979789545635	-6.21449259061311
ENSG00000308429	-0.564279784587416	-2.98734334933703	-0.59498508904617	0.564786576937437	0.784007321587939	-5.72392820707249
MSH4	0.532367711728366	-3.48549796240163	0.594930324743001	0.564821804551237	0.784007321587939	-5.67867015073885
ENSG00000278864	-0.596745826300061	-1.20615005784877	-0.594904018208871	0.564838726890879	0.784007321587939	-5.90218732880912
ENSG00000289502	0.429632750689368	1.65420148071048	0.594708573815031	0.564964460211158	0.784059278424416	-6.2192463901923
SLC39A8	0.193284878869591	4.99922805574853	0.594689962269255	0.564976434202664	0.784059278424416	-6.66265631266008
DCAF4L1	-0.466597248778778	-3.17596221123408	-0.594672537894775	0.564987644538803	0.784059278424416	-5.70676855678614
PAPSS1	-0.106970319905409	7.0069197982549	-0.594597473640573	0.565035940107598	0.784059278424416	-6.78769703756325
ZNF833P	-0.267369737104872	0.951735482218176	-0.594546649390105	0.565068641206065	0.784059278424416	-6.13871939580623
MRPL17	-0.101327192777192	5.92156989926863	-0.59453946108099	0.565073266358502	0.784059278424416	-6.73727518824196
ANKRD13B	-0.191749456471145	4.74697490772291	-0.594406790521572	0.565158633949295	0.78406654236119	-6.63537809177476
SYNC	-0.53575485999964	-1.75555475531971	-0.594397468042064	0.565164632817922	0.78406654236119	-5.84416888434158
TMEM121	-0.381166416224566	0.189835062165495	-0.594309917548384	0.565220971901772	0.78406654236119	-6.05564616232309
SMARCE1P6	-0.574587141870909	-0.598687235431798	-0.594277227936384	0.565242008592078	0.78406654236119	-5.96973296706884
ENTPD1	-0.303241331735878	2.83497684714534	-0.594022194183682	0.565406144916754	0.78406654236119	-6.37050954099733
ZNF488	0.270869791676283	3.0721744269671	0.593998119044986	0.565421640718442	0.78406654236119	-6.40391593485338
SLC5A4-AS1	0.300760643397958	0.686228880386779	0.593921310975756	0.565471079289338	0.78406654236119	-6.10974652206356
ENSG00000286496	0.402477198991444	-2.53833948421396	0.593870111445718	0.565504035900951	0.78406654236119	-5.76679731498205
MTX2	-0.127748494611886	5.55253866335542	-0.593807118502923	0.565544585270263	0.78406654236119	-6.71251281680557
TMEM163	0.309460186218449	1.26193307986358	0.593799261045846	0.565549643329587	0.78406654236119	-6.17419703965955
ENSG00000296196	0.571694042816354	-3.24340541201754	0.593794121884045	0.565552951561684	0.78406654236119	-5.70113331779815
RBX1P2	0.279042137465359	-0.843932627058489	0.59379213932375	0.565554227797882	0.78406654236119	-5.94272336644119
ENSG00000259869	-0.418595040675539	-2.38491911392468	-0.59375922723362	0.565575414574738	0.78406654236119	-5.78161613821653
ZBTB49	0.155167599045625	2.41261623556163	0.593710397185901	0.565606849161955	0.78406654236119	-6.31387647190726
TM7SF2	-0.203101003782903	5.6105920918597	-0.59369291274094	0.565618105095912	0.78406654236119	-6.71693930942766
C3	-0.40257350078327	3.51419960782997	-0.593665612968974	0.565635680075621	0.78406654236119	-6.46827531438412
TSPAN2	0.136189981358927	4.4699110642137	0.593663598673676	0.565636976845643	0.78406654236119	-6.60215922652855
UVSSA	-0.233011131631146	4.00940037617252	-0.593546542689415	0.565712338380102	0.784125224185135	-6.54016068992719
ENSG00000302473	0.55157893920938	-3.82012159749883	0.593444170662298	0.565778250826012	0.784125224185135	-5.65008395339369
ENSG00000303643	-0.366404731169953	-2.29566193197961	-0.593370160738672	0.565825904918423	0.784125224185135	-5.79051098646369
RASSF1-AS1	-0.302578591983362	-1.98900847129517	-0.593348737216208	0.565839699679273	0.784125224185135	-5.82091404968348
WASF3	0.163410796400205	6.28254697081877	0.593342710258301	0.565843580514542	0.784125224185135	-6.75790502967759
CNNM3-DT	-0.198007335055958	0.591697821550437	-0.593198521018544	0.565936430200794	0.784208359243053	-6.09984589967824
MME	0.355087256749147	4.17264180050852	0.59311065333061	0.565993016137754	0.784241237512904	-6.56317822632973
AOAH	0.371110231621067	-2.68831240697476	0.592674617823489	0.566273865063113	0.784533664364355	-5.75324350722024
SAAL1	-0.174086392598531	5.64056823379662	-0.592649200402103	0.566290238710822	0.784533664364355	-6.71974905677463
MIR205HG	-0.607603822078227	0.341913844219856	-0.59262436626921	0.566306236862773	0.784533664364355	-6.07306414640239
SP3	0.092116320370331	6.95117855848214	0.592578868579535	0.566335547129236	0.784533664364355	-6.78689601894486
CCDC63	-0.356881794760157	-0.232870223771762	-0.59231255303249	0.566507128258999	0.78472580558082	-6.0111739590013
ENSG00000228737	-0.493850317669877	-4.07465077323119	-0.592105253803829	0.566640706384631	0.784752336831332	-5.62903315938253
ZNF594-DT	0.235367772765048	0.972234998674239	0.592098339828663	0.566645161866806	0.784752336831332	-6.14250092809285
ENSG00000296559	0.339588889722125	-2.35275134552771	0.592053439348167	0.566674096964604	0.784752336831332	-5.78573243467594
AFDN	-0.172094067873487	7.49445278372057	-0.592042065774076	0.56668142653645	0.784752336831332	-6.80584930017736
PRR20G	-0.470543350458031	-3.37144549447261	-0.592027702667171	0.566690682753929	0.784752336831332	-5.69057219659114
DNAJC18	0.129844107389559	4.82857860265659	0.591680729282803	0.56691431303856	0.78498268619206	-6.64627557795512
ENSG00000269653	-0.475411230223416	-4.38215676367559	-0.59166755670502	0.566922803950749	0.78498268619206	-5.60741974178119
ENSG00000309980	-0.433749963981917	-3.41853759164884	-0.59155335296768	0.566996421484545	0.785039075970044	-5.68661217422355
ATP5F1EP2	0.626414144722352	-3.21273422236869	0.591465628364191	0.567052973735387	0.785071832713179	-5.70527379249413
ENSG00000288577	0.436716258636567	-3.72744664968521	0.591368855504517	0.567115362618151	0.785089802456799	-5.65934633974651
MRPL51	0.14136112542118	6.80616867794107	0.591343450175501	0.567131741909653	0.785089802456799	-6.78214153823825
CRAT	-0.167931411171315	5.02826591294639	-0.591242558082553	0.567196791510202	0.785134312897228	-6.66779166069249
ZNF630	0.181895949851897	1.03441134937371	0.591139435043747	0.567263283757081	0.785180815022342	-6.15005071626
C21orf58	-0.376652170306631	3.93683274442964	-0.591022859502445	0.567338455164803	0.785233327809454	-6.53136324261272
LHFPL4	0.187330953193412	4.85920043221274	0.590937958890747	0.567393205087524	0.785233327809454	-6.65016229571189
TARS2	0.134241146830007	5.80725694099037	0.590927541151609	0.567399923383829	0.785233327809454	-6.73229603806958
FOXO6	0.30098494901813	1.60822567910442	0.590820223526761	0.56746913400779	0.785283575193595	-6.21619287178923
MRPL21	0.171331175405824	5.11073524251649	0.590657945517732	0.567573798193473	0.785325108707229	-6.67632220379322
ZNF648	0.305856718386887	-0.674964812491884	0.590605930815867	0.567607348285879	0.785325108707229	-5.96343875017805
DCLK3	-0.276402613277977	1.11661370378584	-0.590597776237177	0.567612608183935	0.785325108707229	-6.15963897970646
ENSG00000272498	-0.406414503860227	-2.13456723532694	-0.590569628663372	0.567630764248059	0.785325108707229	-5.8079919402852
IFT140	-0.279032379844963	5.10166073857702	-0.590323462943528	0.56778956247773	0.785498165759542	-6.67566220345442
ENSG00000271427	0.601624849067031	-3.52957079294116	0.590272661703572	0.567822336731427	0.785498165759542	-5.67742995627248
UBASH3B	0.18281277902332	4.30400188334412	0.590222679167459	0.567854583819296	0.785498165759542	-6.58273117500566
SNX1	-0.113440027889342	5.95428059256532	-0.590081362892169	0.567945761895004	0.785534932045546	-6.74203186632248
ENSG00000302652	-0.374991464694793	-3.45210806115136	-0.590079461036447	0.567946989038335	0.785534932045546	-5.68445128493193
ANKRD29	0.20123766394559	1.47939553633656	0.589972786852259	0.568015821265688	0.785541278639428	-6.20161948740639
HIVEP2	-0.164956868469184	3.73793280483684	-0.58994796780963	0.568031836577661	0.785541278639428	-6.50327832852143
ENSG00000307342	0.557210268622883	-1.25705623625422	0.589919328255349	0.56805031751112	0.785541278639428	-5.89965204195825
NSA2P3	0.504630338012742	-3.33115435213533	0.589824348612578	0.568111609680328	0.785580520755526	-5.69547483767846
ENSG00000252473	-0.492909660472818	-3.96982672082745	-0.589645754458495	0.568226869755236	0.785694380421077	-5.63935834415917
ATF6B	-0.118389615141274	5.15610436258688	-0.589049433063999	0.568611813591296	0.786027720884506	-6.68166059057298
EGFLAM	0.40737695363201	-0.729872400952669	0.589030404468928	0.568624099500384	0.786027720884506	-5.9582856991847
NUP62	-0.118272392983696	6.96204196933751	-0.589023717500766	0.568628417010071	0.786027720884506	-6.78951202589586
ENSG00000291203	0.156302764808791	3.22961560059265	0.588999960379757	0.568643756185329	0.786027720884506	-6.42960799831536
ENSG00000305938	0.246419641582557	-1.32279432764407	0.588982047851418	0.568655321854062	0.786027720884506	-5.89310206903936
MMUT	0.110650973867243	5.20030190845138	0.588956281190137	0.568671958965989	0.786027720884506	-6.68587541519768
SPAST	0.134533784430135	5.44938389884747	0.588915203674153	0.568698482600815	0.786027720884506	-6.70750594042333
MAP3K12	0.202473928528689	3.84913119561225	0.588649690332994	0.568869940239945	0.786219170983078	-6.52027442076289
SCGB2B2	-0.320102389490513	-1.59176694495449	-0.588363102239748	0.569055039024758	0.786429450862994	-5.86484621946901
FANCA	-0.152145815310356	5.70973973051981	-0.588223844221789	0.569144993631601	0.786508225522867	-6.72737378639718
RBMX2	0.136491605806108	4.48026050684444	0.587825437876733	0.569402389968758	0.786818367379826	-6.60709352877037
NUP50	0.12189098190369	7.2471777067264	0.587766600407324	0.569440408215904	0.786825347240722	-6.80038536356593
GPANK1	-0.145549023141213	4.54673810337474	-0.587528911489221	0.569594006804131	0.786992020400266	-6.61565692232556
TPM3P8	0.285346468575451	1.12471620286788	0.587351243627339	0.569708833651562	0.787105107540483	-6.16252121794965
LINC02818	-0.324635204112517	-3.28562092425614	-0.587181906811598	0.569818287983501	0.787181706579642	-5.70111421673665
PPOX	-0.22810878772574	4.4350176331412	-0.587163416506654	0.569830240272195	0.787181706579642	-6.60172554983303
CPPED1	-0.16301718925045	4.02318393522598	-0.587054337343875	0.569900752765167	0.787233549383392	-6.54610459226043
ENSG00000290870	-0.575782200684833	-2.19790280499181	-0.586956965199414	0.569963701493046	0.787274938569045	-5.80385410855741
TAS2R31	-0.462256391875565	-2.34076511385984	-0.586710702593957	0.570122921340758	0.787408451615381	-5.79001498200118
RPL41P5	-0.434832080287509	0.127871303204564	-0.586705409232972	0.570126344004919	0.787408451615381	-6.05354484710142
ADCY10P1	0.316377164521476	1.67070560574838	0.586646371435423	0.570164518352799	0.787415609277066	-6.22611717531235
IQCB2P	0.238734763939868	-0.00986845287924065	0.586557200796594	0.570222179517262	0.787449676476219	-6.03876926859855
ZNF140	0.155167675669684	4.05217722054078	0.586495085704253	0.570262347417626	0.787459583766286	-6.55048947361981
C14orf28	-0.225682476825114	2.50459162698909	-0.586199738832495	0.570453360325525	0.787677775579365	-6.33056865141164
ADORA2B	0.273647048107617	2.4589405784847	0.586045632333004	0.570553041251831	0.787742822262612	-6.32463639140797
ENSG00000304306	0.333521417664992	1.35961338113128	0.586024857816525	0.57056647959332	0.787742822262612	-6.19012837836132
RNU1-103P	0.55932219092256	-3.72953093774033	0.585938876848285	0.570622099660414	0.78777404283868	-5.66226298254295
DNAJC17	-0.221128859397355	3.40674826851257	-0.58588297863251	0.570658261148729	0.787778397757922	-6.45730479720673
GTSE1	-0.153198304953748	6.04312021282011	-0.585575660647177	0.570857092746802	0.788007300901557	-6.74997524066537
UROS	0.0991816225124138	5.71023552794174	0.585390997854329	0.570976585970293	0.788094215766148	-6.72915599326902
MCTP1	0.485455351843237	1.88656136118142	0.585376300457121	0.570986097080832	0.788094215766148	-6.25279119208221
LINC01775	0.467410269359842	-3.89854382870661	0.585208117289347	0.571094939457499	0.788198861969128	-5.6479990499434
NAGK	-0.182228259707218	4.59516456208555	-0.585115716869202	0.571154742683169	0.78823581841212	-6.62304566032203
ENSG00000306969	-0.383329485769884	-1.57494165848963	-0.584868942075207	0.571314476634272	0.788310996032554	-5.86866768637825
FKBP10	-0.207493753515584	7.722395541678	-0.584848644793714	0.571327615877297	0.788310996032554	-6.81734135284965
RPS6KA5	-0.236322399241975	1.8910289712593	-0.584837242126053	0.571334997353329	0.788310996032554	-6.2536607812309
DIO2-AS1	-0.585671549353516	-3.48155845820363	-0.584827454137645	0.571341333614243	0.788310996032554	-5.68482292624634
GOLT1A	-0.221005520352277	1.74039993803209	-0.584498514329415	0.571554295423766	0.788559244400198	-6.23570981082706
ENSG00000273449	0.267907293490972	-0.0570730633471481	0.584367015433557	0.571639442450296	0.788607304397848	-6.03496858807911
KIAA0513	0.201232989249573	3.91416592139372	0.584342660671959	0.571655213197602	0.788607304397848	-6.53222253977903
ENSG00000288999	0.430847212141807	-0.0106092572220973	0.584172689644526	0.571765283328384	0.788713560120134	-6.04011190506996
CDC25C	0.117663807636315	5.40171905388037	0.584084465982531	0.571822419936993	0.788746789379658	-6.70658372991172
LRIG2	0.150804687995461	5.21364248717978	0.583830591909169	0.571986854769479	0.788928008713774	-6.69028736138294
ZNF141	0.131505042583591	5.01182145013695	0.583763929458147	0.572030036487992	0.788941975201324	-6.67071068819108
ENSG00000305351	0.563860579712173	-4.10958202721274	0.58365456760036	0.572100881328767	0.78899409075891	-5.63086531631875
GPC2	-0.300789553981038	5.27739428370181	-0.583567112245077	0.57215753854848	0.789026635034181	-6.69621817532707
RASGEF1A	-0.107446261634817	4.56541863850632	-0.583498236071147	0.572202161563582	0.789042580889646	-6.62042786493364
RNF207-AS1	-0.318123292935738	-2.07906573887241	-0.583338273405581	0.572305804410367	0.789114367252931	-5.81774631031369
WDR73	-0.195156274777475	4.34732532071848	-0.583315831197186	0.572320345965066	0.789114367252931	-6.59276874299869
ROPN1L	0.363515465247628	-2.1890044259513	0.583188705098681	0.572402721850581	0.789182355866664	-5.80692040476411
ENSG00000244619	-0.768155073251831	-2.96719910760254	-0.583064879581246	0.572482965245368	0.789221694991434	-5.73268591777603
AFAP1	0.144378639765709	5.07449793319227	0.583042621514472	0.572497389926958	0.789221694991434	-6.6774941615165
SLC29A4	0.21937533394662	4.60929163868686	0.582777427104257	0.572669268532807	0.789406230304159	-6.62619355517357
LINC00881	-0.21126967052196	1.41824507290515	-0.582734024671472	0.572697401337265	0.789406230304159	-6.19889157291499
ENSG00000299627	0.49777023584591	-3.11914206718757	0.582535693077501	0.572825966515151	0.789476798331826	-5.71896396456661
DVL3	0.112694395643635	6.47979122413214	0.582505168366225	0.572845755056362	0.789476798331826	-6.77394269484173
PHAF1	-0.165005082221647	4.83702837989815	-0.582501965450491	0.572847831462293	0.789476798331826	-6.65287598377231
RCC2P6	0.455188695578614	-1.4128545788849	0.582289017628472	0.572985891821153	0.789602727750386	-5.88738238148658
ENSG00000293190	-0.299440269231924	-1.22998009548871	-0.582258971151578	0.573005373303586	0.789602727750386	-5.90708869550344
RAI14	0.10353955993333	6.95529414803991	0.582194376263316	0.573047256451056	0.789614853052211	-6.793470117814
ENSG00000277654	-0.284743242668299	-1.28482008703677	-0.58206583556403	0.573130606865072	0.789645432244223	-5.90127149574109
SLC6A17	-0.328973398372683	-1.29397097155116	-0.582058106049648	0.57313561917152	0.789645432244223	-5.90028691799813
MICB	0.224719798908231	5.22282701876258	0.581995872754353	0.573175976053026	0.789655450268851	-6.69225973539679
ENSG00000267009	0.365017796154252	-1.37493995223558	0.581868452234248	0.573258610218026	0.789723708517958	-5.89168283452702
POU5F1	-0.199735337858057	10.3730579379451	-0.581682681696772	0.573379096930755	0.789809524105022	-6.87993727244376
ENSG00000255500	0.518578563900397	-3.85529652744153	0.581670361878319	0.573387087785131	0.789809524105022	-5.65373056601653
MAGIX	-0.322832631370206	-0.749204872202908	-0.581533388744111	0.573475935106376	0.789855177953973	-5.9605790384684
ENSG00000261783	-0.339428641138399	-3.00558085566952	-0.581491228507773	0.573503283764392	0.789855177953973	-5.73002942462379
TCTA	0.153452184455312	3.91729076415294	0.581466209198284	0.57351951371946	0.789855177953973	-6.53442530378405
C2orf74	-0.277960327536278	0.184064180225338	-0.581355039621932	0.573591632142395	0.789908919528159	-6.06280064402572
HBEGF	-0.225704477724747	1.62290309708545	-0.581235471607382	0.573669204366199	0.789946121408746	-6.2237244129294
ENSG00000308493	0.471875190575126	-4.22898880553629	0.581211369298933	0.573684841931445	0.789946121408746	-5.62278409666807
ZNF616	-0.143341399001089	4.95858133036417	-0.581148686786677	0.573725511402901	0.789956546708955	-6.66679632042157
BNIP3L	0.267486366953285	7.04418912685818	0.580922861953851	0.573872043416994	0.790112723405445	-6.79750474916894
NAP1L4	-0.128278490122439	7.80009661851379	-0.580768434886385	0.573972258992177	0.79014498478286	-6.82214740112657
ENSG00000287923	-0.282088484653325	-1.31398977978741	-0.580741403364622	0.573989802103359	0.79014498478286	-5.89889517072937
KEAP1	-0.193029860626265	5.90603267523276	-0.580733711764962	0.573994793906449	0.79014498478286	-6.74484242463911
PLD3	0.182977260704222	8.38891987467747	0.580272602486332	0.574294094410787	0.790419072436619	-6.83864388178176
MAFG	-0.142950390836863	5.54620163548351	-0.580205552279118	0.574337622986281	0.790419072436619	-6.72041571405451
SLC30A6	0.147931163655824	6.14948479016128	0.580204766260089	0.574338133275596	0.790419072436619	-6.75915789510811
MED11	-0.158493335740391	3.82402256346333	-0.58020153050277	0.574340233955568	0.790419072436619	-6.52181446087297
GPC5	0.285575621868728	-1.71284499721841	0.580171868343706	0.574359491065835	0.790419072436619	-5.85695529338245
LINC02315	-0.164953612819471	3.16416352732723	-0.579694705524486	0.574669320590181	0.790733144761296	-6.42584567386136
ENSG00000286753	0.231357905637108	-0.565758795628128	0.579671727035355	0.574684243193829	0.790733144761296	-5.98208863612378
ENSG00000267069	-0.528889269633603	-3.67370872598767	-0.579658543841308	0.574692804669302	0.790733144761296	-5.67071242401142
MRC2	-0.25310866662205	5.63661197815568	-0.579597277792406	0.574732593191155	0.790733144761296	-6.72751055682162
ENSG00000286415	0.413471062910838	-0.310484872353114	0.57956529232518	0.574753366376962	0.790733144761296	-6.01030417057536
ZNF26	-0.198857259774464	3.40923566863181	-0.579498005569167	0.574797067568297	0.790747686417231	-6.46155473579811
WNT5B	0.31472377803996	1.95340561637133	0.579310845773307	0.574918633050892	0.790798410012991	-6.26462047321951
PLPP5	-0.160607335779997	4.61792527596709	-0.579293781589003	0.57492971740924	0.790798410012991	-6.62936711036644
ENSG00000213514	0.345623053537772	1.55010224871536	0.579283767622771	0.574936222221516	0.790798410012991	-6.21632000684351
COPG1	-0.101951695470209	7.04950032227802	-0.579237198392409	0.574966472910522	0.790798410012991	-6.79872474753977
ENSG00000260954	-0.534529046178751	-2.44774813517071	-0.578934866820715	0.575162884157085	0.791022966242777	-5.78415314374398
ALYREF	-0.122555666698428	6.31603725445115	-0.578742178289274	0.575288084312818	0.79102896097197	-6.76857265827913
MAPK9	0.132552658307231	5.95168411067218	0.578738458240434	0.575290501575703	0.79102896097197	-6.74884896491976
ENSG00000272416	0.303540514946599	-1.33479582110793	0.578703941838781	0.575312930366701	0.79102896097197	-5.89783945372256
C4A	-0.408841679616454	-2.05299742123919	-0.578663364514246	0.575339298160225	0.79102896097197	-5.82305965979155
ENSG00000272084	-0.456788527793529	-1.84703444060353	-0.578642593383863	0.575352795827148	0.79102896097197	-5.84396259129597
RIOX1	-0.147868157640565	4.67046437045549	-0.578498610151811	0.575446364936868	0.79102896097197	-6.63618321924597
B3GNT9	-0.166316941549069	3.61080012706916	-0.578496349927008	0.575447833835226	0.79102896097197	-6.49170274175734
ENSG00000299228	0.507901034679104	-3.85252199283556	0.57848538351202	0.575454960831823	0.79102896097197	-5.65576016926486
ENSG00000258670	0.339279907890828	-0.645390336043698	0.578469117821687	0.57546553187901	0.79102896097197	-5.97391787230136
TAC4	-0.819527111354771	-3.50401461455824	-0.578416557011109	0.575499691791991	0.791030358442723	-5.68645010712643
PSME3	0.179188587131172	8.17760487067887	0.578201188451177	0.575639673979398	0.791118616797477	-6.83434714909286
PGR	0.460474697376148	-1.53890868463814	0.578158900099368	0.575667162136391	0.791118616797477	-5.8763833266124
ENSG00000295934	0.342591341357373	-2.1418543741928	0.578107020539188	0.575700885719891	0.791118616797477	-5.81451016782684
FOS	0.22773616839564	2.72012371123425	0.578080074983906	0.575718401726015	0.791118616797477	-6.36442704461483
FBXO21	0.110353100841974	6.62544968204689	0.578062790986571	0.57572963737191	0.791118616797477	-6.78298199318951
MXRA7	0.155250533774382	5.43154205008551	0.577816880528912	0.575889507001016	0.791292738260982	-6.7128649386811
NECTIN3-AS1	-0.270139901599304	0.0943546164282638	-0.577639712309764	0.576004701363049	0.791328589154249	-6.05531659205687
ENSG00000288898	-0.239341527790294	-1.04370470436904	-0.577627030478045	0.576012947541109	0.791328589154249	-5.93016906087228
ENSG00000229337	0.320885751477994	-0.971344528059831	0.577623772561667	0.576015065964586	0.791328589154249	-5.93815758310314
ENSG00000300077	0.417715470801567	-2.39668889334364	0.577552742101851	0.576061253775528	0.791346491531054	-5.78987869444404
PRADX	0.449314462236502	-3.76403638582443	0.577323953171048	0.576210038290546	0.791505322813263	-5.6641075431277
FBXO38-DT	0.249758876265022	-0.0431106639162129	0.577118724276629	0.576343519175395	0.79162764310091	-6.04077000595434
PDK3	0.130111573786839	6.81852513545256	0.577085049060421	0.576365423143441	0.79162764310091	-6.79139520511967
ENSG00000213036	0.523559973843257	-1.51615351261662	0.576979091800559	0.576434345755054	0.791675339691385	-5.87947543719376
TRAK2	-0.192916423028791	4.75950456589744	-0.576929676876831	0.576466490488816	0.791675339691385	-6.64753650612729
SLC25A6	-0.117205840256966	9.29693605101578	-0.576836713522662	0.576526966404409	0.791708159087606	-6.86199473889567
ENSG00000293240	-0.331872718614876	-0.217461155127211	-0.576747557668646	0.576584968646997	0.791708159087606	-6.02210560845348
MMEL1-AS1	0.565182553134423	-3.26385201203667	0.576739972838406	0.576589903266467	0.791708159087606	-5.70903202003013
NDUFA4	0.235734878865604	7.17063322157625	0.576315965689056	0.576865794841536	0.792041415491167	-6.8047884386446
ENSG00000286615	0.280719571389048	0.256868100796528	0.576193298525758	0.576945624879074	0.792105454957942	-6.07369793953297
ENSG00000261226	-0.381587419374573	-3.49389527069127	-0.576120378071095	0.576993083312653	0.792125045695893	-5.68864572278839
ANKRD26	0.250372194371873	3.90304404396363	0.576061260355266	0.577031560138817	0.792132304488274	-6.53565972197393
ENC1	-0.156998354147803	5.97522585315378	-0.575872968316917	0.57715411949123	0.792222412023335	-6.75200102745947
ENSG00000289081	0.502216682648654	-3.43377911689228	0.575858425943339	0.577163585715077	0.792222412023335	-5.69417662769255
ENSG00000268595	0.531218097998346	-2.88190328633708	0.57578692126838	0.577210132249387	0.792240739915816	-5.74477331585629
SPATA25	-0.402553603383678	-1.30248425385018	-0.57565776540327	0.577294212446842	0.792310578980378	-5.90309403725944
PPP1CA	-0.127534813811652	7.59928133424498	-0.575444326996755	0.577433174971438	0.792428828304828	-6.8193343255786
ENSG00000267160	-0.299628008147497	-0.717100511138405	-0.575423439446552	0.577446775123709	0.792428828304828	-5.96772425088009
AMOT	0.333003586058162	4.35610947902282	0.57535721787646	0.577489893987807	0.792442436601334	-6.59875722717614
S100B	0.337614244670835	-1.70074755386065	0.575205305606377	0.577588815254831	0.792532612032141	-5.86108714186215
MRPL20-AS1	-0.233780179468378	4.00589597500247	-0.575096042252863	0.577659970354759	0.792568028845083	-6.55095246006769
FAM168B	-0.129158060849986	6.90174562756742	-0.575009394146777	0.577716401205614	0.792568028845083	-6.79584345328348
ZNF354A	0.157274794036532	4.3459386353536	0.574961286922502	0.577747733032361	0.792568028845083	-6.597661786142
KRT17	-0.683449261275218	-2.00581634826387	-0.574908267980749	0.577782264886545	0.792568028845083	-5.82995412868481
PTMAP8	0.509299965722474	-2.82313948169927	0.57482233011327	0.57783823959795	0.792568028845083	-5.75081921234721
ATP13A3	0.11376789157166	6.79726897031119	0.574811916721078	0.577845022449399	0.792568028845083	-6.79194161604628
ENSG00000288909	0.486943516070857	-4.17388241724046	0.574808757129253	0.577847080484907	0.792568028845083	-5.63038435571089
MYNN	0.162060464718326	4.71940253184196	0.574636348350551	0.577959386898787	0.792676513453244	-6.64432352292403
ZNF546	0.256442616919363	0.779226056231623	0.57451263918609	0.578039977863257	0.792741490068515	-6.13160182272971
ACADL	0.327027894723582	-2.33273304820727	0.57437353485257	0.578130605364705	0.792820222836096	-5.79789936070147
ARPC3	0.120572236411621	6.80861588184319	0.574052956615813	0.578339493777679	0.792967105708552	-6.79284637859999
PPFIBP1	-0.161031969375983	4.88502344463543	-0.573969061501257	0.578394166489255	0.792967105708552	-6.66336689791488
SLX4IP	0.151304827651557	3.8516669522571	0.573929604751453	0.578419880605423	0.792967105708552	-6.52959304980791
ENSG00000289745	-0.242533115187711	-1.32685488890081	-0.573837304291972	0.57848003559002	0.792967105708552	-5.90151632051656
SMARCA4	-0.145319534321908	8.47857654094331	-0.573810822163463	0.578497295415012	0.792967105708552	-6.84485164697332
DNMT3A	0.135407096155865	7.25977903740972	0.573767286297545	0.578525670682528	0.792967105708552	-6.80937839646517
PAK1IP1	-0.194369526247143	5.92531809067076	-0.573723211528756	0.578554397957393	0.792967105708552	-6.75029500416745
B3GALT5	-0.213092083677814	5.08058499187638	-0.573706295601699	0.578565423710725	0.792967105708552	-6.68377011747186
MKNK1-AS1	-0.281348824994523	-2.7247412966678	-0.573702308406089	0.578568022570101	0.792967105708552	-5.76071413124508
MELTF-AS1	-0.332959934734117	0.354526388820104	-0.573672444571698	0.57858748805791	0.792967105708552	-6.08573376275762
ENSG00000297156	-0.333611517385223	0.442553998231737	-0.573648367344267	0.578603182046945	0.792967105708552	-6.09528430031514
LOXL4	0.377981297922743	-0.528013803450145	0.573551027383935	0.578666632411249	0.793008527547042	-5.98986344035684
LYSMD2	0.251268116673577	0.638075836488958	0.573459739376635	0.57872614127643	0.79303120262065	-6.11671768057384
RERE	0.105929457007366	6.60213713587349	0.573423704145185	0.578749632850651	0.79303120262065	-6.78480310660751
HERPUD2	0.138985592282591	5.16460155311411	0.573226538272509	0.578878175554806	0.793110701172519	-6.69212468195288
ZNF131	0.115115913204544	5.35226651292615	0.573191614100703	0.578900946052975	0.793110701172519	-6.7090165999871
DBF4B	-0.126865841094246	5.21554570354071	-0.573155221110134	0.57892467473422	0.793110701172519	-6.69695666203262
PRPF18	0.142374344285055	4.01458298965576	0.573130839465303	0.578940572163557	0.793110701172519	-6.55336178248325
NUTM2HP	-0.33575991812161	-3.41050855950897	-0.572946665200973	0.579060665926034	0.79322969142264	-5.6979010871909
ARHGEF10L	-0.213658851735571	5.4202189376082	-0.572874874160315	0.57910748206899	0.793248293993376	-6.71493077523642
LACTB2	0.203318342155719	4.44692480895962	0.572705583558664	0.57921788742128	0.793353992486869	-6.61204483798594
MCMBP	0.12953391592107	7.17854794210678	0.572578594369573	0.579300712760273	0.79342190470845	-6.80732642494492
ZNF121	-0.146054141169987	6.2492177378	-0.572371493099785	0.57943580282704	0.793561387850632	-6.76908379832222
OCIAD2	-0.10650866491417	5.32794994946471	-0.572309442829398	0.579476280908438	0.79356391521581	-6.70746448487689
YBX1P1	0.119115975291944	8.53835048110225	0.572266727164052	0.579504147077402	0.79356391521581	-6.84728285256662
RNF7	-0.122826022735268	5.66222388366642	-0.572127873200837	0.579594735431776	0.793642429750442	-6.73385982944519
TCF7	0.183176963128699	3.94319863774829	0.572031293544599	0.579657748533831	0.793683178489871	-6.54383731466192
NSD2	-0.151676978793679	7.81096761356819	-0.571870587992334	0.579762608588854	0.793710863394632	-6.82787368053495
ENSG00000255224	-0.264276692057929	-1.34985249966642	-0.571867225630628	0.579764802632717	0.793710863394632	-5.90017578915072
LINC00242	0.524592105303165	-3.4888855051881	0.571847407545981	0.579777734630327	0.793710863394632	-5.69148516032493
NAT1	0.171248915854704	2.54827806806696	0.571752222733385	0.579839848242559	0.793744662366822	-6.345055515036
TYRP1	-0.294165510665107	-3.0033466808419	-0.571707647243799	0.579868937571874	0.793744662366822	-5.73577889508401
YWHAG	0.110307431386396	8.90921181424784	0.571408913522154	0.58006390729222	0.793966007647154	-6.85667341709257
GPR141	0.314856542430087	-0.530469366375973	0.571048804864845	0.580298980668825	0.794242216516965	-5.9910450878757
HAUS5	-0.180911563333742	4.7001025422734	-0.570784938655422	0.580471261112239	0.794432455356717	-6.64437789543376
EOGT	-0.217839358891022	4.12205501299602	-0.570731323273568	0.580506270416067	0.794434813991988	-6.56978223766157
ANKHD1	-0.241172409195887	1.35808374324318	-0.57066202648408	0.580551520917043	0.794451186842903	-6.19911696644927
ERBB2	-0.24224511738451	8.73552774454681	-0.57058884209103	0.58059931207321	0.794467353615115	-6.85309675122192
CROCCP3	0.387743765326201	1.68622932554127	0.570484191269238	0.580667655247594	0.794467353615115	-6.2376256227567
KMT2B	-0.206458363118628	5.49327767662088	-0.570446641192161	0.580692178726489	0.794467353615115	-6.72221840977189
VMA21	0.197960292204111	6.42535919268329	0.570438845625458	0.580697269982251	0.794467353615115	-6.77877662773176
ODF2	0.17148883110717	5.0160056638002	0.570389081553344	0.580729771281237	0.794467353615115	-6.6792548674426
NADK2	0.123615507210602	4.57592492705055	0.570330067216756	0.580768315271417	0.794474544654262	-6.6296798294701
EPB41L4A	0.265698865411757	3.34676011231917	0.570234229084639	0.580830912900902	0.794514637678005	-6.45798336745455
CDC5L	0.114095377473532	6.47219730662509	0.570132611875452	0.580897289167788	0.79455989458236	-6.78111090100092
ENSG00000298639	0.409459255485389	-3.46931077604166	0.569934393238219	0.58102677717261	0.794615710500242	-5.69430254324286
PSMD12P1	0.849245573989389	-3.17231446321623	0.569883118914019	0.581060275093591	0.794615710500242	-5.72123646032448
MPDU1	-0.184473882642696	6.14003069831545	-0.56988145822692	0.581061360051001	0.794615710500242	-6.76490087247124
IRX5	-0.465105596256977	0.387395273996623	-0.56986629003536	0.58107126975995	0.794615710500242	-6.09152049315512
AIG1	0.113797308804603	4.55402543381698	0.569787088921581	0.581123015047924	0.794626794288019	-6.62732925991101
ADD1	0.0933429925536808	7.57718530396804	0.569741554774198	0.581152765471233	0.794626794288019	-6.82209450910539
NR0B1	-0.548536975563543	-3.15923164383948	-0.569652196133904	0.581211151676397	0.794626794288019	-5.72256382385034
SMIM13	-0.151103571415879	2.8004821997024	-0.569650055001222	0.581212550713787	0.794626794288019	-6.38049467787536
RNPS1P1	0.328894233823119	3.76684783303837	0.569596321340942	0.581247661416365	0.794629277982838	-6.51984329530507
RNF41	-0.11494084293303	6.45739292565651	-0.569326133623199	0.581424225076461	0.794825132017864	-6.78092170895434
ENSG00000304811	0.520908828493577	-3.81525569509617	0.56922022497454	0.581493442690584	0.794874226614901	-5.66415062581187
ENSG00000257674	0.19074905248748	2.04603610490129	0.569087522908897	0.581580177666981	0.794947259628763	-6.28212421520348
LINC01254	0.420041515756513	-4.36364011151898	0.569021689147761	0.581623209649651	0.794960551180176	-5.62105414246992
CAHM	0.313801742654832	-0.502371708791417	0.568933415677015	0.58168091195353	0.794993891404392	-5.99538015528448
LRPAP1	-0.136814313694945	5.68799117369121	-0.568798907300115	0.581768842863972	0.795068539431654	-6.73768730731682
LINC00624	-0.369358962759473	-2.1182964966025	-0.56874756548791	0.581802407957332	0.795068884667486	-5.82219611980079
TMEM269	0.243609170228897	-0.370662841739451	0.568649257522744	0.581866680434608	0.795105454174678	-6.0100907617543
ENSG00000301234	0.422948230092336	-3.06345109603635	0.568604725419086	0.581895796206859	0.795105454174678	-5.7319593738493
PRR4	-0.625097458497345	-3.12836086262949	-0.568358415016538	0.582056851894537	0.795227198458847	-5.72611898213796
CFAP58-DT	0.288944033169829	-0.269421120032364	0.56834113326667	0.582068152862689	0.795227198458847	-6.02134576835405
LMF1	-0.177197838874634	3.43196510327371	-0.568315597178718	0.582084851765033	0.795227198458847	-6.47160470266092
CIT	0.191617539225205	6.39234604887491	0.568247278388178	0.58212952897605	0.795242714674111	-6.77855596655214
SHC4	0.250063634191192	0.0255011838508474	0.568104126480241	0.582223149440999	0.79530322200659	-6.05346420257304
HELB	-0.213525901123573	1.91716150882012	-0.568060947215733	0.582251390004403	0.79530322200659	-6.26686253373404
GALNT17	-0.122605000248993	6.46930133470757	-0.568026701722023	0.582273788131863	0.79530322200659	-6.7822426307567
ATP8B2	0.155747817279176	6.58456513989374	0.567921299949973	0.582342728646759	0.795334006064579	-6.7873610154865
TMEM170A	-0.151398239146936	5.83380574041956	-0.567807369773312	0.582417252305196	0.795334006064579	-6.74809545975162
ENSG00000213144	0.177446800493231	3.33750660159326	0.567797790853988	0.582423518272421	0.795334006064579	-6.45808490879379
RPL22	-0.11705130392789	7.51319659142128	-0.567788461946518	0.582429620731416	0.795334006064579	-6.8212650599843
SSB	0.125415557201924	8.31679429192591	0.56766797447633	0.582508440109349	0.795396129074308	-6.84440473175225
IL2RB	-0.362895657576524	1.88028247413791	-0.567591962745011	0.582558167711775	0.795407225846284	-6.26264549501327
CIPC	0.103726725072084	5.26483928868478	0.567537892465198	0.582593542396367	0.795407225846284	-6.70481440624104
ENSG00000300510	0.888431158520095	-2.88452929130256	0.567502731148204	0.582616546790327	0.795407225846284	-5.74919222367829
TMEM132C	0.270911136850621	1.78812596981472	0.567437470741145	0.582659244896382	0.795420019329746	-6.25160794976525
RHBDD1	0.145035136680198	5.20431067977153	0.567366299620553	0.582705812139594	0.795438093018513	-6.69937771588382
RANBP3	-0.121979656896829	6.44017395235799	-0.567211917019724	0.582806831508608	0.795509792170598	-6.78140157472503
ENSG00000268743	0.437699058113731	-4.10564810097594	0.567147407154619	0.582849045957879	0.795509792170598	-5.64036045449272
ENSG00000280231	-0.256151509241513	-2.01386377487975	-0.567133221806377	0.582858328892917	0.795509792170598	-5.83357348914211
RAB33B-AS1	0.20946314947086	2.08135177457504	0.567048667401637	0.582913663201455	0.795539821570742	-6.28771442638787
ENSG00000286279	-0.52931840991516	-3.77215454828995	-0.566881914438248	0.583022798375347	0.795633871560912	-5.66919788656284
YPEL2	-0.270949872787484	2.24868895530939	-0.566841502548935	0.583049248485371	0.795633871560912	-6.30892512495553
MYEOV	-0.311861984195465	-0.39539530882694	-0.566754899625046	0.583105933403362	0.795665731664173	-6.00846541228015
CRTAC1	0.206186555989478	1.16829907536753	0.566613340257194	0.583198595787138	0.79574667766131	-6.17978299933948
ATP1A3	-0.206083498030605	2.46509592905235	-0.566454811337631	0.583302375544862	0.795842782663306	-6.33717974411823
ISOC1	-0.131589690273293	5.34448163433962	-0.56640141223557	0.583337335096568	0.795844985523596	-6.71242511173046
ZMYM6	0.153331839203096	3.17104933173412	0.566341455321202	0.583376589286065	0.795853046955731	-6.43482322818578
PAK5	0.256086603100228	0.806789332420212	0.566161853046076	0.583494184576956	0.795967975725778	-6.13954112506748
ENSG00000272209	0.339225901162048	-1.58527046692137	0.566036186216226	0.583576472993474	0.796034730578685	-5.87844689032168
TOMM5	-0.238942584116925	0.494731383211427	-0.565930237287412	0.583645854690704	0.796057333892724	-6.1054653403724
SMARCA5-AS1	0.43092310940963	-2.85274957310201	0.565909017264823	0.583659751363338	0.796057333892724	-5.75305581852441
ENSG00000260331	0.38957706772212	-3.20302777632318	0.56567735604294	0.583811474356782	0.796218769055618	-5.72076860464317
FHOD3	0.396515573537431	4.76150025554532	0.565567456671471	0.583883458681071	0.796271442108515	-6.65458494354594
ENSG00000287620	0.295530866000721	-1.03433924639721	0.565451672524107	0.583959302698523	0.796306239011901	-5.93822759028788
ENSG00000290854	-0.228638278336374	1.02953657706366	-0.565426636872815	0.583975702913031	0.796306239011901	-6.16480394932556
ICMT	0.102937579524147	7.96553274122967	0.565264728611875	0.584081770838496	0.796405371606626	-6.83629414241704
VPS28	0.162785061358941	5.01608800687187	0.565132451060824	0.584168435022723	0.796478037057259	-6.6824037817915
ZDHHC3	0.130731338661196	6.58256368781952	0.564747300208554	0.584420813291871	0.796772817141834	-6.78917122872698
ZNF746	-0.131688443072603	4.46785584659469	-0.564700619004641	0.584451406113131	0.796772817141834	-6.6194987669098
EP300-AS1	-0.349499160798659	0.208721524310268	-0.564597952750562	0.584518692110394	0.79681903270498	-6.07527448038676
KISS1	-0.629322722809051	-3.60818073204647	-0.564483054264698	0.584593999861636	0.796870944756475	-5.68494537631041
TBC1D31	0.11779767248226	5.2269489466496	0.564433649196513	0.584626382953999	0.796870944756475	-6.70322701980271
ENSG00000294304	0.365450415941717	-3.3501594122838	0.56438703605833	0.584656936926745	0.796870944756475	-5.7081029447995
SEMA3F-AS1	-0.572543961954469	-3.5802026709384	-0.564223611009198	0.584764065512579	0.796971445385377	-5.68757091718965
MBLAC1	-0.229523351155894	-0.147859184998926	-0.564095663581456	0.584847945105547	0.797030561134863	-6.03701683554583
ENSG00000304021	-0.467986799965461	-3.63612948393491	-0.564055571391555	0.584874230012821	0.797030561134863	-5.68270628843222
SPMIP9	-0.425429242757351	-3.37358898650107	-0.56387757355086	0.584990935114714	0.797144084977612	-5.70626730783348
NOX4	0.176047703735726	1.6592211962356	0.563764398558532	0.585065145304444	0.797199693022445	-6.23836585921676
PANK2	0.0980498069814759	5.3548175435808	0.563616502308285	0.585162130234912	0.797286325416261	-6.71496489025582
RSPH10B	0.393416403256034	-2.78826810920756	0.563510238676943	0.585231819336936	0.797335759339802	-5.76044629716532
LINC01659	0.334283428456005	-1.01027196437655	0.563221448435312	0.585421234261126	0.797548296027759	-5.94215257313154
FBXO9	-0.132216182448753	4.95797054374013	-0.562925606868735	0.585615308104154	0.797767155166772	-6.67769470001461
PCMTD1	0.137383987896745	4.6397736599402	0.562855798388728	0.585661107905247	0.797784011322101	-6.64187323777878
IFI30	0.406461000528094	-4.59986320984255	0.562702803975211	0.585761490860744	0.79784371687135	-5.61168142633756
DNAAF2	-0.125705071839393	5.29229265807798	-0.562687098909865	0.585771795815841	0.79784371687135	-6.71010675907228
CUEDC2	-0.210703039692377	5.42624184803162	-0.562606301698555	0.585824812832112	0.797847548543486	-6.72156293596475
ENSG00000228944	-0.338266622502856	1.48522245056469	-0.562540495942275	0.585867994744036	0.797847548543486	-6.21862193845098
PPIF	-0.167860524918968	6.53135210856586	-0.562529979675065	0.585874895704242	0.797847548543486	-6.78827400361055
VAPA	0.174731436738356	7.04387523641867	0.562416375970852	0.585949447231792	0.797900463100687	-6.80864909031611
OSTC	-0.143890907222778	6.87714186818069	-0.562368885283628	0.585980614121123	0.797900463100687	-6.80249192642747
EIF1B	-0.112157701517834	6.08543667593051	-0.562189926176957	0.586098068240429	0.798014866489493	-6.76649786229959
ENSG00000223502	0.390997694648228	-1.01614345119727	0.562036126854942	0.586199019589986	0.798106788394421	-5.94217938029842
ENSG00000271141	-0.345037667775786	-2.79117282196336	-0.561966739684216	0.58624456723164	0.798123272267273	-5.7610305516766
ZNF793-AS1	-0.201537703755077	0.452868395001068	-0.5617725025597	0.586372079864071	0.79825133642002	-6.10331811295771
VAPB	-0.0983949990304795	6.49474475825502	-0.561627771821235	0.58646710221807	0.798335158195328	-6.78720654375467
ADSS1	0.238566353211292	3.81105228833374	0.561444136319948	0.586587679169106	0.798432361105759	-6.53114524961692
NXPE3	0.112454294363349	5.13342817463047	0.561414055908061	0.58660743153773	0.798432361105759	-6.69620673657584
ENSG00000287430	-0.269718140029436	-1.26295858299986	-0.561361042647862	0.586642243676361	0.798432361105759	-5.91556385355841
BICD1	-0.209959893259271	5.01499611663574	-0.561315239094761	0.586672322315821	0.798432361105759	-6.68455465647397
DCAF4	-0.276109943354485	4.12847484504049	-0.560929863005029	0.586925426745544	0.798714364988964	-6.57649710575234
ENSG00000249413	-0.623076723787143	-3.76155237439232	-0.560850706918178	0.586977421504245	0.798714364988964	-5.67342959816165
RLIM	0.11120797142533	5.90488769418083	0.560846889862207	0.586979928851822	0.798714364988964	-6.75672911788803
TMPO-AS1	0.138200022052052	3.2279010075249	0.560725298365276	0.587059802860984	0.798770396991097	-6.4463292603009
LINC02210	-0.128256797182114	4.80560235463296	-0.560682311929168	0.587088042234794	0.798770396991097	-6.66247520610239
SYCP2L	0.258258500350711	1.83707596524268	0.560534617031551	0.587185073979048	0.798856875144384	-6.26154516807315
ENSG00000297079	-0.400371281145039	-3.13639247031484	-0.560469621865603	0.587227776840476	0.798869433986071	-5.72975312670033
IKBKE	0.273809129211461	3.65396185506869	0.560355285877352	0.587302901430537	0.798926095665011	-6.50886322159229
CFAP418	0.15993514784127	2.39097814671227	0.560270164882812	0.58735883360509	0.798956644343593	-6.33110599683794
SF1-DT	0.281111727850118	-2.36312462916895	0.559774544317008	0.587684557464091	0.799342966786885	-5.80316845515836
GPR63	-0.110858611463792	4.29551996115202	-0.559736104194442	0.587709824493076	0.799342966786885	-6.59998501179601
BRD7P4	-0.25261150328186	0.136229108638302	-0.559679986352947	0.587746712281197	0.799347585732254	-6.07028015269574
ENSG00000297383	-0.393455908084663	-2.76930533217203	-0.559542510036553	0.587837084428953	0.799415782097121	-5.76443282620198
ABCC2	0.22965223542332	-0.552404675348008	0.559440173724936	0.587904361567967	0.799415782097121	-5.99527694093805
NKAIN4	0.259363594351233	3.22987250125779	0.559406760970362	0.587926328408724	0.799415782097121	-6.44738729533468
DUSP22	-0.116594083840297	5.32532195956351	-0.559399907289741	0.587930834338239	0.799415782097121	-6.71492841756956
ENSG00000303745	0.86915109005123	-1.90708358200406	0.559262472117699	0.588021194518833	0.799493098415233	-5.84883294070279
A1BG	0.408695596583437	-2.73848842496142	0.559169907371839	0.588082057688594	0.799530303096194	-5.76754697920587
DDX46	0.123588136759837	7.4637715806394	0.558861956753762	0.588284565523844	0.799723252276187	-6.82499458898818
NDUFB9	-0.138623521280452	6.51913366397758	-0.558766376999936	0.588347426168502	0.799723252276187	-6.78996829068512
PLEKHA8P1	0.150736317323515	3.58999391364424	0.55874913106143	0.588358768813501	0.799723252276187	-6.50039798882016
KLRG1	0.203386556029035	1.58818365256708	0.558742789165106	0.588362939904775	0.799723252276187	-6.23288685776164
B3GALT4	-0.255907426250016	1.13593941447422	-0.558548921418287	0.588490455115379	0.799723252276187	-6.18079535339759
ZAR1L	-0.396182364125794	-2.31981604059662	-0.558493823511494	0.58852669807873	0.799723252276187	-5.80809498650145
NDUFS3	-0.166948182258805	6.05408517929713	-0.558412382126696	0.588580271747636	0.799723252276187	-6.76696215689309
VPS4A	-0.203615658602743	5.46956827656846	-0.558410600038926	0.588581444067383	0.799723252276187	-6.72751031788737
ENSG00000290093	-0.606082512095826	-3.92954115645137	-0.558335429666126	0.588630894903016	0.799723252276187	-5.66020643030607
PELI3	-0.239306629959566	2.97457077618578	-0.55830195755859	0.58865291524307	0.799723252276187	-6.41150149586478
GHITM	0.113307429947084	7.48575733616012	0.558283879357396	0.588664808555742	0.799723252276187	-6.82604115036404
TMEM234	0.167404718010771	2.60291967190499	0.558252667355392	0.588685342652921	0.799723252276187	-6.36029337623984
TNFRSF11B	-0.234089335481142	-0.328381140122787	-0.558252185731652	0.588685659511862	0.799723252276187	-6.02069627222925
PPP4R4	-0.203626387363796	3.82514273116359	-0.558240901648903	0.588693083304996	0.799723252276187	-6.53507466264889
GARRE1	-0.112733456909217	5.25145779382568	-0.557994229151159	0.588855381481007	0.799875094837352	-6.70926411630224
ZFP69	0.143357335768942	2.79699340018885	0.557904034049858	0.58891473129286	0.799875094837352	-6.38691960307974
ENSG00000299634	-1.33069515890952	-1.14781385425147	-0.557871054076847	0.588936433434317	0.799875094837352	-5.93005710230146
TRIM72	-0.230033990901319	0.9191783695654	-0.557867285691434	0.588938913209737	0.799875094837352	-6.1568235409084
GDI2P2	0.134646983359351	3.17334611123521	0.557711198449534	0.589041630859134	0.799969079533114	-6.44022331586848
EXO5	-0.186136175293387	2.62193445887136	-0.557650493477797	0.589081582065683	0.799977816168515	-6.36319878855887
ENSG00000308642	-0.329527782940064	-4.27232294576868	-0.557545754038002	0.589150516660761	0.800016587765198	-5.63274407804305
CALY	-0.413751574501851	-2.56031761004834	-0.557487395022066	0.58918892769319	0.800016587765198	-5.78541821830407
MVP-DT	0.390901965325133	-1.27248292524752	0.557454329162197	0.589210691739082	0.800016587765198	-5.91673661503478
SFXN4	-0.169893970772207	3.94792151839471	-0.557308541424693	0.58930665475164	0.800101366912646	-6.5532342490904
WBP1P1	0.509328855833893	-3.05951716979955	0.557199910327599	0.589378165257	0.800147393509684	-5.73863476638913
AKIRIN2	0.211780161063992	6.75053002980613	0.557137630001705	0.589419165703962	0.800147393509684	-6.80063300736732
ENSG00000225335	-0.32887455388513	-1.89295535139237	-0.557104265374219	0.589441130962721	0.800147393509684	-5.85148401784178
ABHD13	0.133742694674218	4.41970461036118	0.55692512404674	0.589559074247732	0.800176951465598	-6.61793059611979
CTNNA2	0.322928542447741	3.96210312047844	0.556915520212685	0.589565397585801	0.800176951465598	-6.55549887116498
CAPZA2	0.108062618495042	6.77283445871684	0.556913303642368	0.589566857020912	0.800176951465598	-6.80165403223002
NRSN2	-0.192406968301809	5.28923009417389	-0.55681691615057	0.589630322368202	0.800176951465598	-6.71330258886738
THRB-AS1	0.531169565713643	-3.35142161919097	0.556816588990352	0.589630537789646	0.800176951465598	-5.7121433513789
ASXL2	0.135116882411769	5.79946582066731	0.556606425995959	0.58976893005041	0.800319254805159	-6.75253217692243
RCC2	0.185783869081627	9.25935704391198	0.55622258311637	0.590021734978869	0.800616791673243	-6.87352048428941
NPTXR	-0.150078515114631	5.15888911914751	-0.55593151333487	0.590213476440093	0.800831381399759	-6.70186911755792
UBA1	0.0967924431691625	9.84587380281984	0.555880648908484	0.590246986642777	0.800831381399759	-6.8857105992309
FBXO10	-0.183847421126209	3.53149556338309	-0.555690943489581	0.59037197615731	0.800955431727292	-6.49361727216616
ZC3H4	-0.163547501869287	5.93038311750266	-0.555636899524214	0.590407586191945	0.800958214042128	-6.76136892115041
MAGI3	0.148934993669021	3.80262795023552	0.555448162340351	0.590531955687405	0.801070416896697	-6.53342455441008
EIF3LP3	0.76547868841224	-2.8861890502069	0.555389985260504	0.590570294623629	0.801070416896697	-5.75574287265773
ENSG00000268049	-0.300179907602629	0.467314656758307	-0.555358588601047	0.590590985700519	0.801070416896697	-6.10856625206397
RRM2B	0.120083738761903	6.23658117830258	0.555242750445537	0.59066732887353	0.80112843883756	-6.77862356244534
KLK13	0.337347866558926	1.83034390294735	0.555063142531018	0.590785709873023	0.801243467299661	-6.26389766872164
CDK9	-0.114347872858827	6.32513894551725	-0.554897452955202	0.590894928338691	0.801346056858886	-6.78327046744505
BRPF1	-0.179909601586868	4.78904578421757	-0.554708039030907	0.591019798417452	0.80143085934854	-6.66410602034457
ENSG00000188897	-0.664855423979672	0.555895772308148	-0.554652553793679	0.591056379400382	0.80143085934854	-6.11862911977146
OSER1-DT	-0.208056042986873	2.69787420796835	-0.554649797043919	0.591058196935224	0.80143085934854	-6.37521950422711
RPP21	0.348831606008369	-1.58515122014334	0.554574344323283	0.59110794432998	0.801451001459931	-5.88490979770192
GGH	0.148835560476618	4.64569305072676	0.554448389211452	0.591190993841799	0.801451001459931	-6.64752692373114
ENSG00000310152	-0.454027744028875	-3.04615624840467	-0.554428572405253	0.591204060774482	0.801451001459931	-5.7413865326196
GATA5	-0.589156751292248	-0.701244788997957	-0.554423551770433	0.591207371337141	0.801451001459931	-5.98152140411924
ENSG00000273853	-0.453365107273563	-3.7130047844502	-0.554347264266344	0.591257675858003	0.801473672386151	-5.68121596575414
EIF5AP4	0.460428269338978	2.93341551649335	0.554242155736037	0.591326988881774	0.80152210606777	-6.40805953283723
USP12	-0.128690047036684	5.1230324608629	-0.553877215478221	0.591567679377017	0.80178971701911	-6.69963999831734
FAM89B	0.266821511770449	1.46793926598331	0.553840938122957	0.591591608359095	0.80178971701911	-6.22163313781136
SLFNL1-AS1	-0.402382969659617	-1.28077340318229	-0.553743825739342	0.59165566738314	0.801831004112963	-5.91791456327997
TLE1	-0.118058262880414	6.93951677316325	-0.55365086395236	0.59171699195533	0.801868580910621	-6.809979055058
YARS2	-0.170855322352389	5.16378123179259	-0.553429290711995	0.591863171860022	0.801914574794906	-6.7037919449873
ADNP2	-0.090752191943408	6.91019566400504	-0.553404140990074	0.591879765251489	0.801914574794906	-6.80902672680504
PSMA6P2	0.52888496244715	-2.52745522246031	0.553349346076334	0.59191591892725	0.801914574794906	-5.79084627050428
WIPF3	-0.128957954539276	4.80644703148965	-0.553342813058041	0.591920229489688	0.801914574794906	-6.6668740427697
RSRC1	0.110789853624883	4.59701151367982	0.553314927294447	0.591938629031794	0.801914574794906	-6.64229204208593
SMARCC1	-0.0905193792400194	8.99664098429639	-0.553252385973186	0.591979896051598	0.801914574794906	-6.86945383840587
MUC12-AS1	0.278448671259614	-0.234378939981849	0.553242942984404	0.591986127008483	0.801914574794906	-6.03380605279291
ENSG00000259362	-0.458023830849524	-2.89902461244405	-0.552965689682938	0.592169088084299	0.80210535863763	-5.75586822270125
EED	-0.10499175925792	4.67528263177435	-0.552901889656135	0.592211194327676	0.80210535863763	-6.65198946433668
ZDHHC5	-0.154702854776001	6.58423640044065	-0.552876746457137	0.592227788574698	0.80210535863763	-6.79624486698664
AANAT	0.31626439122672	-1.69053648260886	0.552792256142538	0.59228355309552	0.80213536638091	-5.87482569234993
GUSBP3	-0.144686932487516	2.472557293781	-0.552644656733134	0.592380976962258	0.802187032666797	-6.34621050844658
RXRB	-0.171563513877	4.08512390161384	-0.552604525365448	0.592407467374674	0.802187032666797	-6.57532447163695
DHX36	0.103441660787079	7.05594864341831	0.552566828184389	0.592432351569303	0.802187032666797	-6.81487978257064
NPY1R	0.184864129389159	3.20821753116511	0.552505803990291	0.592472635273038	0.802187032666797	-6.44827104799646
COPS3	0.149605717506828	6.75612587145615	0.552452335826579	0.592507932228926	0.802187032666797	-6.8036013891745
ZNF3	-0.108804082568972	5.83320631251864	-0.552428955700847	0.592523366945278	0.802187032666797	-6.75714123832781
SMARCA5	0.0843641752395392	8.82365898285251	0.55232879870851	0.592589489386814	0.802220745012323	-6.86600752738684
POLR2I	0.17075748748158	5.43822309914749	0.552289413153524	0.592615492324644	0.802220745012323	-6.7286065965472
FADD	-0.144352672145476	5.41174072529797	-0.552177848910081	0.592689151994817	0.802274954098247	-6.72649866079695
MORF4L1P1	0.113471512140903	8.31282709738845	0.552040328053067	0.592779956030893	0.802324871813618	-6.85354457296441
ZNF496	-0.182725698930899	6.71301743201031	-0.552013961430606	0.592797366562309	0.802324871813618	-6.80212299738212
FGFBP2	0.471396833962672	-4.11182794064491	0.551969268959262	0.59282687872096	0.802324871813618	-5.64804495335153
EIF5	-0.123216467508427	7.85486222168072	-0.55167827941216	0.593019049291998	0.802482914129515	-6.8411409974298
SKP1P2	0.420636559252976	-1.95874370065432	0.551624330238717	0.593054681139798	0.802482914129515	-5.84780545974083
ENSG00000251259	0.840078199111441	-3.0523083259336	0.551600911548443	0.593070148850193	0.802482914129515	-5.74235669938184
ARPC2	0.171142126467901	8.04814312196096	0.551588802946652	0.593078146492249	0.802482914129515	-6.84668357673355
ENSG00000254648	0.302695674289623	-1.91939142637746	0.551471926266783	0.593155345603589	0.802505192958005	-5.85190350692302
SMN2	0.254851820834654	3.63956848708242	0.551434267610083	0.593180220941501	0.802505192958005	-6.51195020944452
ENSG00000296726	0.443761142419877	-2.68458434478464	0.551368432961051	0.593223709188382	0.802505192958005	-5.7769357603527
FUT3	0.434268712944701	-3.84369503481661	0.551307401606032	0.593264026037335	0.802505192958005	-5.67142268139444
ENSG00000288062	-0.7400905736319	-0.807873820785993	-0.551301718285969	0.593267780468954	0.802505192958005	-5.97136416053133
HIBADH	0.152707466727338	5.47086725506649	0.551258235480512	0.593296505857749	0.802505192958005	-6.73179779255114
MRPL58	-0.143307245045023	4.94121280373272	-0.551207565548619	0.593329980095402	0.802505192958005	-6.6828205332125
FER1L5	-0.426259558320966	-0.0981383988998662	-0.551148150616875	0.593369232839646	0.802512805586435	-6.04977910117927
TAF1	-0.124887711543844	5.41362527146318	-0.550972936108225	0.593484997079021	0.802609461016748	-6.72735531013106
PI4KA	0.161010462927442	6.12127286819815	0.550938189397365	0.593507955649415	0.802609461016748	-6.77507977880913
NACA	0.102325092090092	8.92338688055759	0.550870937010178	0.593552393378336	0.802624077776812	-6.86917630786697
ENSG00000293970	0.355805905054622	0.112669359363448	0.550746197992601	0.593634820655615	0.802690060879698	-6.0728153323781
TTC12-DT	0.376253172748037	-1.30232514318793	0.550595173806687	0.59373462519614	0.802779532039218	-5.91733304124908
EIF4EP2	-0.145077903105042	5.96568703141711	-0.550391225065752	0.593869419044643	0.802837207141081	-6.76656501965125
ENSG00000297744	-0.356038182918886	-3.98965731025036	-0.550379754252821	0.593877000816205	0.802837207141081	-5.65931269335331
ADAMTS17	-0.245948598104654	0.628394677102142	-0.550370976734987	0.593882802456496	0.802837207141081	-6.1289914438782
SHISAL2A	0.219939349921917	-0.577430990200133	0.550324540206608	0.593913495917166	0.802837207141081	-5.99763920323982
ZHX1-C8orf76	-0.52503395131292	-3.91706048086322	-0.550276165398977	0.593945471424564	0.802837207141081	-5.6656170021194
ENSG00000277504	-0.405604458339239	-2.95634602159227	-0.550146893534281	0.594030923937549	0.802907241002236	-5.75205332337744
RSKR	-0.184433981129628	3.30558033195498	-0.54993011856315	0.594174233126592	0.803055463051835	-6.46389557063871
ITGA6-AS1	0.33794484171809	1.94338058188414	0.549871020850064	0.594213305582143	0.803062795262118	-6.280629254924
ENSG00000258759	0.253401092399848	0.392577304084695	0.549693988911147	0.594330358358062	0.803149555365976	-6.10366741113528
CERNA3	0.543002327952636	-2.1716617784453	0.549595206792984	0.594395677960386	0.803149555365976	-5.82757692200386
GIN1	-0.161230502874858	3.23061504146806	-0.549554055139544	0.594422890576484	0.803149555365976	-6.45321146586048
MLXIPL	-0.288868602961077	2.80600438189959	-0.549441981878039	0.594497005303389	0.803149555365976	-6.3930525866643
EXOC4	0.109987356117617	6.73931707945919	0.549438431800209	0.594499353070891	0.803149555365976	-6.80468597890657
SMAD9	0.26402432727785	1.0487550725396	0.549418584356743	0.594512478840068	0.803149555365976	-6.17617140597678
AAAS	-0.135389237763409	6.35414491374234	-0.549374741228026	0.594541474288519	0.803149555365976	-6.78787321333493
IFNGR1	0.0972017729460619	5.04657592512302	0.549337035183627	0.594566411600564	0.803149555365976	-6.69480114833435
TCF20	-0.0959948424506818	6.55193728535613	-0.549315942465382	0.594580361744729	0.803149555365976	-6.79692781683296
MRPL39	0.106371127638792	5.44341511358413	0.549127919191556	0.594704722786236	0.803166398301344	-6.73086644882083
ENSG00000283405	-0.678021994987052	-2.3023569636937	-0.549097137588581	0.594725083443647	0.803166398301344	-5.81497977141755
USP25	0.13694989514728	6.22643925431304	0.54907118754549	0.594742248524791	0.803166398301344	-6.78170393667111
MYLIP	0.145501704189545	5.17572876488342	0.549009137685187	0.594783293478829	0.803166398301344	-6.70748470016514
ENSG00000308609	0.484015263245556	-3.80315187603471	0.549005480925825	0.594785712411057	0.803166398301344	-5.67618613854869
APOL2	-0.192546168068831	4.01056713096956	-0.548991831841376	0.594794741273568	0.803166398301344	-6.56700942791593
TNKS2	-0.0928543684865106	7.16047659364071	-0.548364291445033	0.595209936823818	0.803681577402923	-6.82102665771872
ENSG00000271947	0.360941468796147	-2.69451431971185	0.548252967904597	0.595283607026285	0.803695977845386	-5.77769020277219
ENSG00000295726	-0.554543823171903	-2.51326956311201	-0.548246405832682	0.595287949736068	0.803695977845386	-5.79499821633804
ENSG00000269921	-0.248978047948739	-1.69002694041773	-0.548000384093398	0.595450776341911	0.80387033649824	-5.87752729248664
ENSG00000297368	0.438669433531613	-3.91298569394162	0.547930276850144	0.595497180286368	0.803887511419386	-5.66721972185207
ENSG00000244459	0.311710035305005	-1.1439658291482	0.5477979108892	0.595584798423685	0.803894421538223	-5.93610805253646
ATF4P3	0.750208477345971	-0.236352267095784	0.547771294843927	0.595602417429379	0.803894421538223	-6.03666650376339
SMCHD1	0.119812255852111	6.37397178098889	0.547769892300688	0.595603345877588	0.803894421538223	-6.78974850332461
ENSG00000289144	0.609623359103929	1.15055918672164	0.54761564034963	0.595705461416537	0.803986781702583	-6.18869766364061
APLN	-0.477069573025562	3.39702171668229	-0.54752110157642	0.595768051089673	0.804021638632113	-6.47861557187461
GNA13	0.114389554302822	6.94660385092911	0.547474864920657	0.595798663462	0.804021638632113	-6.81383733405481
ENSG00000288919	-0.604495856224612	-3.05293271191716	-0.547322522859144	0.595899531965413	0.804112293176825	-5.74461410328982
CYCS	0.162890781492344	8.23311944230822	0.547193641295344	0.595984873843107	0.804181986884522	-6.85426426265838
LPIN1	0.115977745085779	4.63873010282275	0.546908495074959	0.596173712751812	0.804391316764514	-6.65106254261479
ENSG00000284294	-0.576783642270513	4.14145423616817	-0.546849872306834	0.596212539742722	0.804398229849607	-6.58650255012943
SPRED1	0.102882961808359	6.06300335843703	0.546651868356684	0.596343691395401	0.804529697729582	-6.77432549881647
ENSG00000285444	0.397359536639639	-1.4608839234595	0.546430355967038	0.596490432252222	0.804628394580573	-5.90260843513734
FLRT3	0.457023955010202	2.58898130311788	0.546358807856831	0.596537833337954	0.804628394580573	-6.3652728676985
LANCL1	-0.147676146979137	6.67145646755562	-0.546312354399372	0.596568610112179	0.804628394580573	-6.80374229729176
TTC33	0.120431033661499	4.45528083349632	0.546290008647486	0.596583415123143	0.804628394580573	-6.6286541463472
IL17RD	0.238760188911137	7.27925889445747	0.54628699203487	0.596585413772063	0.804628394580573	-6.82628403382203
ENSG00000260698	0.475299466969542	-3.96982672082745	0.546146531235012	0.596678479603292	0.804708440565732	-5.6632666677936
ZNF700	-0.144370040896364	3.59677289972631	-0.54594285461438	0.596813444192329	0.804732662730953	-6.50881136597571
HACD4	-0.195460714109388	2.18427766566293	-0.5459114613265	0.596834248112929	0.804732662730953	-6.31287322407546
IFFO1	0.182486890859913	3.6200319406924	0.545906360700798	0.596837628266675	0.804732662730953	-6.51225516691505
HSF4	-0.408459933309881	-2.56769641942703	-0.545903695914791	0.596839394208209	0.804732662730953	-5.79105098059457
ME2	0.155712542819949	6.88886349770213	0.545828589784097	0.596889167825472	0.804732662730953	-6.81261769425934
CCDC34	0.157815879450368	5.23278552984043	0.545814139814169	0.596898744221145	0.804732662730953	-6.71465560027587
LRRC71	-0.369943635161959	-2.43521905443747	-0.545590965883711	0.597046658002524	0.804805907211367	-5.80397035516334
ZSCAN20	0.161506098410348	2.97466100033346	0.545572925353227	0.597058615628629	0.804805907211367	-6.41885727083374
ENSG00000287766	-0.301676351691602	-2.96204303123057	-0.545513354482611	0.597098101290399	0.804805907211367	-5.75402676326513
SPON2	-0.24128766559012	1.9959640822378	-0.545489249327526	0.597114079421401	0.804805907211367	-6.28959530941017
MED27	-0.111370895664969	4.48845860826259	-0.545470478302009	0.597126521973429	0.804805907211367	-6.63335890485445
PLIN2	0.134561846158471	6.07922934038691	0.545426920904405	0.597155394930494	0.804805907211367	-6.77594761739339
IL37	-0.552565148168992	-4.14570067192585	-0.545376027532298	0.597189131622895	0.804805929104665	-5.64867610588252
FAM169A	0.13310189223533	6.03690875655523	0.545114627039349	0.59736242705886	0.804865875403224	-6.7737407053781
SAMD10	0.186053834499639	1.95981798798708	0.545108477481449	0.597366504224986	0.804865875403224	-6.28535935595683
C2orf81	-0.307545548724119	-0.626851536406822	-0.545096114250847	0.59737470110957	0.804865875403224	-5.99502962025123
ENSG00000294279	-0.20178562811968	0.313613868605331	-0.545058353043585	0.597399737346342	0.804865875403224	-6.09771973537099
GPBP1L1	0.126702816028119	7.16909897560793	0.545040302775789	0.597411705134028	0.804865875403224	-6.82324845313201
ENSG00000223343	-0.275875906924358	0.491949330155105	-0.544968166612178	0.597459534503402	0.804865875403224	-6.11712366196848
ENSG00000300059	-0.239999114199329	-1.57620522321082	-0.544952874305293	0.597469674216236	0.804865875403224	-5.89117278295007
LGR4-AS1	-0.521361927994545	-3.99777547271589	-0.544840203607195	0.597544384397355	0.804868698364208	-5.66155795746904
ENSG00000293388	0.398404795706367	-3.7345407032435	0.544813183104755	0.597562301998163	0.804868698364208	-5.68442693663991
CYTIP	0.413396709946352	-1.70062863735001	0.544797142261558	0.597572938995842	0.804868698364208	-5.87817744928774
LINC00621	0.265297337852924	0.258832024957184	0.544722523095389	0.597622421731801	0.804889923789453	-6.09198382585968
NFE2L3	-0.189097975924801	7.46872619954881	-0.544562620434314	0.597728466341235	0.804908135674686	-6.83349216135322
PA2G4	-0.131957558773444	7.98087555630449	-0.544556170671314	0.597732743916406	0.804908135674686	-6.84887187075524
CCDC170	-0.269490576974461	-1.45990653483411	-0.544549575329163	0.597737118058329	0.804908135674686	-5.90374655589415
STARD7-AS1	-0.169625704445318	1.36358827365583	-0.544332288511095	0.597881235704304	0.805056781526354	-6.21492853965591
MFSD8	0.129849386890798	3.71065782719015	0.54417486208491	0.597985661711017	0.805135155702705	-6.52649534157192
ENSG00000296767	0.446306017116612	-2.99312929768737	0.544112137483309	0.598027271613873	0.805135155702705	-5.75188770532867
ENSG00000233406	0.880732831379029	-2.91381454378402	0.543972627507727	0.598119824410269	0.805135155702705	-5.75935498483413
ENSG00000268575	0.202062003995118	1.1684490542778	0.543942033650156	0.598140121789299	0.805135155702705	-6.1928007690335
SNX7	0.11633143517575	4.85359502716053	0.543938070962484	0.598142750845802	0.805135155702705	-6.67758588155266
MYOM3	-0.294746069370939	-1.31546419764315	-0.543914974321606	0.59815807449876	0.805135155702705	-5.91960178461541
SNAP23	-0.149469526172799	6.13933256796423	-0.543888588634705	0.598175580547214	0.805135155702705	-6.78013914604203
EMP3	0.3375477538589	3.62947033424346	0.54362120621418	0.598352995240378	0.805328536480128	-6.51495264113032
ZNF410	-0.276595622373652	-1.37875686780541	-0.543425279812853	0.598483014608613	0.805394420758484	-5.91304970415541
DNHD1	-0.375829210044664	2.84785703560719	-0.543423983793042	0.598483874713795	0.805394420758484	-6.40229637270309
ENSG00000287617	0.438338815548382	-4.0933112884883	0.543394891419143	0.598503182074516	0.805394420758484	-5.65416130952953
HELLS	-0.146505844298011	7.03165245901516	-0.543156717350166	0.598661260234268	0.80552400717834	-6.81946091219711
TNFRSF13C	-0.342526078465965	0.560441507765211	-0.543141031956852	0.598671671529453	0.80552400717834	-6.12562513800669
ENSG00000274767	-0.477205083660738	-3.40515424911445	-0.543085308536021	0.598708659125224	0.80552400717834	-5.71468481053015
ENPP3	0.34028457463117	-2.82727709214262	0.543046405975298	0.598734482228338	0.80552400717834	-5.76796433200504
CKAP4	0.0960326355835539	7.06308219804151	0.542958838643439	0.598792610615055	0.805556802747845	-6.82069871138492
CHRD	-0.269443797819982	0.37819546850524	-0.542811379781114	0.598890502479036	0.805634342438264	-6.10597057776731
TUSC8	-0.237122011151098	-0.487926530720949	-0.542770325335179	0.598917758322458	0.805634342438264	-6.01178501076408
ENSG00000275805	0.536980392103005	-3.47894126620598	0.542687212047423	0.598972938806787	0.80566068745364	-5.70825445993156
ENSG00000310020	0.330299977863905	-4.11182794064491	0.54263913989622	0.599004856029867	0.80566068745364	-5.65298665803492
TMEM67	0.129887598846687	3.91523277023101	0.542515016080061	0.599087271418638	0.805725203625908	-6.55709358874703
VSTM4	-0.188180701355757	1.65830142781657	-0.54246521265642	0.599120341423262	0.805725203625908	-6.25046805544922
IQCH-AS1	-0.264287528338501	-0.354933005053707	-0.542384675463146	0.599173820996206	0.80573082293951	-6.02669768237157
RPL37A-DT	-0.287368205243707	-1.8531249468657	-0.542357242208189	0.599192038226562	0.80573082293951	-5.86369201466417
SDHDP6	-0.562327804453971	-2.74690160099134	-0.542188627001756	0.599304014596672	0.805835995288945	-5.77600394185798
MERTK	-0.126584623226033	3.81428198124262	-0.542089832496904	0.599369628523967	0.80587881944575	-6.54282697517904
NCOA3	0.130116566251508	5.35126619423226	0.542038070313713	0.599404007642881	0.805879644570337	-6.72724278498436
RRAGC	-0.158179256429586	3.56006600839559	-0.541979342061983	0.599443014692904	0.80588669135783	-6.50568762438688
TCP1	-0.137118801411752	8.57352876916723	-0.541884742485728	0.599505850107056	0.805925770221083	-6.86604400063216
CD22	-0.56833580734455	-2.39315911847615	-0.541820426058523	0.599548572656145	0.805926864933257	-5.81008800788829
FGF14-AS2	-0.180206922913143	2.08425803122263	-0.541754898218421	0.599592101527046	0.805926864933257	-6.30265068744776
TM2D2	-0.124450049024939	5.72571163008265	-0.54173101563307	0.599607966674481	0.805926864933257	-6.756167249879
ANO4	-0.178639606482368	0.997674219490914	-0.541641232403369	0.599667611430506	0.805961644442612	-6.1748095022926
LDLRAD2	0.42635519740374	-0.290094421841713	0.541564140162317	0.59971882778456	0.805985092783045	-6.03425201395026
ENSG00000228072	0.419577075982632	-2.94176329567246	0.541503289637141	0.599759255540116	0.805994040088736	-5.75806847922992
PSTPIP2	-0.152276630718833	2.20121614966757	-0.541363687489665	0.599852009519781	0.80600146556855	-6.31758829778377
ATXN7	0.148535239000934	4.24158632270698	0.541340443285014	0.599867454081023	0.80600146556855	-6.60337603977192
LRRC3	-0.211304210157385	3.09466921330412	-0.541325189159425	0.59987758976432	0.80600146556855	-6.43835258570272
PPIL6	0.252748612224291	0.140468260759977	0.541291668321924	0.599899863173408	0.80600146556855	-6.08111144131885
B9D2	-0.25416493452327	0.931902290198792	-0.541207747327371	0.599955627593025	0.806003842370235	-6.16768759530262
ENSG00000272338	-0.274824385753665	-0.713112051051376	-0.541087711042619	0.60003539485586	0.806003842370235	-5.98762797028473
STARD3NL	0.101291233042318	5.53007003761798	0.541056374719119	0.600056219575774	0.806003842370235	-6.74230585764445
GLRX3P2	0.130436005006644	3.86134167531984	0.541045937200268	0.600063155967921	0.806003842370235	-6.55021747917308
SPRYD7	0.155363159881464	2.92897094261062	0.541015470936697	0.600083402968194	0.806003842370235	-6.41500554960055
ZNF350-AS1	0.375575440849713	-1.94300683371544	0.540984093258706	0.600104256040519	0.806003842370235	-5.85522736770743
ENSG00000261474	0.331067473104024	-0.456149789604181	0.540812670388318	0.600218187440598	0.806111500739674	-6.01639211804588
ENSG00000231563	0.390758665936778	-0.937589539225938	0.540626412294374	0.600341991434593	0.806130567260567	-5.96285723637283
COL27A1	-0.177290321056423	4.59648277485092	-0.540592617365166	0.600364456030759	0.806130567260567	-6.64955790167371
ENSG00000299973	0.504644820454225	-4.01954438493536	0.540540235800404	0.600399276637897	0.806130567260567	-5.66195500895206
RNF13	0.125513362896298	5.6203028242666	0.540500110279769	0.60042595076038	0.806130567260567	-6.74943057134222
POP1	-0.212596838785141	4.33990171340962	-0.540487172498109	0.600434551502484	0.806130567260567	-6.61707569976323
FNDC1-AS1	-0.338217404093998	-4.02862893736013	-0.540486438018013	0.600435039770022	0.806130567260567	-5.66120540975478
ENSG00000271533	-0.249454134104375	0.845898675373589	-0.540397468300259	0.600494186572236	0.806144387871058	-6.15855930486195
CLPX	-0.102879277633786	6.16303969403498	-0.540369339850063	0.600512886913292	0.806144387871058	-6.78341465594875
MTHFD2P7	0.620802951649677	-1.74749047721517	0.540145613466595	0.600661635368382	0.806298720547647	-5.87582383208427
FAM66D	0.188677493366528	1.50349195342287	0.539940608667516	0.600797953292023	0.806436350667606	-6.23365419912803
PPP1R21-DT	0.305958591555476	-2.15977630818087	0.539819416692137	0.600878547461171	0.806460570278382	-5.83406941610996
SLC25A16	-0.188462418545293	2.68014136563173	-0.539811854590619	0.600883576539174	0.806460570278382	-6.38128830432713
TRIM24	-0.152377084245897	8.00978694799609	-0.539662948984477	0.600982608754109	0.806514554651102	-6.8524949151967
ENSG00000277978	-0.415062158502154	-2.70311904452168	-0.539636754400752	0.60100003078777	0.806514554651102	-5.78151763929381
LDAH	0.112680707583861	5.23519081484382	0.539598948882092	0.601025175724829	0.806514554651102	-6.71843560489475
ENSG00000267598	-0.854631958275542	-2.21041855471221	-0.539328081934975	0.601205348831044	0.806653893426898	-5.82932628407179
LINC02939	-0.446002467084043	-2.77598992722168	-0.539311781430619	0.601216192366378	0.806653893426898	-5.77479626822533
SERGEF	-0.197751953747306	3.55106148520846	-0.539290414429656	0.601230406426073	0.806653893426898	-6.50589544885893
PBLD	0.225321182942766	0.699301814307998	0.539136705235331	0.601332664190759	0.806692362520425	-6.14307802042761
RTL8C	-0.184148416973476	5.41113870230401	-0.539119978839639	0.601343792267603	0.806692362520425	-6.73396996162954
SMIM15	-0.100529758810304	5.66319739941144	-0.539094900052559	0.601360477394034	0.806692362520425	-6.75328958880699
FAM168A	-0.120905505249097	5.53623497566304	-0.538900259627181	0.601489981480322	0.806820737817729	-6.74401171129124
CITED1	0.522076268383823	-1.3202414479172	0.538612784513712	0.601681279688577	0.807001035591577	-5.92198353989623
TBL2	-0.200062790704737	4.79789051821423	-0.538596646640156	0.601692019455822	0.807001035591577	-6.6743919839285
GATD3	-0.358350852135342	-0.96726288208033	-0.538339472412702	0.601863182547927	0.807145587778462	-5.96080135012976
MPHOSPH9	0.104654846265297	5.4589200052247	0.53826890480237	0.601910153460162	0.807145587778462	-6.73832881030936
ENSG00000269947	0.276469429007462	-0.101052669821641	0.538199459578783	0.601956379153619	0.807145587778462	-6.05668051379052
ALOX12	-0.167768058710992	1.42702297164855	-0.538131030003271	0.602001930592717	0.807145587778462	-6.22575708288051
NOG	0.465205923576358	-0.0758870815516109	0.538116353360384	0.602011700610426	0.807145587778462	-6.05945048508728
SMKR1	0.269494103537506	-0.529106021501637	0.53807638987254	0.602038304113335	0.807145587778462	-6.00980608536764
CPS1	0.185991514290978	5.02107226835514	0.538052160467254	0.602054433810051	0.807145587778462	-6.69866231137165
CHSY1	0.179773440745779	6.60236460661693	0.538022347052049	0.602074281132079	0.807145587778462	-6.80558604864971
TMEM116	0.146071942475249	3.77236495733273	0.537916895205748	0.602144485033219	0.807145587778462	-6.53905717617251
RPS18P12	0.350329752718739	3.3231991655306	0.537911887441405	0.602147819026473	0.807145587778462	-6.47330732799067
CNOT1	0.0903705506023602	9.02361726969598	0.537875868597481	0.602171799387577	0.807145587778462	-6.87894301454746
ENSG00000258728	0.640887068704557	-2.55680392559347	0.537739648884734	0.602262495231222	0.807221821400773	-5.79648700015047
PTMS	-0.20725149074933	8.04470371914585	-0.537668950812665	0.602309569197442	0.807239582661464	-6.85460923919755
SNTN	-0.451916950508049	-3.30146585708312	-0.537566293267556	0.602377926623765	0.807274337689435	-5.72700754815075
EIF2B3	-0.101099197320513	5.15836949958159	-0.537528416619395	0.602403148877062	0.807274337689435	-6.71243456595704
PSMB6	-0.101004841162074	7.08050371535859	-0.537347284914067	0.602523772983416	0.807332072730297	-6.82452906156677
ENSG00000288746	-0.421006092619537	-3.47387697337083	-0.537342432704821	0.602527004469763	0.807332072730297	-5.71153534235154
CNDP2	-0.1247935644311	7.91913403731792	-0.537296499431414	0.602557595670728	0.807332072730297	-6.85127659793929
ENSG00000293315	-0.380575325312603	-0.0244526062951151	-0.537260551909383	0.602581537001614	0.807332072730297	-6.06549754683948
SRPX	0.153345174425187	3.72068211159489	0.537176678335919	0.602637399377311	0.807361594776215	-6.53192988907905
AMPD2	-0.18024581827776	5.34044720323711	-0.537019652758226	0.602741990459022	0.807446098937478	-6.72917852114678
PHPT1	0.179941426782783	5.51000860288708	0.536980399224052	0.602768137795661	0.807446098937478	-6.74307911132014
ESCO1	-0.102634583005407	5.92744203719099	-0.536851042947096	0.602854308013678	0.807516206609185	-6.77202993809124
SLITRK4	0.196994428650233	3.34062344588706	0.536503782108546	0.60308566616764	0.807729535784596	-6.47663312972873
IRGQ	0.139146647595736	4.86356667968593	0.53644221581825	0.603126688736151	0.807729535784596	-6.68297057502124
ENSG00000276272	-0.337306659514086	-3.53267918990352	-0.536423864559162	0.603138916742911	0.807729535784596	-5.70674931614951
ENSG00000254409	-0.307542833127005	-2.23325772823686	-0.536408819986675	0.603148941498851	0.807729535784596	-5.82864042190154
SLC35F6	0.181255851730573	4.6293965308321	0.536213875378548	0.603278848123524	0.807831853909474	-6.6560454319962
PDHB	-0.128834105776909	6.9874956166724	-0.536192580990119	0.603293039095088	0.807831853909474	-6.82182350712728
ENSG00000299075	-0.500273525291115	-4.23842090526812	-0.536080644281713	0.60336763861851	0.807886419686282	-5.6464414951523
RCBTB2	0.186628132607472	4.06429670554908	0.53601857977448	0.603409003183496	0.807890511961589	-6.58191535430274
MRPS10	0.139287164930206	5.96631801509544	0.535962997335836	0.603446048846255	0.807890511961589	-6.77488441164094
UBA6-DT	0.139919162237697	3.90439134086401	0.535904966755258	0.603484727451608	0.807890511961589	-6.5592873035638
ABCC6	0.274788284671749	0.814708526271322	0.535834593958185	0.603531634127704	0.807890511961589	-6.15763546088518
CDH23	0.111201492002998	4.13986928513301	0.535773495150527	0.603572360799034	0.807890511961589	-6.59259104479312
ARFGEF3	-0.181003353074811	5.42757891790988	-0.535709464754173	0.603615043109046	0.807890511961589	-6.73725828723677
DDX60	0.226864867195216	2.75596092684289	0.535646806027116	0.603656812585372	0.807890511961589	-6.39397793729785
PQBP1	-0.20360123242617	5.18745858967951	-0.535599970189124	0.603688035206387	0.807890511961589	-6.71626385253962
FOXA1	-1.05801558015778	-1.95342351316056	-0.535582209869543	0.603699875156194	0.807890511961589	-5.85707791891177
ENSG00000262413	0.569547913663288	-1.19026193951913	0.535433043406468	0.603799322000468	0.807890511961589	-5.93781913733441
IQCD	-0.183769635257736	0.816582526577611	-0.535413996251964	0.603812021037953	0.807890511961589	-6.15807546484137
MINCR	0.247408645244862	1.46924765587784	0.535382524156405	0.603833004282097	0.807890511961589	-6.23220140524202
ECI2-DT	-0.295878646005895	-2.37554947122818	-0.535350865919988	0.603854112011983	0.807890511961589	-5.81526927080209
NFE4	-0.508783796176463	-3.84981567051224	-0.535321635089644	0.603873601638687	0.807890511961589	-5.67933808106956
MYO5A	-0.212481954384029	5.43911142104661	-0.535314378147796	0.603878440247821	0.807890511961589	-6.73842570520447
WASHC2A	0.11842634239572	5.56129886358406	0.535241107565106	0.603927294968984	0.807910585114328	-6.74802457750252
LENG1	-0.246033082304209	2.22211068264005	-0.535132342832652	0.603999819943072	0.807962319391396	-6.32372783360285
ENSG00000308423	0.265991936834819	-1.89466235498841	0.534999097688797	0.604088674745863	0.808035890834473	-5.86340233621482
GPR160	-0.317744832566304	5.04606645294917	-0.534858284546201	0.604182583636083	0.808116214057521	-6.70303172687918
IRF8	-0.219438015468577	0.104269582306299	-0.534796929653409	0.604223503840545	0.808125657952495	-6.08078334161676
ACTG1P25	-0.14435860050987	2.36233026127565	-0.534643063114173	0.604326130329014	0.808156698952379	-6.34200999997679
RPP14	0.177564581211078	2.28262519349236	0.53461162840155	0.604347097882212	0.808156698952379	-6.33174182800579
ENSG00000302532	-0.501254681891776	-3.3228979045305	-0.534609833305135	0.604348295257135	0.808156698952379	-5.72661505103932
ENSG00000275180	-0.403232383100658	-0.814988840051349	-0.534445692994011	0.604457786201481	0.808233626583217	-5.97986385372804
ENSG00000261786	0.279984697114625	0.822833944300008	0.534422061352879	0.604473550698052	0.808233626583217	-6.15931551454992
ENSG00000238260	0.470626155141502	-3.35156247987577	0.534344587696335	0.604525234304122	0.808257451522967	-5.72415267359352
ENSG00000302426	-0.519393491590884	-4.06892518427118	-0.534280058371352	0.604568284335537	0.80826973124783	-5.66099839667024
ENSG00000293945	-0.26591870916539	-2.59499584975921	-0.534127831236189	0.604669847279374	0.808360233295067	-5.79475242282423
RPL32P27	0.50343652471691	-3.69026948227149	0.533950586214242	0.604788112777203	0.808473052965918	-5.69403956849849
ZNF549	-0.128419693631267	4.04727379840656	-0.533875336418757	0.604838326290669	0.808494894067734	-6.58075172199359
CES4A	0.254328486081197	-0.396840157162723	0.533782062835563	0.604900569906391	0.808532812609534	-6.02680628624564
ENSG00000293470	0.258253316011209	-0.648615774874279	0.533729388641198	0.604935722074929	0.808534517486831	-5.99884152116885
MAD2L1BP	-0.129590869026295	4.70325452229767	-0.533596466556482	0.605024432433896	0.808607802043891	-6.66637343577097
H2AC17	0.497972991287586	-1.67194614331827	0.533505774408521	0.605084962974731	0.80862844343452	-5.88730019456562
APTR	-0.16601310201132	2.82309325713335	-0.533418554433319	0.605143179038704	0.80862844343452	-6.40448888346749
HSPE1P6	0.583141824283339	-2.2629416569996	0.533326427326183	0.60520467357094	0.80862844343452	-5.8273620555436
ORAI2	-0.216441589667358	4.66795610621696	-0.533284577391471	0.605232609326744	0.80862844343452	-6.66233690565009
ENSG00000288033	-0.428203688230326	-3.4054987940058	-0.533279395905134	0.605236068129651	0.80862844343452	-5.71982828490376
RAB11FIP2	0.125225795857156	4.68644015289158	0.53326877105614	0.605243160577964	0.80862844343452	-6.66457235503463
ENSG00000306583	0.425465366006003	-0.970781151352583	0.533068987091227	0.605376531164829	0.808761358483681	-5.96327483116272
ENSG00000286757	-0.390946236041658	-1.53634636606279	-0.532929946926057	0.605469359722447	0.808840098986659	-5.90191970239285
ENSG00000289915	-0.517646625842828	-1.65315100980982	-0.532526274488034	0.605738908582139	0.809125593131777	-5.88979738990386
ENSG00000285693	-0.485369736423232	-2.31772231506157	-0.53250835813459	0.605750873510646	0.809125593131777	-5.82241895829165
CCT8P1	0.294611198874188	2.55195871218577	0.531963987691563	0.606114473996295	0.809565960650824	-6.36843712016569
ZNF32-AS3	0.320367574682543	-0.145824247304909	0.531882756328106	0.606168740379449	0.809593135234264	-6.05528459462391
SIRT1	0.158947143089921	6.66949432480501	0.531759276275655	0.606251235677437	0.809658006933769	-6.8119593830315
PUM1	0.0899574371345659	7.32260244082521	0.531684777512723	0.606301010059049	0.809679174523238	-6.83606895747357
DPP4	-0.148537912602972	2.81866539510527	-0.531499901796692	0.606424538985996	0.809798829070597	-6.4049431437562
PABIR1	0.174161436094542	4.35903850135334	0.531411345788172	0.606483714296782	0.809832539393605	-6.62472076350807
MXRA5Y	0.311176766452045	-1.18225110273965	0.531212608790331	0.606616526093784	0.809964566617082	-5.94097238465918
LINC02977	0.205931948991473	0.447904888845099	0.531147706063418	0.606659902479601	0.809977170087303	-6.11998170089559
IFNGR2	0.112772758369498	5.23118611389932	0.531046172564747	0.606727763483132	0.810022460762539	-6.72290650391406
CTIF	0.222008081752255	4.27565817952226	0.530910997482281	0.606818115266704	0.81009777139895	-6.61386432458109
DLGAP2	0.318923633609818	0.867145084328772	0.53075741419904	0.606920779601833	0.810189509858322	-6.16625139004401
ENSG00000306915	0.480403096240969	7.7821073691002	0.530585894293945	0.6070354444259	0.810269636895165	-6.85108206159185
DLK1	-0.581879114421652	2.85877180765785	-0.530566063778355	0.607048702280238	0.810269636895165	-6.41103843660387
PCLAF	0.225932598286011	4.06491360186407	0.530365038158647	0.607183108024212	0.810395602084943	-6.58517523847271
DUS4L	0.236463062860663	3.03239139744339	0.530285643709584	0.607236195376488	0.810395602084943	-6.43564687534692
HPX	-0.411876626820892	-3.0476924965622	-0.530272568298035	0.607244938521269	0.810395602084943	-5.75415794452386
CLEC7A	0.706764815401915	-3.05229156669519	0.530102808262694	0.60735845796418	0.810501778933803	-5.75382030334211
AHR	-0.175741874409426	1.98342349721646	-0.530007094569383	0.607422467034601	0.810529905133547	-6.29671186938049
ENSG00000222043	0.348232535911066	-2.47361872119091	0.529918052054646	0.607482017832001	0.810529905133547	-5.80864146083616
SMIM7	0.117305023570849	4.71085833606074	0.529910719175938	0.607486922126207	0.810529905133547	-6.66933441531967
CHRDL2	-0.225767934061948	-1.27189224955799	-0.52986817605161	0.607515375746178	0.810529905133547	-5.93195156446948
RPL15P22	1.47270587446165	-0.738808479117183	0.529664252180447	0.607651773277383	0.810666566395266	-5.99099158219091
SART3	-0.118517589487131	6.93879324101699	-0.529539140581408	0.607735463833712	0.810724378488286	-6.82376491979691
ZNF19	-0.168092161311141	2.06957214622041	-0.52947023207532	0.607781561140578	0.810724378488286	-6.30767114856005
ENSG00000305049	-0.467091768818726	-2.57745326768111	-0.529385276537251	0.607838395807007	0.810724378488286	-5.79893813733312
TMPRSS11E	-0.557738809745489	1.67682697049029	-0.529361391536154	0.607854375199177	0.810724378488286	-6.25996026665467
CUL4A	-0.112821169791401	6.87750303275233	-0.529345585698057	0.607864949639581	0.810724378488286	-6.82156311749675
DNAAF9	-0.134687716293179	4.40441825093186	-0.529190242450401	0.60796888259199	0.810817686679874	-6.63184093801015
ENSG00000271789	0.493667227460032	-3.66850057005201	0.529118408502862	0.608016946437254	0.810821378923589	-5.69847220048307
TMEM86A	-0.170556427330977	1.256551764891	-0.52906580283854	0.608052145943116	0.810821378923589	-6.21111005710234
ENSG00000289226	0.241128873751109	-1.56893260255757	0.529033787468401	0.608073568582282	0.810821378923589	-5.9005515282483
TGFB1I1	0.243342693294726	2.84022206976129	0.528793912626266	0.608234089827086	0.810990112955479	-6.40943976578342
SNX25P1	-0.251898151925792	0.295086407459588	-0.528704976628726	0.608293610214048	0.811009501162849	-6.10473937169425
LRP2BP	-0.304839516623502	-0.65310241051369	-0.528670638911253	0.608316591520397	0.811009501162849	-6.00107828107909
BLTP3B	0.101158269178859	5.19246679883827	0.528572858681677	0.608382035627757	0.811051446368077	-6.72068613179517
EXTL2	0.0962953226713976	6.14332645401614	0.528383697127596	0.608508651328008	0.811125240573434	-6.78914852414141
AKNA	0.211033007797817	6.7358079233832	0.528261162519513	0.608590677354189	0.811125240573434	-6.81661827726317
ENSG00000286635	0.452337359173395	-3.25092776827453	0.528236976891109	0.608606868152713	0.811125240573434	-5.73650581180726
ZFP62	-0.106653871934933	5.15800398715825	-0.5282289899818	0.608612214948404	0.811125240573434	-6.71763546197288
COL6A1	-0.202256333052418	7.70160267227241	-0.528184034628517	0.608642310530001	0.811125240573434	-6.85003199914557
BDKRB2	0.250028755366116	0.661777786347641	0.528140931421923	0.608671166900044	0.811125240573434	-6.14500496901287
FBLN2	-0.250327506046428	5.73738083016323	-0.528134778261673	0.608675286322965	0.811125240573434	-6.76466948074727
SF3B1	0.0844368612524082	9.0390274850121	0.528003819048995	0.608762964399438	0.811196788081145	-6.88486579000826
PRKG2	0.179480336359377	1.94165553805931	0.527758628672368	0.608927138431358	0.811358451099281	-6.29280916245893
NKX1-2	0.53431386968492	5.02977718525107	0.527721091548604	0.608952274460193	0.811358451099281	-6.70537446932365
HCG18	0.114044397290165	5.41264723064587	0.527330967398533	0.609213545258428	0.811652138804206	-6.74073861904484
SRSF2	0.228190088583506	8.37916677366325	0.527290407920279	0.609240711722351	0.811652138804206	-6.86941047377021
AP1S1	-0.126307844433622	5.91157382031001	-0.527096483761432	0.609370609392237	0.811773572137082	-6.776545044389
ENSG00000278840	0.212407424856139	1.5011066759001	0.527052778853886	0.609399886537063	0.811773572137082	-6.24050968454062
RESF1	0.151654017920238	6.36495200490108	0.526905908785159	0.609498277479981	0.811809384699427	-6.80117694324408
CWF19L2	0.131579318133952	4.84136414286919	0.526899385892037	0.609502647474037	0.811809384699427	-6.68584445918824
SSU72	0.107849986633536	7.23770492582744	0.52686033067104	0.609528812746207	0.811809384699427	-6.8359129580282
SPIRE1	0.155225997195982	4.98376517520727	0.526780583557864	0.609582241574962	0.811835241318544	-6.70115760884695
TCEA1	-0.184671986082376	7.50666891266615	-0.526678867752116	0.609650392430453	0.811838162362055	-6.84484780333744
MRGBP	-0.143322944136189	5.16879390594638	-0.526675774397115	0.609652465077937	0.811838162362055	-6.71951614700666
TLCD3B	-0.221215969093961	4.93431558344599	-0.52656738914271	0.609725088967877	0.811889572550565	-6.69611275730754
TMEM167B	0.0980647717694527	4.83818208584188	0.526460615625128	0.609796637240167	0.811939544826279	-6.68573232640368
ENSG00000266680	-0.245790266942201	-0.682071447382236	-0.526364476655472	0.60986106304571	0.81194004419884	-5.99908369238167
CXCL5	-0.411865768546462	3.10912292771391	-0.526358525820261	0.609865051005682	0.81194004419884	-6.44880124989342
ENSG00000227757	-0.380164231456311	-3.8476560904329	-0.526248557026823	0.60993874913887	0.81197901666782	-5.68421699631568
STAG3L5P-PVRIG2P-PILRB	-0.271057998215066	1.93674607681615	-0.526169044231881	0.609992039319258	0.81197901666782	-6.29307814366687
NAA16	-0.115881902677094	4.91839510188962	-0.526162557315017	0.609996387013618	0.81197901666782	-6.69467190837805
TBC1D23	0.223554290294588	5.4379073551982	0.526109529668597	0.610031928066829	0.811981039940384	-6.74349197775921
RFX2	-0.168219272825091	3.03010119114958	-0.52598098987094	0.610118084502513	0.812050430672622	-6.43770409278041
MYRF	-0.280295849108644	3.53287906789197	-0.525880918336665	0.610185163811465	0.812071097763618	-6.51073859946728
POLD2	-0.137190686857038	7.3719195139783	-0.525736902870076	0.610281705957782	0.812071097763618	-6.84103093365676
CFHR3	0.367098512223116	-2.69163891617568	0.525673700806771	0.61032407653281	0.812071097763618	-5.7899859238791
ZFP82	-0.133202953366159	4.5286336881259	-0.525660904166949	0.610332655565466	0.812071097763618	-6.64963539303307
ENSG00000304706	-0.318190223380915	-2.83690482947534	-0.525615829867785	0.610362874449235	0.812071097763618	-5.77627794070449
GADD45A	0.157831313445818	3.61814974821147	0.525556528737037	0.610402632505482	0.812071097763618	-6.52343085808938
LINC03015	0.14703688654832	2.89918208491992	0.525541245911688	0.6104128789907	0.812071097763618	-6.41946525718247
ZNF34	0.183784822159344	2.87523713279887	0.52552073554102	0.610426630461253	0.812071097763618	-6.41612375966494
WDHD1	-0.141056167676051	6.80755047469768	-0.525438084307784	0.610482046765038	0.812071097763618	-6.82104605629913
ENSG00000251687	1.03660421926978	-1.64412573524832	0.525389741886002	0.61051446076275	0.812071097763618	-5.89454684844929
RAD54L2	-0.182705458696371	5.39616159043854	-0.525379117642487	0.610521584524752	0.812071097763618	-6.74046317328354
MNAT1	-0.175644652979839	4.91372662134764	-0.525302459945533	0.610572986261875	0.812071097763618	-6.69465312452084
ENSG00000272293	-0.241101356677048	-0.110623010786681	-0.525298061916226	0.610575935365489	0.812071097763618	-6.06267413476392
MEF2D	0.163531868101659	4.88991642235767	0.525188608931901	0.610649331536034	0.812078881181835	-6.69215244368366
ENSG00000293142	-0.5145027362631	-1.54286213838062	-0.525187853870273	0.610649837875325	0.812078881181835	-5.90535894125803
USP40	-0.126520854900434	3.93423091850652	-0.525003836635225	0.610773245005623	0.812157025056352	-6.56965332298377
P4HTM	-0.185127285534524	3.40705185644019	-0.524947169268362	0.610811250301587	0.812157025056352	-6.49279028693249
IDH3A	0.233707825718259	5.09352475294922	0.524939405742934	0.610816457185763	0.812157025056352	-6.71328876905442
ENSG00000302420	0.466875246674271	-3.71399429036375	0.524897277105745	0.610844712648702	0.812157025056352	-5.69662832683852
NPHP4	0.201206686263946	4.49699010786222	0.524770804377687	0.610929541277171	0.812224563372452	-6.64612804746226
ENSG00000293612	-0.378823262516826	-3.94805780860798	-0.524642419458222	0.611015658619253	0.812278847130937	-5.67633002599919
ARL10	0.132407127750164	4.01196795970622	0.524608459837979	0.61103843890681	0.812278847130937	-6.58098063682247
SV2B	-0.287666299558331	1.10881721775109	-0.524341207580909	0.611217728233126	0.812471930923977	-6.19687385650396
SRC	-0.132956889572573	5.77496960183935	-0.524256621935558	0.611274479106714	0.812502115885494	-6.76937510707069
CXCR4	0.368873947523226	1.70778516278913	0.524171369211081	0.611331680264689	0.812532895966884	-6.26648590675301
RFX3-DT	0.34025188149302	2.21053238066377	0.524049287263389	0.611413597112452	0.812596520897811	-6.3283826498357
GOLGA8N	-0.604528269178622	-3.15949905105905	-0.523823513553476	0.611565105776392	0.81272577337664	-5.7471806560724
SOCS4	0.149552928202934	5.21671811470019	0.523800516596243	0.611580539287268	0.81272577337664	-6.72561898844512
ENSG00000249176	-0.270854589527594	0.419664033166709	-0.52375213991426	0.611613006059322	0.81272577337664	-6.12093152075109
MIXL1	0.467882998569179	1.19653384598712	0.523294973346765	0.611919865120909	0.813088265273396	-6.2073996651906
BTF3L4P1	0.271963287123736	1.0347456396938	0.523006720243824	0.612113386544775	0.813300127855266	-6.18923480938681
MOSMO	0.109694841731074	3.89128050178481	0.522907093928354	0.612180278860785	0.813343727208325	-6.56465204495493
NAP1L1	-0.102129515519286	9.9567306319149	-0.522773655842852	0.612269879325254	0.813404386369803	-6.90674795702419
RPL7AP11	-0.260867358193568	1.20616637323761	-0.522737591691742	0.612294096682443	0.813404386369803	-6.20879901444691
TMEM65	0.144201842532341	4.64915485328188	0.522609005309035	0.612380447408753	0.813473820799505	-6.66602356732202
WASH5P	-0.372898059602811	-1.31490252218495	-0.522369296462025	0.612541437729141	0.813606513102314	-5.93127404289824
LTB4R2	-0.321646934655627	0.47194875287332	-0.522358757745811	0.612548516107407	0.813606513102314	-6.12736746767449
RPLP0P2	-0.465093821725518	-2.43195911425535	-0.522289536138568	0.612595010160762	0.813622988731603	-5.81667450688988
ENSG00000213280	0.754328560767819	-0.860338345720885	0.52218034980037	0.612668350964823	0.813675117271016	-5.9814031907931
RBM44	0.275260023776854	-0.862510945982455	0.5220803644242	0.61273551537603	0.8137190376964	-5.98121463225877
HSP90AB3P	0.201986196310747	5.19881005168952	0.521729748161762	0.612971068787673	0.813986563108852	-6.72508346099367
ZNF672	0.183740076639256	5.31279434003247	0.521630663110542	0.613037645135651	0.814029680452464	-6.73539261867174
RAB11B	0.117259330872156	6.39668084273898	0.52156685737044	0.613080518869853	0.814041320938347	-6.80564164399484
INCENP	0.125878120460099	6.69876134282246	0.521447447130911	0.613160759682581	0.814102572949719	-6.81890396664138
CWC27	0.115615554391083	6.32037443949633	0.521280263964624	0.613273111731377	0.814206450336139	-6.80216844627031
SMPD1	0.187452681061297	2.14224383330013	0.521087542756147	0.613402639094816	0.81433311754789	-6.3213744582776
IPO9-AS1	0.219978097345528	-1.78237044123878	0.520819716011913	0.613582667769078	0.814504306441653	-5.88250334832706
GDI2	0.131051409425963	9.3729363068717	0.520794168128575	0.613599842033809	0.814504306441653	-6.8961537407064
ENSG00000299851	0.277589362821752	1.21161994491293	0.520693397175959	0.613667586506887	0.81454892871141	-6.21052699042359
COX7A2L	-0.0955851659917242	6.434111807056	-0.520478251772005	0.613812233288656	0.814686597666998	-6.80798542048707
REEP5	0.163442395232866	6.1573911501928	0.520437590183654	0.613839572876592	0.814686597666998	-6.79430718372684
INPP5A	0.103858622416255	5.19207125085574	0.520210002254497	0.613992607347756	0.814844392769623	-6.72528622884088
RHOQP1	-0.19634792910992	-0.175556127197249	-0.520062501769551	0.614091799841371	0.814863994623864	-6.05842931851351
YWHAZP3	0.102863734693328	5.02916879856124	0.520039049855254	0.614107571751996	0.814863994623864	-6.70956609448222
LPCAT3	-0.128886123274561	6.10638435916362	-0.519979365951745	0.614147711373128	0.814863994623864	-6.79179868686157
PRDM10	0.127081407323561	4.2973744720576	0.519934363823258	0.61417797784138	0.814863994623864	-6.62286075315019
PHC1	-0.127365432610434	7.97100264611464	-0.519873553658257	0.614218877308546	0.814863994623864	-6.86250991185042
ENSG00000290849	-0.201976014068922	4.41276461459945	-0.519833185325722	0.614246028850292	0.814863994623864	-6.63808574286086
DENND2B	-0.118242387600224	5.27469231615558	-0.519786344674539	0.614277534405479	0.814863994623864	-6.73308873926419
FAM149B1P1	0.507194895958481	-3.64055181816357	0.519746735204435	0.61430417682617	0.814863994623864	-5.70575596949571
ENSG00000293902	0.293342655461456	-1.47733270752222	0.519731158443114	0.614314654345631	0.814863994623864	-5.91521206099921
ENSG00000293402	-0.337017108746886	-2.23234524847688	-0.519611643209276	0.614395047835518	0.814925342152402	-5.83759237501367
ZFAT	0.119052673048523	3.75975746671166	0.519559475158297	0.614430141033571	0.814926600502819	-6.54742454417174
CCDC6	-0.121932355664717	6.66833934282705	-0.519470862355835	0.614489752773074	0.814960376163312	-6.81875307311223
GALNT5	0.320830464464893	-1.34060505764275	0.519366712494082	0.614559820378787	0.815008014279075	-5.93007593253256
ALDH7A1P1	-0.142535701859294	4.87105713411884	-0.519223597479511	0.614656108697734	0.81503116146386	-6.69339528054711
TMSB4XP1	0.67734595472039	-1.03183471905881	0.519207858995766	0.614666698075791	0.81503116146386	-5.96391609733334
ENSG00000237346	-0.428625458171378	-3.70761606026229	-0.519188503511467	0.614679721219654	0.81503116146386	-5.70010341666506
ENSG00000272807	0.361845160878082	-1.76765158786724	0.519055991849186	0.614768884124649	0.815068930811632	-5.88495646219938
ENSG00000301463	-0.499609555157885	-3.89582682384833	-0.518981880284937	0.614818754311837	0.815068930811632	-5.68372872702944
NUP43	0.096566392549124	6.49677185603536	0.518941462088385	0.614845952862095	0.815068930811632	-6.81168643398261
MAPK8IP2	0.298283714825524	3.18100579727184	0.518919603592678	0.614860662317752	0.815068930811632	-6.46320724584832
SORCS1	0.327605980139328	3.25748943255417	0.518842190522814	0.614912758102602	0.815068930811632	-6.47431887267386
ZBTB34	-0.100622606293864	5.12036814287656	-0.518835798078241	0.614917060052679	0.815068930811632	-6.71923166337783
NTAN1	-0.15956885871858	5.17174722245026	-0.518734863505518	0.614984988435776	0.815068930811632	-6.72418374733656
NAMPT-AS1	-0.236404917167142	-0.340473958047347	-0.518696721205418	0.615010658973417	0.815068930811632	-6.04113289690025
TMEM41A	-0.131248188795534	4.2522850192741	-0.518689438879982	0.615015560187149	0.815068930811632	-6.61747237109006
SLC1A2-AS2	0.427876169486161	-3.97099679499325	0.518514508206375	0.615133299494717	0.815179703444776	-5.67746006640052
APC2	-0.563928248778811	0.57124788125198	-0.518303116006478	0.615275594938444	0.815323003964013	-6.14039326976809
STK40	0.133453860478181	5.61059413368365	0.5182127395476	0.615336435566643	0.815358355966526	-6.76119550601114
CCDC26	-0.41990506874054	-3.38996214662922	-0.518131389372775	0.615391202387382	0.815385656324857	-5.72905389284699
ENOX2	0.0881730014846269	5.18050956753542	0.517996515980372	0.615482007717926	0.815460701576759	-6.72541331672221
ZNF619	-0.299623200637376	2.39650511459397	-0.517905951027241	0.615542985602717	0.815496221891759	-6.35564323817065
SNORA59A	-0.389355947678296	-3.05328490495666	-0.517709317494053	0.615675390582896	0.815605247699313	-5.76014074753526
ENSG00000261770	-0.301400551276269	-1.83516586641717	-0.517682239395506	0.615693624996795	0.815605247699313	-5.87867564762271
BBS1	0.372790129065424	-1.26198140248978	0.517524054565148	0.615800152256208	0.815700746382066	-5.93957241603525
ENSG00000255142	-0.300546920853867	-1.72526068801837	-0.517463211600577	0.615841128544905	0.815700746382066	-5.89020768958309
GOT2	-0.152492832442935	8.1159901552505	-0.517422946421521	0.615868246943681	0.815700746382066	-6.86788949965977
BACH1-IT2	-0.41876541500695	-3.55026386589427	-0.517298539664963	0.615952038096943	0.815758025670378	-5.71504685257903
ENSG00000295153	-0.431395441966043	-3.39636895605238	-0.517244268792622	0.615988592733914	0.815758025670378	-5.72892501331342
ENSG00000257524	-0.545392698945123	-3.75460428609259	-0.517170291328863	0.616038422691857	0.815758025670378	-5.69698539568114
FBXO39	0.32680950129768	-2.88458029944077	0.517110781307293	0.616078509107754	0.815758025670378	-5.77619121423483
GPRASP1	0.301540521029633	2.59978100617175	0.517105019400611	0.61608239044323	0.815758025670378	-6.38297930086251
MAML1	-0.097142654361571	6.39820330645859	-0.517051622343379	0.616118360356548	0.815760396462318	-6.80819736169402
CLDN6	-0.131889075568116	9.15110434818524	-0.516975384654567	0.616169718268794	0.815783140063311	-6.89347206569733
JAM3	0.103509365662295	6.52665262184125	0.51677562089135	0.616304300428971	0.815914183477374	-6.81418299630543
RPS3P4	0.284650690205264	1.8596180512052	0.516726985738891	0.616337068501009	0.815914183477374	-6.28879834014222
MTERF1	-0.146660546829085	3.64860640469591	-0.516628975215253	0.616403106046223	0.815921069691764	-6.53280916559391
ENSG00000257398	-0.266717067481999	-1.3256535358388	-0.516558663193558	0.616450483094539	0.815921069691764	-5.93316538467681
CEP85L	0.175690519352917	3.5319718429823	0.516495739177209	0.616492883580963	0.815921069691764	-6.51575012814004
ENSG00000267193	-0.37911545903849	-4.43609307780562	-0.516443882085709	0.616527827879873	0.815921069691764	-5.64458772634692
ENSG00000299077	-0.291393586892658	0.546886708959253	-0.516398011695089	0.616558738829026	0.815921069691764	-6.13874525017682
MAP7	-0.174490633310835	6.47713324310121	-0.51637037180928	0.616577365059221	0.815921069691764	-6.81220979199178
NAA40	-0.107812979822004	5.52207525520384	-0.516364126976594	0.616581573426097	0.815921069691764	-6.7554959819066
CAGE1	0.428827672223734	-3.60838441625302	0.516180781524162	0.616705135637061	0.816039334271206	-5.71042457306325
PPIL2	-0.118276421230851	5.67152962701012	-0.515919681291445	0.616881120812055	0.816226949241674	-6.76681682707115
SF3A1	0.147516251688873	7.8342165669945	0.515793148790877	0.616966414596398	0.816294551647665	-6.86082207390696
ARHGEF28	-0.262310776727787	0.253583976219286	-0.515629197497039	0.617076940723302	0.816372545522347	-6.10727388589297
ANKRD65	-0.352084131131689	-1.36330724227234	-0.515604229436911	0.617093773568889	0.816372545522347	-5.92959862309462
SPICE1	0.294168998367701	1.48137864262414	0.515428027089839	0.617212571403464	0.81644433722632	-6.24450113752003
PLXNC1	-0.221303104922129	2.00983648797183	-0.515419748642488	0.617218153120569	0.81644433722632	-6.30791889299742
ENSG00000267284	-0.176733124376137	1.10272663158084	-0.515323944375499	0.617282750700319	0.81644433722632	-6.20104142426868
TIPARP-AS1	0.208247185132137	0.45762875257196	0.515320796807593	0.617284873056896	0.81644433722632	-6.12957324465724
ENSG00000299436	-0.385631779248026	-4.51797814382408	-0.515212141014199	0.617358140243639	0.816456618881738	-5.64073112584858
ACTL11P	0.354987289650949	-3.09338990108048	0.515205562989766	0.617362575981846	0.816456618881738	-5.75770115136701
MED28P7	-0.507111569523656	-4.28175504550052	-0.515021280332611	0.617486849254487	0.816532093809084	-5.65412419178501
RBMX2P5	0.217666503777636	1.04475448616499	0.514971162255694	0.617520649178218	0.816532093809084	-6.1946823042895
ENSG00000306422	0.331193853585973	-1.36769223522036	0.514968741862642	0.617522281529055	0.816532093809084	-5.92945765270396
WDR5-DT	0.217939591611627	-1.83351907668305	0.514780409127116	0.617649302739117	0.816654806297408	-5.88035235709334
ENSG00000295911	-0.17054367716127	2.08715161550053	-0.514675453326087	0.617720096007287	0.81670316482417	-6.31791984899167
PANK2-AS1	0.184185423520536	-0.230546543334091	0.514411526330655	0.617898134307577	0.81683246902299	-6.05543304191626
ADGRL2	0.156230339955976	7.83483196987801	0.514346346575849	0.617942106861668	0.81683246902299	-6.86163095567804
ZNF652	0.0930111276985333	4.956913446324	0.514277995998354	0.617988220258757	0.81683246902299	-6.70523499714696
ENSG00000295250	-0.281565141976692	-1.50931138745907	-0.514191122328664	0.618046832947699	0.81683246902299	-5.91469472494822
TPST2	0.151245219574276	6.29945154751154	0.514169244871359	0.618061593864013	0.81683246902299	-6.80503362786599
MAFA-AS1	-0.281721853543796	-0.756928490370074	-0.514156287743153	0.618070336238202	0.81683246902299	-5.99721636972827
CRK	-0.129604962116467	6.54030033224514	-0.514144447133205	0.618078325334807	0.81683246902299	-6.81621615548955
LRP8	0.116258790853366	6.36472824839222	0.514077294323612	0.618123635664581	0.81683246902299	-6.80824122959925
SOCS5	0.106476344544418	4.63208377879734	0.514073915664612	0.618125915407224	0.81683246902299	-6.66864533765231
SLC29A1	0.129286552704328	7.87571576225159	0.513987331011307	0.618184339655068	0.816864446603229	-6.86301875296745
CYP2E1	0.439288407560766	-2.70768223943514	0.513883692899669	0.61825427462924	0.816911629993692	-5.79454889015756
PDE1C	0.225046074686907	-1.14294678784625	0.513719545837695	0.618365049185336	0.817009054229199	-5.95454640393018
SAXO2	-0.217025398889575	-0.598404736697877	-0.513672987854381	0.618396470635207	0.817009054229199	-6.01517218846857
ENSG00000270823	0.387571430417656	-2.63381552302157	0.513575380150594	0.618462347567203	0.817050860698906	-5.80174461159648
PDHX	-0.127145839652308	5.75616814550887	-0.513375523044575	0.618597245210784	0.81718384078407	-6.77408675652954
ENSG00000300391	0.767755217213612	-0.000817546054261718	0.513233588015101	0.618693056159383	0.817209452299857	-6.08101597864975
ANK3	0.118884990430226	5.72541642028119	0.513221792729806	0.618701018712358	0.817209452299857	-6.77205769688652
HCG27	0.438683283819841	-1.98394373634358	0.513194633310556	0.618719353209805	0.817209452299857	-5.86575761712953
RPS12	0.150630843402928	8.17774215358776	0.513056881910347	0.618812349199353	0.817277432368845	-6.87195437099491
UBE2N	0.17877827689201	7.62925110991517	0.51301695120767	0.618839307737452	0.817277432368845	-6.85619638630023
DPP8	0.0990907380474244	5.11730532621936	0.512901371813659	0.618917342540402	0.817303429774968	-6.72217797713635
MAMSTR	-0.239257233766155	1.43616375936777	-0.512886355968384	0.618927481030409	0.817303429774968	-6.24058960263952
MECP2	0.132909063976467	5.09271980850655	0.51282950161074	0.618965869059603	0.817308901623543	-6.71985735700857
TXNDC11	0.140983735426356	3.81016619127997	0.512626678847743	0.619102824629934	0.81742132907263	-6.55857717231928
ENSG00000277007	0.412555470383233	-3.08446384383983	0.512601969114548	0.619119510857918	0.81742132907263	-5.75984984963999
SHOX2	-0.28706975204812	-3.75830011432945	-0.512346642540639	0.619291943503744	0.81760376234118	-5.69908693770956
MKX	0.337927646533082	0.995259261494709	0.512175330986545	0.619407650850434	0.817711289498718	-6.19059992911422
GDF6	0.487875515180078	-0.987913519067108	0.511995766770989	0.619528943879107	0.817798097456108	-5.97255580578063
ENSG00000287726	0.428051238343574	-2.03342068184596	0.511976533224032	0.619541936569484	0.817798097456108	-5.86138702263057
HMGN4	-0.125076117947189	6.43990760535131	-0.511811694543611	0.619653294394063	0.817866835386866	-6.81299746676858
PRKCG	-0.172417682078232	3.90482302043217	-0.511798000486007	0.619662545954695	0.817866835386866	-6.57264939650122
ENSG00000272368	-0.305781015227471	-3.59584391955883	-0.511677549189053	0.619743924568171	0.817929011704741	-5.71381025998697
PREX1	0.255360257586887	6.22574279779751	0.511441123168001	0.619903672969005	0.818094606732167	-6.80278640791251
ENTPD1-AS1	0.10986050716644	4.99758114027818	0.511159288362064	0.620094130206378	0.818300708041337	-6.71115362257278
NINL	-0.231973467627261	5.92258232836358	-0.511065253125494	0.620157683511254	0.818315504241475	-6.78603844160471
LIN7B	0.18465253271959	0.597672007276371	0.511031612938177	0.620180419879316	0.818315504241475	-6.14715208436899
ENSG00000260418	0.280537203277407	-1.96478273676941	0.510969610957901	0.62022232620725	0.818315504241475	-5.86884666545925
PDXP-DT	-0.341471360882863	-3.29777002884626	-0.510939780921184	0.620242488445481	0.818315504241475	-5.74107578574872
SDCBPP3	0.426181386659678	-2.57936706964126	0.510778047132195	0.620351810671131	0.818380062870118	-5.80838464252734
METTL6	0.114191425244517	4.29922294770219	0.510765933626478	0.620359999055021	0.818380062870118	-6.62809716231707
ENSG00000245768	-0.494125154621788	-2.14416361106812	-0.510589126836448	0.620479521567594	0.818492496614921	-5.8509811678775
HSPA8P11	-0.474121624980926	-4.28793488516948	-0.510457212918735	0.620568703737738	0.818562754340958	-5.65596019921889
LRATD1	-0.372540729276131	2.50167321291575	-0.510408888155301	0.620601375950041	0.818562754340958	-6.37350749817886
CCDC184	0.278254309640094	2.24671780737909	0.510299808754059	0.620675127342839	0.818614791351213	-6.34040599318024
ZNF76	-0.141457655518558	4.52964379615493	-0.510212394386977	0.620734233620274	0.818647508085046	-6.65821312967197
PPME1	0.153135986676523	6.14465030732147	0.510157473784868	0.620771370290619	0.818651248465366	-6.79924689962534
ENSG00000296911	0.305088283455567	-1.34530047447407	0.509964429163115	0.620901913649879	0.818778163052194	-5.93446860492708
KCTD20	0.126755685007458	6.13237173642702	0.509795676302087	0.621016041362821	0.818855546821152	-6.79877521028546
ENSG00000237588	-0.308314566983629	-4.08387918875647	-0.50977619966981	0.621029214103561	0.818855546821152	-5.67214327246311
DUX4L50	0.496575666162679	-3.88503694205318	0.509707448628151	0.621075714003431	0.818871620048607	-5.68931768493199
ENSG00000278017	-0.576074248288387	-3.6319108339128	-0.509636208991432	0.621123898909793	0.818889913013315	-5.71161950939826
ENSG00000298308	-0.247251402360197	-0.292317513001497	-0.509583162252188	0.621159779761377	0.818891983184091	-6.05120956231158
COSMOC	-0.307527047806796	-0.943153809781681	-0.509463779574472	0.621240534086291	0.818951956219462	-5.97886415650583
CATSPERE	0.413701192285308	-1.99279064708228	0.509368811339339	0.621304777443879	0.818951956219462	-5.86682711117393
CD276	0.148431072924586	7.99327773241967	0.509348688424747	0.621318390460569	0.818951956219462	-6.86888646918156
IGSF3	-0.0973837353015394	6.59801536577582	-0.509313014317204	0.621342524122094	0.818951956219462	-6.8213272475436
PPP1R14BP2	-0.675839423707009	-2.9298003372958	-0.509086520883314	0.621495758692677	0.819108690304165	-5.7760317144655
CCR7	-0.318751513128625	-2.19342676017996	-0.508687736714032	0.621765602867894	0.819358517897361	-5.84706276995839
APBB3	-0.189267641478607	2.36650977209343	-0.508631848726373	0.621803425120874	0.819358517897361	-6.35672669095574
PAN3	0.126237155872396	5.04445739255251	0.508608604729699	0.621819155858427	0.819358517897361	-6.71735013154782
SNRPA1-DT	-0.301818465975934	-0.789108745506984	-0.508603463615	0.621822635214937	0.819358517897361	-5.99649121770547
RPL7AP66	0.249412956224423	3.84463709174189	0.508517042907612	0.621881123687669	0.819390348849155	-6.5657907996024
RUSC2	0.15569113785068	3.65179013892136	0.50836406070761	0.621984666908537	0.819481537129785	-6.5377376916363
YTHDF3-DT	-0.219262266699113	-0.19899959968008	-0.508311345734457	0.622020348077349	0.819483310198834	-6.06206993327717
MINDY2	0.109320668159304	5.37148418866816	0.508166269955286	0.622118550763917	0.819495418472603	-6.74778289244391
VAMP7	-0.129602413779383	5.26304511626382	-0.50815538666197	0.622125918044665	0.819495418472603	-6.73838167381915
NPIPB15	-0.197546328720108	0.357436088241197	-0.508131010339184	0.622142419385853	0.819495418472603	-6.12248144011438
PCDHA5	0.368794898260777	-2.39435614094416	0.50809487333681	0.622166882420228	0.819495418472603	-5.82762711306958
COL6A5	-0.437380100110171	-3.57588014957037	-0.507960347523742	0.622257954234327	0.819501957942197	-5.71745088078294
ENSG00000295702	0.208583536131503	-0.417548682887053	0.507956718640057	0.62226041102259	0.819501957942197	-6.03827213702096
ZNF232	0.147185814419678	4.57061562524484	0.507935382603901	0.622274855817088	0.819501957942197	-6.66449451622641
GPR45	-0.436472318384212	-2.94348812144873	-0.507834543311974	0.622343127694403	0.819542395241954	-5.77538139989605
CC2D2B	-0.250578942258842	-1.27114217881705	-0.507788595958021	0.622374236969892	0.819542395241954	-5.94363648149677
PDZD8	-0.114912762928163	5.86398106535591	-0.507714378846302	0.622424488307626	0.819563348915266	-6.78418541281897
WEE2-AS1	-0.289724592867312	-0.965367290158839	-0.507610739054612	0.622494664710993	0.819573230198575	-5.97734325617099
CLPSL1	-0.490390391299234	-3.00020329927683	-0.507516805859954	0.622558272014894	0.819573230198575	-5.77024541250352
SEC24D	-0.162987578588911	6.59184726115924	-0.50743347902467	0.622614699890632	0.819573230198575	-6.82207678466864
PPEF1	0.240447861677413	-1.23479703467492	0.507417784089726	0.622625328587415	0.819573230198575	-5.94777095104967
RPS2P46	-0.204893902052042	7.83052386545272	-0.507417039523625	0.622625832813949	0.819573230198575	-6.86526228936285
PSMG1	0.125355490423768	5.86443052480573	0.507399031861176	0.622638027819188	0.819573230198575	-6.78438328879749
ITPR1	0.248562712261915	3.09967756657582	0.507012715972503	0.62289967430984	0.819872416409472	-6.4579364649583
NOL4	0.54698550268443	0.295750077388031	0.506735319920955	0.623087584734756	0.820033386749526	-6.11652354611466
FSIP2-AS1	0.370070890235997	-3.04610451804554	0.506730738061016	0.623090688762838	0.820033386749526	-5.76636859731608
CCDC18-AS1	-0.32126875828339	2.43829843667934	-0.506624463101552	0.623162687991313	0.820082922049441	-6.36715524076767
DNAJB14	0.109643786212136	5.2327357201539	0.506566648679919	0.623201857886775	0.820089250823381	-6.73648620811136
SH3RF1	-0.144111741623957	3.89649756843937	-0.506407642546969	0.623309592595734	0.820151388864073	-6.57435053305782
PRTFDC1	0.252191433430635	3.6141581975714	0.506302351448748	0.623380937761063	0.820151388864073	-6.53329945687189
RRAGC-DT	0.229992347893369	-1.55700183943327	0.506298418623041	0.623383602719586	0.820151388864073	-5.91369520910195
CFAP77	-0.190615118104696	-0.0993192277991258	-0.506294096589721	0.623386531419246	0.820151388864073	-6.07395743562437
RNF213-AS1	-0.248981458953708	-1.52303208948362	-0.506126773149933	0.623499918537507	0.82018036717348	-5.91739227856067
ENSG00000288748	0.328073665178898	-3.3556058554197	0.506093520062919	0.623522453794378	0.82018036717348	-5.73823639560895
ENSG00000270060	0.505880195219718	-2.57817387952116	0.506079804823392	0.623531748581952	0.82018036717348	-5.81087911744234
MCEE	-0.146131763575142	2.3987880722437	-0.506058752341724	0.623546015936766	0.82018036717348	-6.36228419700259
FSCN3	-0.408582945743217	-3.21715361456545	-0.505966626599411	0.623608451852152	0.820217288678239	-5.75095026599415
TP53RK	0.163859645672578	4.48469397597253	0.50581890675386	0.623708571784895	0.820268167976442	-6.65487344544314
PRSS27	0.350960182290796	1.17042972286036	0.505803415895818	0.623719071472532	0.820268167976442	-6.21376509103205
H4C5	0.387946638955248	-2.60522145131729	0.505757431591316	0.623750240105772	0.820268167976442	-5.80844777845981
WDR35	-0.122459593555313	5.59354997663572	-0.505605832129628	0.623853001274312	0.820358103659174	-6.76677269525243
OR4D1	-0.251095537250935	-0.237967683522486	-0.505525917156519	0.623907174757099	0.820371633774923	-6.0592675472819
ENSG00000279803	-0.301058805409914	-2.09668668578803	-0.505459528925834	0.62395218039222	0.820371633774923	-5.85834720055453
ENSG00000269978	-0.413529306212958	-1.2893097856323	-0.505438541640164	0.62396640834274	0.820371633774923	-5.94286407596853
SZT2	0.170055616658321	4.14065744714973	0.505103664739344	0.62419345394194	0.82053508109871	-6.60953388450274
CFAP74	-0.501390700391064	-2.0428109349184	-0.505081285181139	0.624208628686265	0.82053508109871	-5.86396053977125
ENSG00000260063	0.312607933619435	-1.23944770628019	0.505064966432245	0.62421969393751	0.82053508109871	-5.94847569457958
ASB13	-0.205694033016063	4.90512302902322	-0.505043482753872	0.624234261520545	0.82053508109871	-6.70476754985882
RBP4	0.272215524181522	-0.954378645541625	0.504956558689973	0.624293204436376	0.82053508109871	-5.97993776702182
ENSG00000248795	0.429846269744286	-0.784289202867388	0.504950959062032	0.62429700162029	0.82053508109871	-5.9989211650884
CPOX	-0.106147144575422	4.96663030540418	-0.504851110445614	0.624364712256638	0.820578886972973	-6.71133533382178
ENSG00000289347	-0.276178120114842	-2.33464424162434	-0.504642403776841	0.624506254931558	0.820693514778201	-5.83519900673907
ENSG00000285571	-0.357136091805241	-3.59584391955883	-0.50456330359779	0.624559904016997	0.820693514778201	-5.71735505764289
GARIN1A	-0.534819362946463	-4.02493310912327	-0.504525571598164	0.624585496262266	0.820693514778201	-5.67978301530133
IBA57	-0.222892220908616	3.37799204948111	-0.504519705442975	0.624589475109199	0.820693514778201	-6.4995868711016
UTP23	-0.119103241708143	4.43503780821459	-0.504353948366669	0.624701908653043	0.820796061316938	-6.64930914701575
RIC8B	0.120377527222214	4.57229241800852	0.504257968392965	0.624767016772886	0.82080809179412	-6.66666644423852
C8orf82	-0.185435254063749	3.17759971514017	-0.504239055427107	0.624779846802018	0.82080809179412	-6.4706077212433
LDOC1	0.164076631642287	5.13252784249309	0.504019444358804	0.624928834428217	0.820958635584448	-6.72841828500156
TWF1P1	0.153169295874864	2.56679162702684	0.50391019365789	0.625002958414189	0.820990593297611	-6.3856163851059
HSPA2	-0.194693064004976	4.46399968276454	-0.503793745179961	0.62508197073243	0.820990593297611	-6.65331185459626
KCTD16	-0.29044234550359	-0.406907215083402	-0.503751628497808	0.625110548856787	0.820990593297611	-6.04163160867504
UBE2F	0.166811677901632	3.80389265711606	0.50373562798954	0.625121406114816	0.820990593297611	-6.56242217180222
GTDC1	0.128663495194539	4.83198454324495	0.503730104614181	0.625125154061989	0.820990593297611	-6.69742068896226
ANAPC16	-0.10418726405203	6.03217895974713	-0.503662983600354	0.625170700657694	0.821005233443225	-6.79648493547066
C2orf88	-0.257036404948678	-1.35244890491811	-0.503571608392986	0.625232708177223	0.821015994602144	-5.93697966227092
HOMER2	0.141688651912639	4.74172776167243	0.503516214792013	0.625270299947144	0.821015994602144	-6.6873402095991
GPR156	-0.171388254743371	1.88450383698196	-0.503498836151757	0.625282093848543	0.821015994602144	-6.29885309615431
HTR6	0.252997145520749	2.29249016281817	0.503342253042418	0.625388362944294	0.821110356386372	-6.34996125013745
FAM131B-AS2	-0.184601102571848	3.07453269334367	-0.503224584126894	0.625468227841185	0.821138599724875	-6.45634054239319
CCDC186	0.149378146515969	4.4506449800749	0.503186120140905	0.62549433542916	0.821138599724875	-6.65192990506573
SCAP	0.129093071414791	7.52895902556614	0.503114735320539	0.625542789602781	0.821138599724875	-6.85842556518998
RTF1	0.110377305608446	7.27761115598846	0.503107805920842	0.625547493199718	0.821138599724875	-6.85023885575437
PJA1	-0.108068736856862	6.82331109946465	-0.502966511099066	0.625643406332873	0.821164984373708	-6.83391871351101
SGK2	0.553767250988186	-2.23066068331864	0.502871256007455	0.625708071098702	0.821164984373708	-5.84632556662978
EFNA4	0.192342433403949	4.30901305031174	0.502802182102703	0.625754964608745	0.821164984373708	-6.63367596634323
TDGP1	0.247775381216229	1.78675411080789	0.502779835185213	0.625770136057452	0.821164984373708	-6.28740200389569
UCP2	-0.159028705849911	5.84136906577229	-0.50273864026911	0.625798103997647	0.821164984373708	-6.78540589228718
LINC02973	-0.323885714287948	-3.24442359375902	-0.502735060809597	0.625800534183848	0.821164984373708	-5.75005596018905
GOLGA8A	0.319444673922657	3.97278022832703	0.502723424692854	0.625808434272149	0.821164984373708	-6.58726047172503
ENSG00000270035	-0.51423587256581	-3.35230725375859	-0.502658354454945	0.625852613206993	0.821177807554222	-5.74024269255738
GFOD1	-0.140198938311307	3.21031325496407	-0.502312214546618	0.626087648238415	0.821441036804257	-6.47634792429312
ENSG00000304056	-0.209324939663611	1.22193158630406	-0.502129134150879	0.626211980723989	0.821544932682173	-6.22155799448394
ENSG00000238142	-0.192012888271434	1.62599650346778	-0.502094239739183	0.626235679401968	0.821544932682173	-6.26856228146604
FAM227A	0.352621387345547	1.89864130472536	0.501882505437743	0.626379489130113	0.821688428441706	-6.30142426521565
ZBTB11-AS1	0.198264392425535	1.19138042447944	0.50181237342799	0.626427126331993	0.821705755656261	-6.2182371137656
ENSG00000233928	-0.516708239681885	-2.17797249223781	-0.501748342750328	0.626470620769716	0.821717647060387	-5.8521085463943
LINC01460	0.251800075744405	0.133781544305866	0.501624291554383	0.62655488990413	0.821783016834746	-6.10165010760452
FAM149B1	0.119508286797925	4.99537361599252	0.501514467490991	0.626629499103678	0.82183571024879	-6.71609735849812
TTF2	-0.124567053990655	6.51256154119401	-0.501446798835259	0.626675472134108	0.82185084309164	-6.82184802353943
ACAD8	-0.0987512471252643	5.7433235879694	-0.501284680654701	0.626785619498893	0.821950130801104	-6.77971922291961
HMGN1	0.115000305604205	8.27269347884725	0.5006952296108	0.627186188895216	0.822343856780795	-6.88114282146126
EGR1	-0.60498067700343	2.63267707341954	-0.500681998948768	0.627195181424014	0.822343856780795	-6.39616304510675
DNPH1	-0.186356574494743	4.38948779744569	-0.500661824309302	0.627208893712307	0.822343856780795	-6.64544442082126
AARSD1	-0.347826956940783	-0.487639942034054	-0.50064006986497	0.627223679927833	0.822343856780795	-6.03427422197708
BISPR	0.21789353132041	1.13294660045299	0.500584154989287	0.627261685340158	0.822348511069133	-6.21223328640285
MITF	0.221654719561842	0.294268840294043	0.500448114829924	0.627354156770238	0.822416986608966	-6.11962786539081
OMA1	-0.184542784572793	3.53455432517904	-0.500405929559167	0.627382832999097	0.822416986608966	-6.52474213911876
ENSG00000300692	-0.363099695631269	-3.04902096940589	-0.500331738655464	0.62743326723067	0.822423315820076	-5.76928677743461
ENSG00000255931	-0.371494150571621	-3.02612726854927	-0.500249435696087	0.627489218303396	0.822423315820076	-5.77145741029305
RPAIN	0.0932572107482939	5.40420208477414	0.500246760427138	0.627491037042091	0.822423315820076	-6.75477781194036
PLEKHA1	-0.109737006667623	5.29529451192555	-0.500141472989086	0.627562617089638	0.822442372500581	-6.74549425511193
TRIM32	0.106178061011529	4.66327275786026	0.500062853065392	0.627616069764811	0.822442372500581	-6.67991366279802
GSE1	-0.114942603496797	6.93292705428099	-0.500053726138178	0.627622275191157	0.822442372500581	-6.83964466960662
ABCD3	-0.112769489603502	5.43985744392495	-0.500022634895574	0.627643414451987	0.822442372500581	-6.75782725519227
BAG4	-0.0971289157996393	5.88356727132373	-0.499969535086014	0.627679518381863	0.822444527324729	-6.78955211622892
RPL17P5	-0.39597678992206	-1.74879299312225	-0.499795667158818	0.62779774285673	0.822512623325806	-5.89680765715704
FLACC1	-0.379058369833929	-3.7719508640834	-0.49979174034805	0.627800413086111	0.822512623325806	-5.70410015812817
GOLGA8R	-0.501160228924185	-3.57077057120657	-0.49956404392759	0.627955256142277	0.822620654798478	-5.72205888003366
TENT4A	0.0852664770424312	5.40894727511256	0.499552045127389	0.627963416350131	0.822620654798478	-6.75553788281398
ENSG00000304309	-0.181140462092689	2.49592360602218	-0.499518439945768	0.627986271019745	0.822620654798478	-6.37850532956993
PKD1P1	0.429374788542564	-3.79371977630288	0.499337605550565	0.628109262396481	0.822683498639412	-5.70240850709693
ENSG00000274253	0.246164930984196	-0.366861352314261	0.499302925316657	0.628132850916198	0.822683498639412	-6.04833910516745
ETFA	0.0945478220764482	6.1439508100839	0.499295863348272	0.628137654322119	0.822683498639412	-6.80502589014215
ENSG00000290578	-0.217058269092322	-0.398881272702324	-0.499188768256178	0.628210500429869	0.8227249805479	-6.04486340668278
SEPSECS	0.174076935324782	3.61259382428462	0.499147945498078	0.628238269178593	0.8227249805479	-6.53685990662439
ENSG00000224155	0.273112261884468	-0.685162917860253	0.499093705025655	0.628275165959112	0.822728156805998	-6.01300863973319
ITPRIPL2	0.163704415620412	2.54940286141673	0.499041654827705	0.628310573824057	0.82272938308327	-6.38585788444894
BDH2P1	0.18544960575602	1.9692100751447	0.498641160924698	0.628583048289069	0.822971338716009	-6.31178440564101
EMC6	-0.278415399808583	5.09284776130619	-0.498605909333244	0.628607034365054	0.822971338716009	-6.72748865534193
SMAD5-AS1	-0.39311385765428	-4.3834707009419	-0.498585504123182	0.628620918793453	0.822971338716009	-5.65625562530213
MYD88	0.136192353021489	4.92186751597145	0.498567338784408	0.628633279261389	0.822971338716009	-6.70999881199403
MAN2A2	-0.11550070857178	4.43906350968378	-0.498495490463807	0.628682169085618	0.822990200173675	-6.65293160459667
ITPR3-AS1	0.238120334987634	2.21288791677749	0.498309507464223	0.628808731576106	0.823097376944075	-6.3424282321377
ENSG00000275734	0.231471247895277	-0.554498960343988	0.498237227049566	0.628857922202522	0.823097376944075	-6.02806458354316
SIGMAR1	-0.139879843477262	7.1250759649116	-0.498223150978672	0.628867501930498	0.823097376944075	-6.8475896587635
ABI3	-0.221790442918585	1.17548568184673	-0.498010045289228	0.629012543708677	0.823166654999107	-6.21840236078348
PILRB	-0.375856672634591	-0.286038191676629	-0.49800082539141	0.62901881923204	0.823166654999107	-6.05788433520682
TAF10	-0.137544457648636	2.14163931974386	-0.497993358837087	0.629023901364801	0.823166654999107	-6.33358965047195
VWA5B2	-0.363722871660295	-1.40219792227214	-0.497934532647387	0.62906394229694	0.823173919118432	-5.93448133286451
ENSG00000234132	-0.231746902545382	3.92883219114359	-0.497752110925298	0.629188118383027	0.823291273105686	-6.58357677191308
STARD4	0.21964093721202	6.37327815948863	0.497642977572397	0.629262412203472	0.823343346968931	-6.8174704950723
INTS4	-0.0944239296197518	5.24547709311861	-0.497414976497382	0.629417640586608	0.823501306209876	-6.74251851935767
NIFK	0.144814483553452	6.32066274714359	0.497085149232069	0.629642227978137	0.823749989319421	-6.81525018672132
ZMYM2	0.0775427035979801	7.77733758043271	0.496837872211548	0.629810630794703	0.823904181512912	-6.86933909562956
ENSG00000297995	-0.245893577609202	-1.02663171178852	-0.49681071390959	0.629829127737172	0.823904181512912	-5.97606275480503
ENSG00000295019	-0.380899548966609	-3.69949789779677	-0.496720028994853	0.629890893243925	0.823911426535339	-5.71199210629206
APOA2	-0.364672957276667	-3.98965731025036	-0.49670121468196	0.629903708048365	0.823911426535339	-5.68663806293066
LIFR	0.126356683713038	4.72760001785238	0.496536802186639	0.630015698146052	0.824012750309723	-6.68939932150629
SYT15B	-0.381633798329864	-3.29574026812311	-0.496451189567339	0.630074017336414	0.82403814778364	-5.74845604267873
SEC22A	-0.133233581189109	3.03499035789049	-0.496372491344482	0.630127628793987	0.82403814778364	-6.45429015281216
GSTP1	0.123413006294514	9.34812351392493	0.496319540911575	0.630163701391483	0.82403814778364	-6.90885149311479
TMEM253	0.212099814661552	0.2696870313436	0.496268397535755	0.630198543892221	0.82403814778364	-6.11911227807131
TSPYL1	0.100350736305802	6.49095220284782	0.496186528638225	0.630254320774366	0.82403814778364	-6.8236790034804
RCAN2	0.111405903132821	3.97302493675377	0.496186371594095	0.630254427770104	0.82403814778364	-6.59074367241858
KCNIP3	-0.195241979450392	1.88628356610018	-0.496153534669351	0.630276800091773	0.82403814778364	-6.30290161235827
ZNF611	0.137733103459895	3.38456641544699	0.495956041682869	0.630411363461349	0.824160072035209	-6.50506067294722
ENSG00000288018	-0.340663934562624	0.129099623753927	-0.495915309736813	0.630439118244723	0.824160072035209	-6.10407697531948
XPO5	0.0807420475990366	7.64874902127154	0.495659461386422	0.630613467275081	0.824342842778748	-6.86609314343351
MYLK4	0.267704242025417	-1.63727870811664	0.495552256165751	0.630686529811458	0.824379249677006	-5.91063640159196
BBS2	0.145019640795935	3.76254741552141	0.495517233666059	0.63071039925848	0.824379249677006	-6.56069667052335
SERBP1P1	0.142944531941336	5.72661778203088	0.495434437703848	0.630766830286983	0.824407860383299	-6.78165480079671
ZNF717	0.256010048669202	2.59131285097039	0.495305096280687	0.630854990150542	0.824411459804678	-6.3934039097512
PRANCR	0.147471579139707	2.29137902845623	0.495260901842461	0.63088511472374	0.824411459804678	-6.35404102597163
ENTPD3	0.48776510291483	-0.611253019202886	0.495093209471938	0.630999426511451	0.824411459804678	-6.02331278650246
DNAJB5-DT	0.413239417220966	-3.67131615248215	0.495091677268013	0.631000471024307	0.824411459804678	-5.7152810327932
ENSG00000289319	0.337125708029168	-3.76680023789543	0.49503811747903	0.631036983596284	0.824411459804678	-5.70686790382037
ZFP14	0.109638931299213	3.70282148765139	0.495015980967947	0.631052074716054	0.824411459804678	-6.55224231439426
ENSG00000310203	-0.516591764974068	-3.50030810378641	-0.494898776260418	0.631131979614737	0.824411459804678	-5.73065965903944
ENSG00000301985	-0.317682898521138	-3.76272244855812	-0.49484527815235	0.63116845387072	0.824411459804678	-5.70732043177638
GDAP2	0.133695133389485	4.21255736325922	0.494833776462482	0.63117629569596	0.824411459804678	-6.62488558133603
TM4SF19-AS1	0.536315299640831	-3.02560618089337	0.494779634745263	0.631213210034828	0.824411459804678	-5.77420209823573
ENSG00000268119	-0.131073329402136	4.81130667402636	-0.494745574021595	0.631236433504179	0.824411459804678	-6.69985812407977
PARGP1	-0.37378807184926	-0.681072275912625	-0.494677773891954	0.631282662609127	0.824411459804678	-6.01570852853978
LYNX1	-0.323657227315293	4.25784166409823	-0.494607185113897	0.631330794903319	0.824411459804678	-6.63111288997644
ZNF839	-0.126084996651408	4.02588915296856	-0.494538996706702	0.631377292170096	0.824411459804678	-6.59910128691655
HSPA8	0.236535596394386	10.3658491556754	0.494496612268459	0.631406194712123	0.824411459804678	-6.92951424908211
CBX3P1	0.41678487901247	-0.804127739245224	0.494411597586095	0.631464169372481	0.824411459804678	-6.00206618340226
ENSG00000267317	0.225998974704753	1.54054468355341	0.494355938053668	0.631502127084201	0.824411459804678	-6.26249369180228
POU5F1B	-0.188818572328896	5.96794069227288	-0.494330933682134	0.631519179491487	0.824411459804678	-6.79770829057517
ENSG00000273145	-0.225124663210248	1.14789419128368	-0.494305425354053	0.631536575818435	0.824411459804678	-6.21717470967936
ENSG00000249150	-0.586169260499149	-3.23810812575623	-0.494287373674117	0.631548886956586	0.824411459804678	-5.75479324700217
KDM3B	0.0997927201306172	7.48396736260303	0.494274616788789	0.631557587147391	0.824411459804678	-6.86168057676049
ENSG00000287731	0.447973953158773	-2.54676595951609	0.494262014652451	0.631566181857197	0.824411459804678	-5.81979358413642
PSRC1	-0.105158934560956	6.20311545488923	-0.494168543880595	0.631629931107017	0.824411459804678	-6.81083851287642
HNRNPA1P54	0.592851536649504	-2.55363281608991	0.494105872254478	0.631672676388163	0.824411459804678	-5.81920978858645
MAD2L1	0.101808197607026	7.00196117455999	0.493973023506888	0.631763290778061	0.824411459804678	-6.84542023103878
CCDC62	-0.294473374005362	-1.99712157744934	-0.493943495569714	0.631783432263208	0.824411459804678	-5.8741675860718
LRP12	0.110182504247136	4.50555136479149	0.493931585722371	0.631791556252508	0.824411459804678	-6.66382818144636
TLN2	-0.156050151169129	5.61870758418075	-0.493865256839335	0.631836801693864	0.824411459804678	-6.77485525719287
ENSG00000258377	0.238728643782859	-2.35557222173192	0.493815226008142	0.631870930668693	0.824411459804678	-5.83856246389628
LINC02012	-0.397604383808286	-1.70177456937749	-0.493810986519918	0.631873822714704	0.824411459804678	-5.90472783248486
ENSG00000297805	0.239067936711615	0.125029938776976	0.493809792599719	0.631874637170821	0.824411459804678	-6.10471035063348
ZMYND8	0.0914696836067295	7.70889989163949	0.493803186915906	0.631879143377099	0.824411459804678	-6.86890029778303
PTPN11P3	0.325930843828103	-1.63755122362736	0.493750977618994	0.631914759602645	0.824411459804678	-5.91150826216066
ZNF888	0.113089516866094	3.67141121707466	0.493708102788915	0.631944008762165	0.824411459804678	-6.54835414945929
CEP192	0.100358458746072	5.71561288500128	0.493379758253054	0.632168027031316	0.824625127586073	-6.7819667573306
ENSG00000270179	-0.370329683919564	-2.96204303123057	-0.493316304907248	0.632211323570867	0.824625127586073	-5.78085172430293
CR1	0.221202512211997	-1.23449187941745	0.493316125306629	0.632211446121002	0.824625127586073	-5.95496798951482
ENSG00000272432	0.254235879929953	-2.58279460418231	0.493020749811067	0.632413010774187	0.824811496683356	-5.8169409226224
ARL17A	0.164979703672909	2.15463648441491	0.493005458927291	0.632423446151817	0.824811496683356	-6.33781323128452
FBXL5	-0.0819324657958509	6.02374223104044	-0.492818765992726	0.632550862938696	0.824901889877485	-6.80173315299183
VDAC1	-0.133125592111814	8.15482673965942	-0.49280262458634	0.632561879940408	0.824901889877485	-6.88215748040521
SAP30L-AS1	-0.201102849049827	-0.228541824382193	-0.49271208905965	0.632623674937807	0.824937400958348	-6.06686637098946
PMS1	-0.0858448729934995	6.02520120285183	-0.492483611772586	0.632779635185589	0.825057627212788	-6.80199278098491
ENSG00000305087	-0.446912018632087	-2.0863338359807	-0.492333057517773	0.632882414895106	0.825057627212788	-5.86596402115559
WHAMMP4	0.296628813771714	0.36435425923297	0.492329795411367	0.632884641945844	0.825057627212788	-6.13138996632986
ENSG00000285867	0.455171349976772	-3.44901454537662	0.492326042324023	0.632887204195622	0.825057627212788	-5.73653545792003
ENSG00000268926	-0.267377172127676	-3.89412149447795	-0.492323824564392	0.632888718272582	0.825057627212788	-5.69703129383987
GALNT7	-0.172230275260663	6.9150662961043	-0.492232159950044	0.632951299770668	0.825063341927824	-6.84310017712084
PAPPA2	0.177876904159109	0.877789033346222	0.492216135461513	0.632962240361104	0.825063341927824	-6.1878432054752
DCBLD1	-0.132067342695644	4.2705572178718	-0.492163908122125	0.632997898798579	0.825064761652869	-6.63410602055033
PLCXD3	0.235983007518001	-1.45573277538622	0.492005607861907	0.633105984977056	0.825083465048839	-5.93171418363809
AMT	-0.321267576534247	-2.47633978453449	-0.491957495271569	0.633138837666159	0.825083465048839	-5.82772571506893
HLA-DQA1	0.370368769536778	0.411676207364046	0.491949204063324	0.633144499230788	0.825083465048839	-6.13672760742525
CREBL2	-0.0911658974394189	5.3033801207588	-0.491896818782797	0.633180270542938	0.825083465048839	-6.75053660398771
CENPU	-0.105799163497048	6.48049327636369	-0.49188974859831	0.633185098497278	0.825083465048839	-6.82546075977786
IL32	-0.255296542830893	-0.873850374243849	-0.491819512223712	0.633233061167025	0.82510091559062	-5.99558575562853
KIF1C-AS1	0.442639075567778	-3.60125575970104	0.491688978555142	0.633322204075615	0.82515482553243	-5.72316674529928
ENSG00000236833	0.261968090384143	-3.5717946801138	0.491657677177255	0.633343581050345	0.82515482553243	-5.72581631044679
USP8P2	0.383678240299648	-3.71821823415993	0.491599269517047	0.63338347094306	0.825161752237883	-5.71281652069283
ENSG00000295994	-0.335411401190178	-3.44637178965639	-0.491535904985151	0.633426747552795	0.825173090106574	-5.737157026732
ENSG00000299980	-0.419869969847562	-3.75830011432945	-0.491362400592408	0.63354525471188	0.825282425183301	-5.70939208230575
PNPT1	0.102637872340152	6.07887217623133	0.491139052252419	0.633697822289947	0.825436114424175	-6.80573638272889
VPS35L	-0.0912895939765193	6.51074664783889	-0.491072204128834	0.633743489232939	0.825442486225285	-6.82723774022308
RPL35A	0.129286261079777	8.536948965054	0.491030640240206	0.633771884194844	0.825442486225285	-6.89300897411986
PCNP	0.128526961034652	7.72030963114259	0.490922695519684	0.633845631069647	0.825493488854047	-6.87075222018058
PET117	0.312293893529225	-0.694789858550902	0.490771282204493	0.633949082365543	0.825583169575948	-6.01614474438437
RAB27A	-0.130994630654978	2.62163891526111	-0.49055111353537	0.634099524627207	0.825634895203972	-6.39994244942482
PRDM1	0.29385130572061	-0.751994511811861	0.490478676683698	0.634149024870786	0.825634895203972	-6.00990981360659
ENSG00000300083	0.262787182921155	-1.22903621517273	0.490475170404329	0.634151420959876	0.825634895203972	-5.95698070576485
ENSG00000272129	0.19477112541641	0.664131692360056	0.490421507161432	0.634188093406876	0.825634895203972	-6.16512069996095
ZNF367	-0.108861942829809	3.43978864160422	-0.490388459125659	0.634210678325615	0.825634895203972	-6.51607624174678
SCHIP1	-0.298781086605141	0.479110943866641	-0.490375077027621	0.634219823718985	0.825634895203972	-6.1448693248836
UQCRFS1P1	-0.472930552020351	2.38353758705612	-0.490358791288416	0.634230953562225	0.825634895203972	-6.36849407172382
GALNT16	-0.172452056781605	3.70750860867835	-0.490140320850108	0.634380267744175	0.825784229629137	-6.55545980167144
SAR1B	0.113664745089815	4.37685383570738	0.489919475817937	0.634531222279384	0.825935682926596	-6.6494331472631
ENSG00000296522	0.420966074084175	-3.40093559909234	0.489839097923791	0.634586167450473	0.825962156216416	-5.74209359376014
MRPS7	-0.110104562659068	6.39251102770613	-0.489619516323563	0.634736282098417	0.826072326747013	-6.82258744068842
DPPA2	-0.427692049612166	2.91558738930753	-0.489546057692557	0.634786505182585	0.826072326747013	-6.44094099583336
GJB7	-0.217356611040073	0.889384897688705	-0.489522495352708	0.634802614978087	0.826072326747013	-6.19050862754489
ENSG00000288551	0.39455333362312	-3.63097885774694	0.489512780260085	0.634809257337201	0.826072326747013	-5.72156346819131
ENSG00000289000	-0.426580858266209	-4.24263955529023	-0.489443435885069	0.634856670143185	0.826088984097012	-5.66932540643835
NRBP2	0.111295952432668	3.7837680166469	0.489230771993931	0.635002085516769	0.826160779464969	-6.56707205282273
RPL7AP16	-0.402395011091691	-2.64700570370269	-0.489181672239444	0.635035661266622	0.826160779464969	-5.81266635660363
PRCD	-0.306885168606334	-1.28217024238396	-0.489175869882114	0.635039629133808	0.826160779464969	-5.95185013440071
SMIM24	0.426759568450301	3.45333894466063	0.48912802587662	0.63507234710007	0.826160779464969	-6.5187271183101
ENSG00000289446	0.409354616060394	-3.41973697503426	0.489086854836039	0.635100502438649	0.826160779464969	-5.74075134063936
TMEM181	0.0866253029630935	5.56057481975852	0.489059021933706	0.635119536666663	0.826160779464969	-6.77302551154893
ENSG00000306503	-0.584242024027528	-2.80660705942016	-0.488992629306368	0.635164942051489	0.82617481453719	-5.79758248785212
ENSG00000230805	0.297260673478601	-0.0343350582633322	0.488762667097497	0.635322223583121	0.826301197649987	-6.08998183866183
GBE1	0.264575470282157	4.60270504427365	0.488749327371742	0.635331347805543	0.826301197649987	-6.67851252280809
PIGG	-0.151336502802118	4.60969716440522	-0.488607578111102	0.635428306647577	0.826363142682795	-6.67943625345035
NQO1-DT	0.215570418403995	-0.811371931327419	0.488540710345239	0.635474047807815	0.826363142682795	-6.0041992765495
ZFAND2B	-0.11854612963533	3.49633404691118	-0.488527846611397	0.635482847479785	0.826363142682795	-6.52535630148792
POC1B-AS1	0.26211260741907	-0.793869974943762	0.488438415624815	0.635544026018551	0.826369378596218	-6.00621768433596
FAM177A1	0.144316324599305	4.84314577787906	0.488419610330516	0.635556890833041	0.826369378596218	-6.70671778817645
RPS16	-0.102678234958043	9.41797494850416	-0.488256562642329	0.635668438047042	0.826469391015348	-6.91454899543574
TTLL7	0.128642327112896	3.59461122013952	0.488092696789377	0.635780554597838	0.826570132726146	-6.53996863877978
HPN-AS1	0.273369624819316	-2.29679072085853	0.488016410397361	0.635832752812433	0.826592968646132	-5.8471745773971
PRDM16	-0.213758842974071	1.09655793540628	-0.487925143256647	0.635895204196309	0.826629130640159	-6.21460875265763
PPP6R3	0.120328516802827	7.51666623748092	0.487742489793409	0.636020197476857	0.826677269867046	-6.86613281969992
ENSG00000287037	-0.222927888070118	-0.690390052076288	-0.487731306434214	0.636027850852973	0.826677269867046	-6.01815739887014
ZKSCAN1	-0.142359985939449	5.76516278918565	-0.487719184761226	0.636036146418426	0.826677269867046	-6.78831879587416
ENSG00000280047	-0.30923615351554	-3.33032882286089	-0.487262736577211	0.636348558729063	0.827038284207501	-5.74975780605652
MAPK8IP1P2	-0.205006413314083	-0.932933545233752	-0.487120174426889	0.63644614953507	0.827120079006453	-5.99135362214921
ENSG00000305313	0.36452105235852	-2.84332834510544	0.486933092314329	0.636574227477586	0.827225817396608	-5.79511316134944
SEC14L1P1	-0.249612400664686	-1.44965435008692	-0.486871090583899	0.636616677130846	0.827225817396608	-5.9349150025483
SENP8	-0.128707153009931	3.32130716973149	-0.486849452884194	0.636631491764398	0.827225817396608	-6.50054048214928
CHRNB4	-0.302090992882308	3.62833350239493	-0.486774441198417	0.636682851137286	0.827247515275388	-6.5456160669453
SSR1	0.148202859285763	7.16838955532354	0.486672609657946	0.636752576881077	0.827293073076791	-6.85515776852198
UBA3	0.128571757332286	6.5492975087664	0.4865123797533	0.636862296459397	0.827390584595091	-6.83128843496255
BHLHE23	-0.399844116016433	-2.60676217174134	-0.486414324515466	0.636929445626672	0.827432782428249	-5.81786895148137
MSI1	-0.118870319559909	5.81411250146285	-0.486304381526734	0.637004739726424	0.827473696939726	-6.79228395837114
PLCXD1	0.151951324084613	7.27273282129863	0.48625669059232	0.637037402051696	0.827473696939726	-6.85893540973304
MRPS27	-0.11448012517284	7.08283592687124	-0.486175554216942	0.63709297218844	0.827473696939726	-6.8523975495359
PRSS23	-0.167766810489963	3.58340679097821	-0.486114064338134	0.637135088046815	0.827473696939726	-6.5393378632334
ENSG00000294598	-0.481414877732754	-4.06653261076566	-0.486093517069074	0.637149161653819	0.827473696939726	-5.68510878890158
PLCB4	-0.168860781919677	4.12121842871008	-0.486049702873843	0.637179172168251	0.827473696939726	-6.61680423793208
LINC01182	-0.24861500476832	-2.19128995044469	-0.486013993745792	0.637203631627571	0.827473696939726	-5.85858461365555
IL12RB2	0.207086263085735	1.90613695628889	0.485915903160665	0.637270822469533	0.827515926000019	-6.31057623813615
ENSG00000269194	-0.485813569866701	-3.40570247821235	-0.485768702593613	0.637371659491697	0.827538796041095	-5.7436183609077
IFT81	0.145940832215365	5.02582351421212	0.485743302677192	0.637389060016788	0.827538796041095	-6.72749064616912
MRPS5	0.159010467123135	2.14464858566001	0.485714938433629	0.637408491562901	0.827538796041095	-6.34028798601181
CCDC178	0.274105576085554	-2.65287253495652	0.485687737502157	0.637427126426426	0.827538796041095	-5.81380365585176
COL15A1	0.555492026284657	-2.32983719564577	0.485532576545798	0.63753342942715	0.827631784614512	-5.84514181292624
FDXACB1	0.217610006515542	0.895024200295186	0.485253216373765	0.637724844759211	0.827835248007619	-6.19329773332673
EBNA1BP2	-0.179076202154615	6.31340664359408	-0.485078961254013	0.637844257061868	0.827926345246511	-6.82115666743187
ZC3H6	0.209732676319828	4.13926387553753	0.485049568673902	0.637864400066738	0.827926345246511	-6.61983571030054
LINC02427	0.242488222455375	-1.0021238370557	0.484838387451302	0.638009133556982	0.828037055773756	-5.98476458645864
ENSG00000232347	0.2529901417273	0.584147625442094	0.484823870926046	0.638019083071998	0.828037055773756	-6.15916661936633
RPS10	0.241189302454272	0.762036765882427	0.484752331570078	0.638068116695244	0.828055665334425	-6.17877756581048
ATP2A1	0.196592109861781	1.67367860277613	0.48436676723457	0.638332416863453	0.828296184977169	-6.28334060194424
APEX2	-0.128221387627887	5.23902571808857	-0.48434347614012	0.638348384353007	0.828296184977169	-6.74873805916569
ENSG00000232194	-0.523393018798455	-3.63983599470673	-0.484330083468337	0.638357565947545	0.828296184977169	-5.72325292752674
URAHP	-0.304904014828903	1.10390620628503	-0.484201172015455	0.638445946853295	0.82836175952892	-6.21732257847697
RNF216P1	-0.103786160859963	3.94935667414698	-0.484155124390516	0.638477518259271	0.82836175952892	-6.59357558808173
ENSG00000269792	0.300095422368528	-1.39698755558674	0.483828305399753	0.638701615255255	0.828607460526018	-5.94206442252142
ZNF844	0.188746887092593	2.32237566461251	0.483774350226004	0.638738615516212	0.828610421596121	-6.36393104096844
SEPTIN14P12	-0.449966581645652	-3.39127608389553	-0.483500205293793	0.638926628957966	0.828809275142115	-5.74601255010951
FHP1	0.309476467981488	-1.82497324077278	0.483330434926139	0.639043073889856	0.828915274159195	-5.89705154388484
LIPE	-0.203794711866143	3.38720963610843	-0.483245272889442	0.639101490110963	0.828945995569717	-6.51200806150429
BRK1	0.0997408237217572	7.2160892138314	0.483189510711238	0.639139741131097	0.828950559807406	-6.85859734845446
ENSG00000287414	-0.452372959671036	-3.73337062907771	-0.483107616730216	0.63919591971363	0.828978373950182	-5.71553474824722
CASTOR2	-0.134371324072144	4.58000006453397	-0.48287352523854	0.639356517663719	0.829141600036947	-6.6787790896817
COQ6	0.111063792213833	3.14739390969161	0.482501593895774	0.639611720410197	0.829427488781862	-6.47755735249891
ENSG00000270460	-0.158674553055987	1.53496533454224	-0.482425133269204	0.639664190384756	0.829450463539768	-6.26791362687638
CEP78	0.102637330342182	5.72813135538404	0.482212017680354	0.639810448771013	0.829595044321061	-6.78862495477094
NASP	0.106695215388145	9.57691060054681	0.482141594270283	0.639858782965019	0.829612645210023	-6.92098937911748
PARD3-DT	0.465742261923979	-2.92581978527363	0.482054240843855	0.639918739303894	0.829645312128091	-5.78970008169454
YWHAH	-0.114423146818241	7.8087579747493	-0.482003180137995	0.639953786842878	0.829645683355729	-6.87798938693469
HSFX1	-0.395294637472677	-2.81494291558428	-0.481943063478078	0.639995051481589	0.829654114046552	-5.80020006808834
SNORD83A	0.27559395072148	-2.12521286251736	0.481811326024945	0.640085481791221	0.829726276010812	-5.86720829021265
IDH3B	0.0872077375152056	6.51701736716205	0.481580227997282	0.640244132398862	0.829886857544324	-6.83241921210468
CCDC121	0.154783048672769	1.64359374613837	0.481503862995477	0.640296561738122	0.82990974470532	-6.28120885923912
G6PC3	-0.140196340752913	7.11893439091926	-0.481199756843664	0.640505370116619	0.830059580668503	-6.85623693530343
MTMR4	0.13034100853069	5.3275827762644	0.481155245432612	0.640535935735089	0.830059580668503	-6.75819636200846
GFM2	0.121513808713603	5.86542076603356	0.480989975468689	0.640649431403083	0.830059580668503	-6.79830212247263
ADAMTS19-AS1	0.188451846875612	1.68168218845498	0.480988331039321	0.640650560728998	0.830059580668503	-6.28599559681583
CES3	0.206268115215735	1.97903917827921	0.480951792495311	0.64067565413356	0.830059580668503	-6.32205429740445
MOCS3	-0.126446916427592	3.99998782260395	-0.480935775981613	0.640686653868816	0.830059580668503	-6.60247046764892
TGFBI	-0.180357454047445	4.3899433629729	-0.480920480793452	0.640697158300901	0.830059580668503	-6.65575993766402
ACTN1-DT	-0.34727274818121	-2.56843505887494	-0.480888287346286	0.640719268393388	0.830059580668503	-5.82422093330321
AIFM2	0.18806766281944	2.97314058957277	0.480879693031548	0.640725170932913	0.830059580668503	-6.45348114619611
H2BC26	-0.163839478697934	0.11975690566106	-0.480758602000919	0.640808338531506	0.830122265291547	-6.1106982027052
ENSG00000291154	-0.190857100068726	0.54255636657885	-0.480643360312359	0.640887493519146	0.830179745336307	-6.15669899799796
HIKESHIP2	0.216453632705548	-1.14002836132624	0.480362266986566	0.64108058522055	0.830355500177017	-5.97172557143785
AGGF1	0.094728741955973	4.30357550521133	0.480344551081561	0.641092755761591	0.830355500177017	-6.64462817421397
NHLRC3	-0.12635583534182	4.0880898324034	-0.480278826736837	0.641137908297893	0.830368919977525	-6.61513244354047
ENSG00000283236	0.222616485919004	-0.851503861839472	0.480171004668874	0.641211985227516	0.83041333832725	-6.00385731253062
LCP1	-0.365992432981	1.59920309191997	-0.480127622837741	0.64124179098216	0.83041333832725	-6.27664067470897
ZNF442	0.158969140108195	1.73646112287725	0.480063592466369	0.641285784661587	0.830425252157675	-6.29300094839357
ENSG00000267698	-0.189085829799786	0.545010221632452	-0.479963389279806	0.641354634698578	0.830469350387964	-6.15730580473449
PAPLN	0.483265569562736	3.19637008062771	0.47982894236842	0.641447019329959	0.83054391636457	-6.48595967171722
RHBDL3	-0.223992246907204	4.91996305245496	-0.479768673463336	0.641488434932572	0.830552483266556	-6.71954920775419
CBLN1	0.151836801632274	2.74966714788573	0.479623053082279	0.641588507691718	0.830636990131719	-6.42293394641619
TRPC3	0.261060493538936	0.0846363408777802	0.479487564447348	0.641681624484976	0.830712482728515	-6.10752117993089
ENSG00000290065	-0.356841986147508	-3.98965731025036	-0.479334203323381	0.641787032277065	0.830779959833377	-5.69491037828498
ZDHHC20P4	0.168555671981976	1.93723505402588	0.479310442207673	0.641803364453337	0.830779959833377	-6.31772806927775
ENSG00000297965	-0.465666599311658	-3.36914715586652	-0.479072901627505	0.641966648681796	0.830913577208609	-5.75012781944547
EPCIP-AS1	0.293707031359538	-1.64170567367111	0.479058983301745	0.641976216689435	0.830913577208609	-5.91829905590523
ENSG00000239920	-0.321501816018364	-3.04595785797219	-0.478987688830823	0.642025228402704	0.830931951970465	-5.77993131623581
ENSG00000294836	-0.325098320338022	-2.91318505368001	-0.478804954362215	0.642150858262588	0.831049481301008	-5.79243857929147
LMNTD2-AS1	-0.322135474590174	1.67189043837834	-0.478718523899667	0.642210283275974	0.831081322504347	-6.28596792521222
SAE1P1	0.741122399363897	-3.11747908415272	0.478561158287276	0.642318486324708	0.831141156335715	-5.77348813216903
ENSG00000291228	-0.161783180310797	1.20459484386106	-0.478527376072111	0.642341715784774	0.831141156335715	-6.23161217925965
SLC12A7	0.213819628624166	5.97478842054254	0.478465989880352	0.642383927432151	0.831141156335715	-6.80631429314288
ENSG00000275857	0.408287128499379	-3.37762533414158	0.478448703107427	0.642395814762012	0.831141156335715	-5.74965133238271
HCCS-DT	-0.180566063597249	0.112319167855083	-0.478127026983842	0.642617036102564	0.831382307060922	-6.11119336005682
CA13	0.2199636893747	1.57469000413639	0.477959957785732	0.642731946433162	0.831430940424377	-6.27482686917266
GDAP1	0.0987797725292916	5.40065720398086	0.477922670906061	0.642757593724435	0.831430940424377	-6.76607517173836
CENPB	-0.155840318201872	5.48455122423569	-0.477920429761781	0.642759135281778	0.831430940424377	-6.77283724102928
MYOZ3	0.129938813097291	4.12907799657494	0.477730257399781	0.642889950632	0.831555086263492	-6.622143920676
SPRY4-AS1	-0.184088923152206	2.4138062527181	-0.477547296502496	0.643015817421566	0.831672818208449	-6.37893991058355
UBE2W	0.107013782382213	4.60999090749945	0.477381511640806	0.64312987826532	0.831768011011882	-6.68522028605079
ENSG00000257681	-0.198817939320092	-0.570537266428258	-0.477294052567407	0.643190054467127	0.831768011011882	-6.03674023352584
ENSG00000297157	-0.413664505315673	-3.78950112628076	-0.477288366242548	0.643193967035459	0.831768011011882	-5.71332414389116
FOXP3	-0.268144010520533	-0.296874467455121	-0.477236782008751	0.643229460927685	0.831768843471911	-6.06709500344784
ENSG00000262410	0.405824995963188	-2.99797483245428	0.477137484102228	0.643297788112133	0.831812130722304	-5.78528546440845
CD24P4	-0.213750518280364	5.85585942855534	-0.477051471515925	0.643356976438231	0.831817999137804	-6.7997028928878
TMEM185B	0.127988170214316	4.58395428711816	0.477029594790596	0.643372031008668	0.831817999137804	-6.6822334142032
TPM3P9	0.192413431724158	3.47286549570462	0.476940782332248	0.643433149448291	0.83185195698404	-6.5278184755487
KBTBD11-OT1	-0.360068377426429	-2.60721897808719	-0.476881531089169	0.643473926169374	0.831859614120054	-5.82241024120626
CLCA4-AS1	-0.231788236891676	-1.57741397167809	-0.476696806410147	0.643601061683802	0.831978905877013	-5.92625198551233
SELPLG	0.246866938106776	-1.85273567134379	0.476531478404463	0.643714857764706	0.832058199524925	-5.89747633890767
C11orf24	0.106212554193897	5.50171408861044	0.476449567287937	0.643771241156934	0.832058199524925	-6.77493573990268
ZNF7	0.0963743848302245	4.62571699499606	0.47641560617014	0.643794618933656	0.832058199524925	-6.68762313004136
MCFD2	-0.101962961923919	7.25633668781507	-0.476405100635978	0.643801850698738	0.832058199524925	-6.86342850388262
NRTN	-0.232341666738553	1.60981437523934	-0.476124154882639	0.643995261630648	0.832263098837918	-6.2798948672513
ENSG00000235008	0.146588742537059	3.7512970454796	0.475911767761258	0.64414149332273	0.832307182515486	-6.56911138204449
EEF1E1	0.208124191569521	4.6497818857446	0.475900109509447	0.64414952066218	0.832307182515486	-6.69078505263257
LINC02999	0.28633377057927	-2.34104416820316	0.475895693524578	0.644152561320055	0.832307182515486	-5.84868923626574
PCBP2P2	0.0887184565365882	6.63151096992689	0.475686624155126	0.644296525378513	0.832307182515486	-6.8403514262097
ERI2	0.0970169005178834	4.27210485362643	0.475651303739797	0.644320848347678	0.832307182515486	-6.64277618323259
FAM98A	0.220821610002995	6.62358447333493	0.475635595277131	0.644331665928098	0.832307182515486	-6.84004357467124
MOB3A	0.149553617301222	3.83167376203872	0.475624284906262	0.644339454831024	0.832307182515486	-6.58101026465058
ITGA4	-0.216175470492788	2.62755407696394	-0.475609023101351	0.644349964965935	0.832307182515486	-6.40832090642266
FHL1P1	0.257748643850167	-1.83504810532353	0.475601331304554	0.644355261999704	0.832307182515486	-5.89975133815197
SGK1	0.32043434163487	4.4672303020875	0.475568168348029	0.6443781002439	0.832307182515486	-6.66836110022473
NIPAL4	-0.222930053694503	-1.39365332397475	-0.475400872912179	0.644493317040213	0.832381127359025	-5.94652760102447
ENSG00000298609	0.408295475536198	-3.40107645977714	0.475334126452662	0.644539288245241	0.832381127359025	-5.74898513317614
ENSG00000290474	-0.269100198010114	-0.139229645512611	-0.475333127447748	0.644539976315504	0.832381127359025	-6.0852515536567
MAPKAPK5	0.083007567472591	6.20876182245133	0.474925413012405	0.644820821221963	0.832669683104216	-6.82104714149092
RHOG	-0.135308498999417	4.40718143593414	-0.474730868863619	0.6449548491668	0.832669683104216	-6.66110162302231
CYTH2	0.143146558230828	5.57367856633856	0.474721941135238	0.644961000095406	0.832669683104216	-6.78136320571819
ZNF540	-0.352639156401636	-2.9697120475609	-0.474679732092902	0.644990081198647	0.832669683104216	-5.7890911510394
TLCD1	-0.149691227866423	4.318537435999	-0.474569529746079	0.645066011145559	0.832669683104216	-6.6495602305729
ENSG00000290549	-0.263087842662551	-1.03008117565753	-0.474466034282244	0.645137323901896	0.832669683104216	-5.98674191808389
RCN1P2	0.0833208217551311	5.77240520605438	0.474406888371301	0.645178079627754	0.832669683104216	-6.79561410843376
ENSG00000294331	0.459873018843796	-3.53174721373766	0.474373585941209	0.645201027903653	0.832669683104216	-5.73762341662355
ABRACL	-0.113673492412634	5.95419531315895	-0.474331454072196	0.64523006099023	0.832669683104216	-6.80717472275408
GALNT9-AS1	-0.387806559320242	1.62569349370326	-0.47431043271485	0.64524454704844	0.832669683104216	-6.28267607900554
HTRA2	0.106112725149163	4.6602693065213	0.474280318394813	0.645265299441756	0.832669683104216	-6.69286462814532
FAM118B	-0.112093489704083	5.46688011210506	-0.474251211270512	0.645285358058495	0.832669683104216	-6.77330244459106
SPI1	-0.439367986631801	-2.22180289568529	-0.474222482842207	0.645305155995797	0.832669683104216	-5.86124558352755
ENSG00000299597	-0.436673867091222	-3.87560484232134	-0.474205495284666	0.645316862954201	0.832669683104216	-5.70721164594685
PTPRT	0.334497697860846	2.21109270803629	0.474183738657186	0.645331856660368	0.832669683104216	-6.35448725001197
CCT5	-0.0911779822616001	9.28186782060725	-0.474084168705539	0.645400477990943	0.832669683104216	-6.91892492192386
SEH1L	-0.111067216781543	5.91205523121615	-0.474064922646382	0.645413742335498	0.832669683104216	-6.80474338166738
ENSG00000254777	0.30165382346784	-2.39918778596336	0.47403887894638	0.645431691807185	0.832669683104216	-5.84389150600739
CNNM3	-0.0967769022273952	5.41605281957888	-0.474023771586975	0.645442103997504	0.832669683104216	-6.76931914481983
TTI2	-0.122953632267135	4.6203442713158	-0.4739779215262	0.645473704951384	0.832669683104216	-6.68819792745573
LAT2	-0.309131516252293	-2.44833930228691	-0.473945486288513	0.645496060535225	0.832669683104216	-5.83914868647816
ZNF224	0.136761260971122	3.29234813094713	0.473840232461455	0.645568607967969	0.832718260086014	-6.50291416816554
HIC2	-0.126813262410987	5.86513174231091	-0.473786747136071	0.645605474844176	0.832720809992756	-6.80194081682368
SYT15	0.256493333849566	-2.90395663815473	0.473599067656425	0.645734848288175	0.83272873139498	-5.79577208998739
NUFIP1P1	0.254893194457896	1.39144889060347	0.47358506288772	0.645744502716726	0.83272873139498	-6.25557252282589
HENMT1	0.141716686379723	2.88757943320771	0.473542081150629	0.645774133347093	0.83272873139498	-6.4451197244037
RPLP2	0.104267828719737	8.73336413463346	0.473541545346771	0.645774502722155	0.83272873139498	-6.90678019245309
CDK5	0.15075597541132	4.06450454392132	0.473524768922546	0.645786068185767	0.83272873139498	-6.61525027174028
PDZD4	-0.262042901910063	6.81132437947822	-0.4734117871539	0.645863959018674	0.832784176655791	-6.84879001874119
PRPS1	-0.0996808623728906	8.34195625563009	-0.473060052802189	0.646106477073488	0.833019532698908	-6.8972739235833
RORA-AS1	0.233951138500816	-1.24108935378518	0.472993900686061	0.646152093278948	0.833019532698908	-5.9642379294796
NME6	0.122838574755585	3.86892524637475	0.472966634753988	0.646170895366521	0.833019532698908	-6.58770552609276
PTAR1	0.1769844946364	6.19193660441981	0.472944587196586	0.646186099148933	0.833019532698908	-6.82116398404008
SLF1	-0.105751588037943	4.71463822501845	-0.472826680776134	0.646267409167139	0.83307935482539	-6.70007417265817
LARP4B-DT	-0.349080834891919	-4.14593366535202	-0.472682268885567	0.646367004386137	0.833139003968434	-5.68459045368589
ENSG00000291044	-0.344208550552548	-3.81665876268815	-0.472658354987226	0.646383497569174	0.833139003968434	-5.71309292436817
ENSG00000226699	-0.345545162093498	-2.502398580315	-0.472585770578441	0.646433559556247	0.833158535799166	-5.83454887377174
TTC12	-0.150403702215204	2.56776182942984	-0.472092912648396	0.64677353598775	0.83351062629644	-6.40204041673632
BAHD1	0.153378852712033	5.94457386140725	0.472088490384111	0.6467765868777	0.83351062629644	-6.80772289096058
NPM1	-0.114682295703483	10.4648140476404	-0.472002992400496	0.646835572698124	0.833541634554621	-6.94282008863394
TTC29	0.343214139749859	-4.46535576696037	0.471837940909612	0.646949450425664	0.833643371844796	-5.66433320549848
RPL22P8	-0.406683931726052	-2.87158555203762	-0.47172613132894	0.647026599165647	0.833697772622496	-5.7997020412482
ANKRD10-IT1	-0.313919706713862	1.54552795743647	-0.471478683928982	0.647197353701376	0.833866420887213	-6.27460303033486
CUL5	0.0866357034467402	5.37187741208126	0.471435200994091	0.647227361919622	0.833866420887213	-6.76691144267857
ENSG00000248973	-0.227646082181967	-1.56065156763719	-0.471308826186058	0.647314578800554	0.833899713834415	-5.93062134439475
YWHAQ	0.132343757510998	9.63059706449862	0.471276284196713	0.647337038379848	0.833899713834415	-6.9275971774203
ENSG00000294641	0.337635609289096	-3.46945463914217	0.471245882027416	0.647358021449031	0.833899713834415	-5.74469674653479
WDR70	-0.082710780682449	5.40363858324094	-0.471092747046112	0.647463717564742	0.833980098563243	-6.76976627707257
HECTD4	0.195105788794864	4.92726608149616	0.471054221324014	0.647490309899731	0.833980098563243	-6.72471292505661
HYAL3	0.225997292271509	1.05350065004972	0.47092645430838	0.64757850464531	0.834048684386683	-6.21821549288878
ERICH6	-0.318337176259384	-3.0298337793211	-0.470700052652804	0.647734798705038	0.83419963402473	-5.78534159820069
RB1CC1	0.0889368215427604	6.53003036102937	0.470655423424131	0.647765610147079	0.83419963402473	-6.8385224285491
CLUAP1	0.122209218239834	3.68484001229604	0.470382073715618	0.64795434242132	0.834397663244288	-6.56218838926319
ENSG00000253092	-0.489475962566869	-3.56237326291693	-0.470295445055574	0.648014159977951	0.834403596910231	-5.73676916600559
ENSG00000304876	-0.524605417278875	-4.11182794064491	-0.47027414042362	0.648028871342357	0.834403596910231	-5.68860872091051
ENSG00000289244	0.2620102198751	-2.72484796498656	0.469884814684662	0.648297738083038	0.834704758851371	-5.81447080437278
METAP1	0.10076008940795	7.00452507299727	0.469685794457094	0.648435201046185	0.834831090986911	-6.85796579667257
ENSG00000229587	-0.474857369793181	-3.81355036572579	-0.469641474651319	0.648465814547549	0.834831090986911	-5.71475988755704
SAC3D1	0.128455778019769	3.06422763489326	0.46945073304416	0.648597575386455	0.834955681324085	-6.47215430259158
GTF3C2	-0.121291208302919	7.49464752285575	-0.469347803577708	0.64866868246044	0.834960398085107	-6.87480613470868
TRIM25	-0.145706373045492	5.32992205421409	-0.469344149102758	0.648671207160265	0.834960398085107	-6.76436607557028
PRKAR2A	0.101416978945498	6.38896016102662	0.469271952042307	0.648721085568262	0.834979569069606	-6.83279997347037
ENSG00000289499	-0.41198564076589	-4.25576748325893	-0.468813292674924	0.649037999589619	0.835342425377774	-5.67801573934284
POLB	-0.0929506160930478	4.96318775960066	-0.46866914949756	0.649137611493457	0.835398838584526	-6.7296574973591
ENSG00000286942	0.257599756444834	-2.80545908549331	0.468648567383197	0.649151835605172	0.835398838584526	-5.80739287090032
UBA7	0.405980786396139	-2.13719939214819	0.468505907061013	0.649250430906864	0.835480672586085	-5.87236847871632
ENSG00000293268	0.227028814403707	2.26759397768058	0.468249518766206	0.649427643606298	0.835662513899509	-6.36462453778376
DNM3	0.156780050353911	0.52190164529309	0.468164881012386	0.64948614928847	0.835662513899509	-6.16057094265141
EFCAB6	0.154569103480878	0.357251956972814	0.468049620825519	0.649565826674572	0.835662513899509	-6.1426758345269
NPM1P21	0.382941562978625	-0.131052798693399	0.468048420360789	0.649566656559518	0.835662513899509	-6.08968212622887
SEMA3E	-0.185232989278108	1.50636414655982	-0.468048204245567	0.649566805960686	0.835662513899509	-6.27169440223056
ANKRD42	0.164252292550649	2.87357526706263	0.467929196121651	0.649649079137546	0.835723310072539	-6.44594004515829
THUMPD2	-0.101417505784542	4.24862955977234	-0.467854415647767	0.649700779196122	0.835741464728159	-6.64350358760504
GLT8D1	0.0894015089082689	5.44116124919647	0.467761623550684	0.64976493443246	0.835741464728159	-6.77451419545581
GUSB	-0.0930482889726214	5.67899284316226	-0.467756840453829	0.649768241483878	0.835741464728159	-6.79249747822923
ENO3	-0.15170304698167	3.7744574329689	-0.467621738199765	0.649861654982293	0.835766035642941	-6.57663810574781
RABAC1	-0.204200205873951	2.55199011273493	-0.467606364940231	0.649872284888321	0.835766035642941	-6.4021527948531
NDUFS2	0.121668566505708	7.29452329708659	0.467577277594078	0.649892397682882	0.835766035642941	-6.86915312498063
EFCAB10	-0.196718218402104	0.759181771844569	-0.467353358712462	0.650047238923222	0.835886197053471	-6.18705844784946
MON1B	-0.0848819593263759	5.62884551741717	-0.46733714551476	0.650058451122306	0.835886197053471	-6.78913422635912
MGAT2	-0.109541603288556	5.16123445939008	-0.467290219335165	0.650090903327043	0.835886197053471	-6.75009411828663
HARS1	0.113007349955823	6.03565507615143	0.467121406869463	0.650207653370196	0.835991276355463	-6.81553530882024
HLA-E	-0.110498320171817	6.06505236969137	-0.467004816908762	0.650288292310132	0.836049917720638	-6.8172522369633
ENSG00000247121	0.286181249980514	-1.1442345700167	0.466828677691068	0.650410127185603	0.836148329709871	-5.97779389565047
SIRT3	-0.11484407778072	4.609678666389	-0.466764100143609	0.650454797945321	0.836148329709871	-6.69050136892621
ZNF420	-0.107825507032153	3.31932184327576	-0.466742211983608	0.650469939151263	0.836148329709871	-6.51036661202985
BRCC3P1	-0.211139291532364	0.211878719373203	-0.466678546919635	0.650513980611673	0.836159908189294	-6.12756912804617
ZNF570	0.123436550956252	2.98676251311445	0.466581511626313	0.650581109237862	0.836186023105561	-6.46253928542454
SARS1	0.159847176698933	7.82358552952125	0.46654789200806	0.650604367916801	0.836186023105561	-6.88623416655725
SEC23IP	0.11194323828427	6.48794321129084	0.46639858357272	0.650707667014844	0.836201612848623	-6.83879245876904
USP7	0.108413816189755	8.26099746087258	0.466389114701991	0.650714218317442	0.836201612848623	-6.89849533385419
NLGN2	-0.155031783439735	6.74437002277882	-0.466378437936584	0.650721605373003	0.836201612848623	-6.84964960856824
MIR29B2CHG	-0.397687444582085	-3.57849734156802	-0.466145532249528	0.650882758327163	0.8363355666388	-5.73723649490401
ENSG00000310123	-0.249981483895517	-1.41220198870962	-0.466118605258907	0.650901390962004	0.8363355666388	-5.9489733653721
MRPS22	0.108768651010914	5.55194037821347	0.466042326625954	0.650954174753609	0.8363355666388	-6.78404123080668
CCNA1	-0.280194298410123	1.61662278317219	-0.466008757005812	0.650977405120005	0.8363355666388	-6.28567964767394
SOCS6	0.0953656932892528	4.91655573691342	0.465943648031152	0.651022462011136	0.8363355666388	-6.72613073004987
N4BP2L2	0.0994759523944575	5.87454963463683	0.465825857193845	0.651103979682974	0.8363355666388	-6.80651117390293
AIMP2	-0.130573844894493	5.65903927393726	-0.465819784225039	0.651108182638346	0.8363355666388	-6.79203761077137
EIF3E	0.104352455092315	8.74987844197311	0.46579322019417	0.651126567114231	0.8363355666388	-6.91105359395182
PTPRS	-0.141240518918218	7.92698495933427	-0.465737299812907	0.651165269378059	0.8363355666388	-6.8896302207789
GTF3C2-AS2	-0.122398476188557	3.89674976678584	-0.465712813534276	0.651182216571013	0.8363355666388	-6.59529485413927
LINC01123	0.217095423639049	-0.607868664157673	0.46567078838546	0.651211303071834	0.8363355666388	-6.03817494099847
CNIH2	0.196405555613458	3.89540127081057	0.465585092891886	0.651270616644692	0.836366737016888	-6.59516449088382
ENSG00000299339	-0.32270818859585	-1.61742096022796	-0.465065844293117	0.651630065548093	0.836741539741573	-5.92756193625795
AGAP1-IT1	-0.290276255609714	-2.66095160801066	-0.465062199620826	0.651632588895824	0.836741539741573	-5.82282098059707
SPATA41	0.30430220486884	-0.778215440251494	0.46497049925414	0.651696078123004	0.83677804479028	-6.01942554627019
ENSG00000277103	0.213892437509588	0.304435752066317	0.464881132317852	0.65175795458765	0.836812475235001	-6.13846875247154
ENSG00000272277	0.270363551554265	-2.18888948610596	0.464808427946312	0.6518082961554	0.83683209275637	-5.86895633465771
ENSG00000287677	0.497128052907368	-2.62695956746322	0.464636922277208	0.651927056428932	0.83693954363882	-5.82627715144972
SH2D4A	-0.155058515059173	2.77519829393504	-0.464428210313128	0.652071594180883	0.837014447056939	-6.43399966525259
LRFN5	-0.354897377967134	-0.100925786860516	-0.464402652965035	0.65208929425734	0.837014447056939	-6.09471277981247
ENSG00000309255	0.505319772022528	-3.80432195020051	0.464367178571402	0.652113862888016	0.837014447056939	-5.71798791992737
TIGD4	-0.185230620322203	0.952223311082814	-0.464350113861565	0.652125681611588	0.837014447056939	-6.21001499580638
EXOC7	-0.132357448788792	6.80223712507452	-0.464108505572456	0.652293026146898	0.837105345923007	-6.85307918349406
MIRLET7A1HG	-0.171635202100561	0.829039734451447	-0.464102714937697	0.652297037147142	0.837105345923007	-6.1963742291407
KCNQ4	0.193651317835209	3.007550482438	0.46405740024067	0.652328425688424	0.837105345923007	-6.4667282201332
SNHG10	-0.161788134957741	1.8472020026226	-0.46404531531505	0.65233679678309	0.837105345923007	-6.3142772211784
TGS1	-0.117456655648719	5.87381688190084	-0.463824324179147	0.6524898838046	0.837256777245398	-6.80745574258597
ENSG00000253917	0.26108870918861	0.657547734051299	0.463642264550603	0.652616014508293	0.837320020083577	-6.17764298333788
PLIN3	-0.122908014053492	6.37174358448655	-0.463576822653146	0.652661355377665	0.837320020083577	-6.83481170403757
FRAS1	-0.160070579705134	6.62949981538959	-0.463561729857624	0.652671812504249	0.837320020083577	-6.84633100418898
ENSG00000302818	-0.3429137328929	-2.64481977155824	-0.46355063290834	0.652679501136919	0.837320020083577	-5.82506789083974
TIMM10	0.125865771763986	5.1216654914216	0.463209345347587	0.652915986410005	0.837578384716345	-6.74832704383927
CEBPG	-0.13625877663938	6.31105427251888	-0.463063429384427	0.653017106895461	0.837663081278833	-6.8321472612796
NOMO3	-0.18368709343334	1.55933812696557	-0.462986860578956	0.653070172396292	0.837686129122496	-6.28037226795647
PPIP5K1	-0.109440338470439	3.64899226075175	-0.462886745073106	0.653139559832529	0.837722311186843	-6.56064556259776
RNF103	0.12503720759396	3.25197963457242	0.462844875473039	0.65316857958168	0.837722311186843	-6.50246589892619
ENSG00000288994	0.421242287580216	-3.54371274765981	0.462718803753174	0.653255963329511	0.837789364684871	-5.74192902947869
ENSG00000294133	0.393708643071488	-2.85945242375653	0.462317174289972	0.653534380206857	0.838101394465481	-5.80522442372775
METRNL	-0.122807804693663	3.52439569427236	-0.462201442549248	0.653614617882487	0.838116570254401	-6.54266873595115
ENSG00000302026	0.290654616439908	-3.04615624840467	0.462198805490201	0.653616446228901	0.838116570254401	-5.78775909715379
CYP51A1P2	-0.193947510895738	2.54859176702885	-0.461953342175278	0.653786643266633	0.838289771937505	-6.40446289105563
SIPA1L1	-0.117792164401624	6.54781686849048	-0.461642738691743	0.654002036325943	0.838500420108251	-6.8437738077918
CRIM1-DT	-0.215990966546662	0.599196179829298	-0.461504798991731	0.654097703516096	0.838500420108251	-6.17225688724997
PPP2CB	-0.0838301293178132	6.67374418122248	-0.461440976035655	0.654141969732391	0.838500420108251	-6.84922739351727
TSGA10	0.17160155375252	1.67593910492401	0.461439829146802	0.654142765202416	0.838500420108251	-6.2949400566641
PLS3	-0.112106385439693	9.17277765232658	-0.461434066139508	0.65414676237041	0.838500420108251	-6.92286630595708
CD83	-0.149090983908839	3.18377486499654	-0.461296457755434	0.65424220965434	0.838500420108251	-6.49334131257603
RFFL	-0.159523744801366	4.80180269657344	-0.461294674676587	0.654243446467919	0.838500420108251	-6.71575824582683
PPP4R3B-DT	0.226374588160281	-1.02476625467829	0.461279778857071	0.654253778836611	0.838500420108251	-5.99363005077124
ASB7	-0.0900724158783595	4.23345142294263	-0.461260547298533	0.65426711876968	0.838500420108251	-6.64470463666261
PSMC5	-0.108677860759678	6.99594469493763	-0.460932180308376	0.654494909525549	0.838721273412171	-6.8619913814119
MAOA	0.223443919037503	3.84074932837346	0.460910818536087	0.654509729639322	0.838721273412171	-6.58962070320064
ITSN1	0.0814709672498095	7.16732189207287	0.460543603315915	0.65476451633443	0.839002722611072	-6.86829918456812
ADIRF	-0.529866507068672	-3.24509062784934	-0.460303002902074	0.654931478404597	0.839171610838166	-5.77019981429258
MGAT5B	0.119006011350221	4.54854019472375	0.460170093394385	0.655023718056564	0.839244743335624	-6.68628863131122
GEMIN8	-0.0996942210872795	5.1009869605603	-0.460101413570131	0.655071384466907	0.839260761880491	-6.74787296785768
COL1A2	-0.105976886966658	7.31417304935266	-0.460022995105146	0.655125811845219	0.839285440220603	-6.87354910768518
TRMO	0.141745820203097	2.04172798185482	0.459748782126293	0.655316149610657	0.839436856695797	-6.3402592870919
C15orf62	0.339910372608643	-1.9323428477815	0.4597390640761	0.655322895614595	0.839436856695797	-5.89721434257318
SMG1-DT	0.48934264745405	-3.75081701992914	0.459693877276211	0.655354263477675	0.839436856695797	-5.72482904943995
PRR7-AS1	0.346164590167668	-0.459050506713692	0.459622744974249	0.655403643661177	0.839436856695797	-6.0576658022359
ENSG00000289494	-0.235390850232667	-0.993843903290835	-0.459585165947843	0.655429731796017	0.839436856695797	-5.99785858322484
ENSG00000275318	0.21174654899461	-0.718800081179694	0.459520610039694	0.655474548969617	0.839436856695797	-6.02867285045224
UBE2E1-AS1	0.265887023718694	-1.48580098656654	0.459498060620184	0.655490203973669	0.839436856695797	-5.94418631727239
GMDS-DT	-0.193265842935995	1.5954459565026	-0.459355142412532	0.655589429437057	0.839518881445125	-6.28639093816558
PIGFP1	0.417081012381133	-3.38087759420445	0.459225459180233	0.655679472165939	0.839558548782034	-5.75825992214351
CMC1	0.118101820211405	3.4927686237243	0.459209203748595	0.655690759177823	0.839558548782034	-6.53951139199382
PRKCZ-AS1	-0.181257504221684	1.17096636319016	-0.45906438333666	0.655791319702267	0.839642263147579	-6.23728535226271
NABP1	-0.177411038438603	1.07791593818138	-0.458858425005412	0.655934345614219	0.839780336164284	-6.22681825204505
PDE4B	0.364151701254467	3.31159626774845	0.458768608121589	0.655996722695148	0.839815146734168	-6.51314074550285
PPP2R5D	-0.0826994856198278	6.95097914336751	-0.458647187098092	0.656081052984091	0.839878056831758	-6.86144268218504
ENSG00000254665	0.385977336478026	-3.89737375454082	0.458533212200009	0.656160216327768	0.839934346103236	-5.71247291363666
ENSG00000280327	-0.237086740319366	-1.32684850991926	-0.458468969239682	0.656204839408534	0.839946417578219	-5.96179069182065
ENSG00000307316	-0.221003734169355	-1.99351553758076	-0.4583574098981	0.656282331748287	0.840000558365225	-5.89160859468259
ZNF721	-0.141643695570943	5.23749331625535	-0.458300569183612	0.656321816588985	0.840006048719933	-6.76164515475772
ENSG00000298397	0.546628502620353	-0.534380213118906	0.458208181758528	0.656385996587056	0.840041892900668	-6.04994246577736
UBE2K	-0.0892313191793717	7.87031974239922	-0.458126175790186	0.656442967209368	0.840041892900668	-6.89175329326658
ENSG00000309152	-0.286692591944139	-2.7570553586517	-0.458108261078112	0.656455413101368	0.840041892900668	-5.8168608879685
ATP5MC1	0.254765499425162	6.17017951047588	0.458040298490216	0.656502629764593	0.840057273460838	-6.82741209805303
PPTC7	-0.0936033461593517	4.9938038867979	-0.45795867418012	0.656559339929875	0.840084799555371	-6.7381165749222
ENSG00000302078	0.237841241541701	-0.928896518491019	0.457801084627311	0.656668834958456	0.840179858687331	-6.00595839698083
KLHL11	-0.165035253968154	2.292357231304	-0.457481584375165	0.656890853475701	0.840418868930826	-6.37304286598996
BRSK2	-0.139228021361756	4.77680564217157	-0.457403007967886	0.656945461027825	0.84044368130098	-6.71482188651648
ZNG1F	0.174032807320101	1.85665281343246	0.457281588271065	0.657029847154725	0.840452792211277	-6.31868700339081
ITGAM	-0.216404288129192	-0.132891219625161	-0.457136098568758	0.657130968462413	0.840452792211277	-6.09468809317526
LINC01686	-0.327788383263357	-1.03441457117416	-0.457056352739131	0.657186398153292	0.840452792211277	-5.99454266812274
SRP68	0.0793487875901153	6.98277159482706	0.457018107710913	0.657212982259316	0.840452792211277	-6.86342138884147
EXOC6B	-0.0852249323839738	6.20449227346336	-0.456979817702956	0.657239598131511	0.840452792211277	-6.82972787065804
UNKL	-0.179462830301611	4.38093796471053	-0.456968615453879	0.657247385052253	0.840452792211277	-6.6665052491105
INKA2-AS1	-0.140773258799062	1.41699725219156	-0.456966735048127	0.657248692166346	0.840452792211277	-6.26661458758487
PARP9	0.118429214060595	2.68280287839566	0.456919400016063	0.657281596254159	0.840452792211277	-6.42498345661258
CLPTM1	0.163547907577361	7.07022206903087	0.456827943767027	0.657345172573244	0.840452792211277	-6.86668394363453
EP400	0.131311933972554	6.54257169400111	0.456827224336215	0.657345672700894	0.840452792211277	-6.84590204262514
RPP25L	-0.110435239763639	4.11763613168977	-0.456811803542904	0.657356392836296	0.840452792211277	-6.63090802394611
XPO6	0.108100937617666	7.56307156499351	0.456784820654185	0.657375150835887	0.840452792211277	-6.88316411717836
KDM2A	0.0827128062843423	6.5055254184714	0.456702501464545	0.657432379133855	0.840480935925208	-6.84434665274932
ENSG00000297857	-0.411747201276006	-2.523003197403	-0.456224654254353	0.657764624206244	0.840860647344961	-5.84016766672689
ENSG00000289370	0.172740124961924	0.233939706612341	0.456059146806048	0.657879718985344	0.840927059200893	-6.13502888295824
ENSG00000291175	0.158799996409897	2.41028570212475	0.455991028225887	0.657927091731603	0.840927059200893	-6.3890495215298
IQSEC2	-0.224478110229062	4.55042096527002	-0.455916826971821	0.657978696446389	0.840927059200893	-6.68859002724298
LINC00174	0.161511364742592	2.45566098386459	0.455912987644148	0.657981366633092	0.840927059200893	-6.39504863411689
ENSG00000286223	0.482384687251066	-3.53139019922708	0.455890524358723	0.657996989564532	0.840927059200893	-5.74613150980505
RAB11B-AS1	-0.175021961187826	1.70688767954635	-0.455835216982312	0.658035455880293	0.840927059200893	-6.30131923777529
PSMB5	0.0996657851267013	7.48391700090048	0.455723030356173	0.658113484955445	0.840927059200893	-6.88118092460437
ATF7IP	0.1120729660338	7.36251501419944	0.455688916451484	0.658137213023634	0.840927059200893	-6.87726962660302
ENSG00000235381	-0.18107576777517	1.22494548701037	-0.455674500276906	0.658147240373075	0.840927059200893	-6.24506506789055
CHPT1	0.0943944391116811	4.0200678763073	0.455632327449585	0.658176574614304	0.840927059200893	-6.61785587735507
MAK16	0.157208558404979	6.14883574898023	0.455592687383296	0.658204147690614	0.840927059200893	-6.82748325894347
ENSG00000287434	0.274998309212149	-1.97838891699538	0.455473391700743	0.658287131333128	0.840988061424246	-5.89447548873702
SH3RF2	-0.155413062731243	0.846920093453656	-0.455270482385636	0.658428288859448	0.840989365057468	-6.20258632056655
CENPT	-0.141434191319095	5.3867339637094	-0.455267570020496	0.658430315000962	0.840989365057468	-6.77615366698713
TRIM35	-0.11148166763819	4.50449659615271	-0.455221477225131	0.658462382287369	0.840989365057468	-6.6831774015589
LINC02604	0.162818003417162	1.49165229131645	0.455217834699674	0.658464916464976	0.840989365057468	-6.27616161412612
ENSG00000305150	0.40802612598269	-4.28175504550052	0.455185803883321	0.658487201137425	0.840989365057468	-5.68232255794594
SDHAP1	-0.202598089100961	2.80356346348075	-0.455168024723504	0.658499570712446	0.840989365057468	-6.44240307601462
LLPH	-0.169291417763629	4.28295414442227	-0.455097263516211	0.65854880279362	0.841007238283232	-6.65438415522006
ENSG00000273679	0.378638534662001	-2.23311686755206	0.454930364669802	0.658664929354753	0.84108655069651	-5.86913745643705
ENSG00000304176	-0.154942345123258	2.06367381569295	-0.454906709252594	0.65868138932704	0.84108655069651	-6.34531093351949
ZNF114	0.123181983456472	3.81125992201826	0.454728504489021	0.658805394342324	0.841199890154518	-6.58833237495061
ST3GAL2	-0.129653658053975	5.85984895535389	-0.45450841770281	0.658958558175796	0.841325363771132	-6.81113654484903
FHL2	-0.11047726372253	4.82553863113461	-0.454485995761319	0.658974163084491	0.841325363771132	-6.72173478995563
GFI1	0.279576953619759	-3.1445567851783	0.454400889856331	0.659033395457195	0.841355980175281	-5.78216074092779
EVI5	0.1111917180224	3.28900087281631	0.454212335920597	0.659164634813603	0.841478516211825	-6.51204482849624
ENSG00000269397	0.269041717940869	-0.457756522216753	0.454109125565861	0.65923647752736	0.841525218438546	-6.06040021759158
ENSG00000285644	-0.307018262622268	-1.51055399945576	-0.453968415017277	0.659334429231586	0.841605242404014	-5.9441043298652
CCDC27	-0.356614662107361	-2.78548694057081	-0.453769355252189	0.659473010607521	0.841737116646329	-5.81613445140394
ENSG00000260922	0.354861739673202	-2.16635253548959	0.453555994604801	0.659621562925552	0.84186973208145	-5.87640118621411
ENSG00000289463	0.314041650722583	-1.90358747584477	0.453518805892882	0.659647457143973	0.84186973208145	-5.90304418948858
SMTNL2	-0.14502022967766	2.52104393468274	-0.453400620061108	0.659729752163457	0.841929739861257	-6.40491366620108
PSME4	0.109996461547557	7.27132136849349	0.453156571363945	0.659899702882508	0.842081807480142	-6.87545181213184
IKZF3	0.246402300956017	-0.645483557072385	0.453083161563072	0.659950827983732	0.842081807480142	-6.03989128642226
ENSG00000291236	-0.313256590693216	-2.08941031836421	-0.453036343540919	0.65998343461466	0.842081807480142	-5.8843555721932
SP2-AS1	-0.183602254695983	0.437470056151106	-0.45299016118154	0.660015599264478	0.842081807480142	-6.15859329072995
ENSG00000248367	-0.196957834331526	0.0971309423756977	-0.45294047499671	0.66005020503394	0.842081807480142	-6.12166113601905
DHX15	0.0999219064272534	8.37903140502779	0.45292470044948	0.660061191972389	0.842081807480142	-6.90818108034002
KBTBD11-AS1	0.24589249390689	-1.03751309106624	0.452874887633633	0.6600958870468	0.842081807480142	-5.99614405937595
GNE	0.203415764976195	4.57539251974604	0.452764220941025	0.660172970408265	0.842085896430739	-6.69317180139261
SERINC3	0.139703439393563	6.2106780163839	0.452746213463908	0.660185513661832	0.842085896430739	-6.83210359655722
CTPS2	0.0826171875861448	7.20154052804342	0.45271832527202	0.660204939624251	0.842085896430739	-6.87329604387516
LINC01134	0.225223092173489	-1.34147643914847	0.452657584542122	0.66024725045663	0.842094860612857	-5.96289951199374
ENSG00000307865	0.387630798715446	-4.23725083110232	0.452587070628627	0.660296370672442	0.842112508220539	-5.68660501270197
ICE1	-0.108989172424912	6.644800142877	-0.452455024281194	0.660388359114632	0.842184823242795	-6.8523967845194
GPR199P	-0.505609879150808	-3.44859994081202	-0.452362095598673	0.660453100269362	0.842222384277028	-5.75519560597232
ENSG00000276115	0.316626500427013	-2.0733272875373	0.452217109832101	0.660554114179299	0.84226141365729	-5.88635232167189
ENSG00000304679	-0.426629620117649	-3.87560484232134	-0.452216863413627	0.660554285869072	0.84226141365729	-5.71719714034435
PSME2P3	0.335252984920786	-4.01931139150919	0.451893837693394	0.660779368729095	0.842461568126829	-5.70484222718488
BSN	-0.197282880938294	2.21516416130077	-0.451840027920891	0.660816866571868	0.842461568126829	-6.36586250615357
NUP153-AS1	-0.313295391088278	-1.06804928632243	-0.451839615320778	0.660817154099903	0.842461568126829	-5.99324825222101
DMTN	0.323576909469491	0.97964986978121	0.451565540863105	0.661008160710702	0.842660066856229	-6.21919110384235
ENSG00000304996	0.233275594344235	-1.12501784394429	0.451342336010566	0.661163734328862	0.842758950937489	-5.98717060949537
TPRG1	-0.238698849796758	-0.859916252352281	-0.451310798672957	0.661185717190364	0.842758950937489	-6.01667274151328
HMGN1P13	0.325917244995485	-4.03233544813196	0.451212070891512	0.661254536817382	0.842758950937489	-5.70401891187813
NOS3	0.252114204534537	3.20808373073365	0.451169074900495	0.661284508825879	0.842758950937489	-6.50173327869838
MAN1C1	0.176541009650292	4.3005541184016	0.451103018543393	0.661330557168384	0.842758950937489	-6.658668142295
ENSG00000286084	-0.240132626461236	-1.95786368010581	-0.451092106676305	0.6613381640484	0.842758950937489	-5.89857560978308
EPB41L4A-DT	-0.368397212836257	-2.97084241415925	-0.451034532555282	0.661378300782896	0.842758950937489	-5.79987487211981
NRSN1	0.243670416495067	-1.80473381263617	0.451015807453696	0.661391354883204	0.842758950937489	-5.91441276714635
TMEM187	-0.186449859755654	2.95471225203648	-0.450998351783708	0.661403524113215	0.842758950937489	-6.46555485530865
RCSD1	-0.315581675506023	-0.043946425094387	-0.450889562210935	0.661479369148107	0.842810597024229	-6.10729119088832
TAFA2	0.226904753171127	0.675038743779119	0.450737839298395	0.661585152788739	0.842900381231454	-6.18569846825434
ENSG00000258430	-0.232538154762415	-1.80343789497095	-0.450530975350095	0.661729394187593	0.843039150799364	-5.91476878093095
ENSG00000289073	-0.259233240861091	-1.80633121719359	-0.450457444725648	0.661780668860741	0.843049264103694	-5.91450166712073
KCTD9P4	0.243446400737655	0.13681511695568	0.450418282949569	0.661807978055341	0.843049264103694	-6.12714567502099
KLF6	-0.104022896451137	5.22240877599342	-0.450268453089082	0.661912465662481	0.843137365531645	-6.76415129058899
TEKT3	0.21889828044699	-0.243213097362701	0.45019182356395	0.661965908114815	0.843160440227147	-6.08589387671562
ANKRD33B	-0.193747296560512	4.39523536437538	-0.449977434079201	0.662115436742142	0.843254529452353	-6.67172333959262
MACIR	-0.120275697925209	4.57561367709714	-0.449926776246155	0.662150770949723	0.843254529452353	-6.69456012282755
ENSG00000267174	0.352361090778004	-2.25848841919743	0.44987977466812	0.662183555668153	0.843254529452353	-5.86892321312167
ENSG00000287310	0.258137478441076	1.04753653016337	0.449835881647362	0.662214172767821	0.843254529452353	-6.22765560742829
ENSG00000286659	0.273193979710791	-2.60718070839944	0.449797756901625	0.662240766798038	0.843254529452353	-5.83496760481627
SLC2A14	0.20914335056519	2.82729534491425	0.449781389785341	0.662252183879491	0.843254529452353	-6.44826650929015
PTPN11P1	0.362564784034884	-2.01569514517041	0.449731339769656	0.662287097439324	0.843254529452353	-5.89331402404576
RGS14	-0.109920593795861	4.59513699671838	-0.449570676458632	0.66239917760845	0.843318632096568	-6.69710270846037
ENSG00000273149	-0.418998735112906	1.50944009092528	-0.449550821993048	0.66241302886711	0.843318632096568	-6.28092478215559
POLN	0.234436836408626	-1.96672616413973	0.449507223256115	0.662443445533433	0.843318632096568	-5.89839210645225
ENSG00000286883	0.314437481613803	-3.98464754474719	0.44939580982091	0.662521176050805	0.843371765617777	-5.70894545526584
NRG2	0.322986198437393	-1.21727267863079	0.449346104557388	0.662555855588608	0.843371765617777	-5.97794775445575
FANCL	-0.115082512445102	5.15496582079304	-0.44923549943099	0.662633028167806	0.843402341241242	-6.7583044734091
PAXBP1-AS1	0.278216360129711	-0.473783440950589	0.449187395655317	0.66266659293136	0.843402341241242	-6.06090202805459
TRIM74	-0.455378977844384	-3.33285968150571	-0.449159742199448	0.662685888687183	0.843402341241242	-5.76716757585879
ENSG00000277369	-0.393622661461542	-2.5358978162786	-0.449021298200576	0.662782494655018	0.843480313529451	-5.84218994519471
EIF3FP3	0.128219606471658	6.26195048231477	0.448855119717049	0.662898462233152	0.843582916455273	-6.83659644497468
ITIH6	-0.282258800250091	-3.55133970516064	-0.448656516806236	0.663037069398449	0.843714317302878	-5.74756466909458
ENSG00000268555	-0.384592048327891	-2.59138194385996	-0.448584801971034	0.663087123242053	0.843733026092556	-5.83703397376577
ENSG00000282012	0.289485879285681	0.520660297949865	0.448436493345925	0.663190641727479	0.843819759361859	-6.16981633159588
SUB1P3	0.491872480497852	-0.88424376588832	0.448206157428374	0.663351429441083	0.843962815826743	-6.0153918472101
FKBP9	-0.135040048443837	3.80139328675923	-0.448174116168237	0.663373797499045	0.843962815826743	-6.59002193657983
LINC03034	0.32932070745473	-4.11915498762938	0.448111755194712	0.66341733279178	0.843971673087728	-5.69792116622425
OVGP1	0.279073234603933	0.331206346265821	0.448062839806834	0.663451482401305	0.843971673087728	-6.14932961227303
GCATP1	-0.354658797848961	-2.16676198209467	-0.447902490674517	0.66356343360678	0.844069097153601	-5.87892856588099
ENSG00000279794	-0.489979869708713	-2.5776150013407	-0.447783926309706	0.663646217442861	0.84412941119744	-5.83872011168828
TBCD	-0.117586660728553	7.39705335612667	-0.447623539666498	0.663758209898876	0.84422686893986	-6.88228349010521
ENSG00000260367	-0.307429870161547	-2.94090918707631	-0.447515042865758	0.663833974378405	0.844278240780635	-5.80426144879121
ZNF221	0.362306110338083	0.407780721821151	0.447360850070731	0.663941655675247	0.844342544065739	-6.15798836548451
NOP14-AS1	0.121391560896887	3.78441309635504	0.447341329762357	0.663955288349008	0.844342544065739	-6.58792529655405
ENSG00000232710	0.43850717569295	-3.98965731025036	0.447258817753246	0.664012914843417	0.844370836942183	-5.70945004644719
KLHL12P1	0.308094719785709	-2.9225748099151	0.447092490724917	0.664129084816191	0.844473567784126	-5.80617473605226
ENSG00000280353	0.289244676010652	-4.57191445795411	0.446884743138953	0.664274197758589	0.844583396567306	-5.66962991604274
PZP	-0.361682064938294	-4.12416475313255	-0.4468651517913	0.664287883181762	0.844583396567306	-5.698037691922
ENSG00000225555	0.19409750538124	-0.966324928762737	0.44676813961602	0.664355652379593	0.844583396567306	-6.00687372598288
PLBD1-AS1	0.184299282682626	-0.353503424322339	0.446766200446587	0.664357007045485	0.844583396567306	-6.07536488503945
PTH2R	0.235596954332447	-1.40489060114032	0.44668104343389	0.66441649731759	0.84461403682977	-5.95878413929156
SLMAP	0.094286577052463	5.74477225001527	0.446611035906337	0.664465406058583	0.844626967575919	-6.80737629007951
ENSG00000261691	-0.305897397336994	-3.30993156685571	-0.446565173914296	0.664497447109944	0.844626967575919	-5.77041869169047
ADAM20P1	-0.282906374897847	-2.41803095280664	-0.446271274307101	0.664702794089881	0.844842985756906	-5.85487519663382
RBM15	0.14225378400353	4.45847345166483	0.446176023082234	0.664769352125713	0.844870413599041	-6.68162611624361
ENSG00000263727	-0.333228097222706	-3.49412826411745	-0.446116741482566	0.664810777454592	0.844870413599041	-5.75384615011493
C11orf58	0.07526318352215	7.85280827275548	0.4460281641163	0.664872676540762	0.844870413599041	-6.89708263948915
NDEL1	0.118573996458334	5.06067927231564	0.446006569503892	0.664887767553269	0.844870413599041	-6.75070218362956
TAS2R5	-0.339497189884701	-0.99991858521269	-0.445987106307916	0.664901369197251	0.844870413599041	-6.00348137654261
KCTD6	0.122170129274127	4.0227469742329	0.445698303321089	0.665103210978525	0.845070793586104	-6.62298080763639
SGTB	0.110068540497323	4.20789320599616	0.445647548638004	0.665138685856089	0.845070793586104	-6.64876479518945
PTPN4	0.0815610316420292	5.41653965212339	0.445462488978459	0.665268040229269	0.845070793586104	-6.78333578786342
ACRBP	-0.22022578848622	1.55320749316686	-0.445444900505589	0.665280334948127	0.845070793586104	-6.28798469107021
CD2AP-DT	-0.2476406828305	-1.73264826458776	-0.445424617192824	0.66529451354652	0.845070793586104	-5.9244885815104
HSD11B1L	-0.262067244856111	2.87754188348866	-0.4454089724936	0.665305449719584	0.845070793586104	-6.45733946185806
ENSG00000308388	-0.417013773054279	-3.58313059615473	-0.445399635594542	0.665311976566427	0.845070793586104	-5.74614365332433
AP4S1	0.114876567917872	3.18481091177124	0.445350581389041	0.665346267798217	0.845070793586104	-6.50112808623081
GLCE	-0.0937819171305563	4.25946371852766	-0.445305570910513	0.665377732981526	0.845070793586104	-6.65589477861776
OAT	-0.173114066832345	6.69039378741813	-0.445178483752187	0.665466578643004	0.845093781815412	-6.85776811955095
OTULIN-DT	-0.448000933249686	-3.14909074855423	-0.445178381691046	0.665466649995343	0.845093781815412	-5.78586171979864
ZNF575	0.254544247666874	-1.5614851885691	0.444971960697491	0.665610968878557	0.84523208269351	-5.94278302492928
MAP9	0.128506977471709	4.31917696527299	0.44453990786093	0.665913084084547	0.845516712169979	-6.66429373365709
ENSG00000296385	-0.391652885886058	-4.36481018568478	-0.444504582261651	0.66593778845917	0.845516712169979	-5.68206987683341
DCP1A	0.0833342354142523	4.98205580793599	0.444442275531463	0.665981362660503	0.845516712169979	-6.74339690116172
ULK4	-0.120962002016008	3.427566850284	-0.444420160433027	0.665996829163395	0.845516712169979	-6.53697389650141
RAD17	-0.0864451913665949	5.61294796304771	-0.444359370636571	0.666039344199868	0.845516712169979	-6.79913675383834
RNF32-AS1	0.280900846872706	-1.64611430678721	0.444347468322409	0.666047668559424	0.845516712169979	-5.93408223264028
LAMA3	-0.275271159622261	0.118438316644706	-0.444116990692021	0.666208871657977	0.845620746478615	-6.12807010135496
ETF1	-0.0972384157788229	8.00893087016306	-0.44406997586812	0.666241757445356	0.845620746478615	-6.90247087641531
MXRA7P1	-0.249848869202681	0.571628216428945	-0.444049214464638	0.666256279804693	0.845620746478615	-6.17743913524298
TINCR	-0.271257330008987	0.958769888301084	-0.44392880569677	0.666340507175043	0.845620746478615	-6.22040874832489
KRT18P4	0.275800555329821	-2.9243770101142	0.443877499848318	0.666376397701801	0.845620746478615	-5.80743350333316
DPY19L4	0.083973765648321	4.56734887549135	0.443844254930181	0.666399654343599	0.845620746478615	-6.69644597189793
AP3D1	-0.0945115205890446	7.93374571780221	-0.443770155102346	0.666451492563241	0.845620746478615	-6.90048338519221
CBFA2T2	-0.090433339076859	4.82175089631012	-0.443769653623698	0.666451843390288	0.845620746478615	-6.72643200109091
TMED8	-0.0761276559844557	5.3647656409558	-0.44376683839782	0.666453812882247	0.845620746478615	-6.77978084136209
ENSG00000253361	-0.240848686403887	-0.769922313688847	-0.443723794648043	0.666483926007006	0.845620746478615	-6.03025904133318
HTRA3	0.247447496251497	2.87911887088855	0.443647253482496	0.666537475234074	0.845643733861984	-6.45838713145326
NSMCE4A	-0.105268310960967	5.92185255555623	-0.443512657998771	0.666631644791584	0.845718251540994	-6.82027949478886
MYL12BP1	-0.4209502011071	-2.33939111894762	-0.443268829569942	0.666802254457811	0.845889731431092	-5.86391429217659
SLC25A21	-0.156261856583163	3.22114343795785	-0.443153899460441	0.666882679317394	0.84594679283913	-6.50741217941739
EEF1DP2	0.226770693950192	-1.23064574817479	0.443052966361496	0.666953313101361	0.845991428772862	-5.97935270121976
ENSG00000283415	-0.20347252901303	-1.01650573345837	-0.442699933135215	0.667200395313936	0.846203557413104	-6.00313424057866
ZNF784	0.116958101883511	2.91630619025105	0.442685120740927	0.667210763177232	0.846203557413104	-6.46405752341779
AXDND1	0.341532272519602	-1.80713042826385	0.442652455023079	0.667233627646283	0.846203557413104	-5.9179497229229
DDX56	-0.112777467911145	6.05539726358398	-0.44258723416418	0.667279280251145	0.846203557413104	-6.82854300543114
TMEM11	-0.132440962507651	5.06591531720969	-0.442560743193641	0.667297823525036	0.846203557413104	-6.75285586819077
CCDC191	0.203401082860485	1.57401194072797	0.442488545358298	0.667348362093434	0.846222683991286	-6.29181463761223
RPL7L1P9	0.435530656521958	-2.09768120325191	0.4423984726314	0.667411415544947	0.8462316209021	-5.88832777812585
SMIM14-DT	0.28858399381234	-0.846161858392177	0.442367310009052	0.667433230890478	0.8462316209021	-6.022306205899
ENSG00000244560	-0.453115874878567	-3.24993443001306	-0.442283409649409	0.667491966817479	0.8462316209021	-5.77781912858219
SETD6	-0.105239472600004	4.36220540611532	-0.442275885322063	0.667497234470312	0.8462316209021	-6.67108033883059
CSMD2	0.195872770128498	4.23459771686916	0.442113494247092	0.667610926284478	0.846330800320372	-6.65404236101486
VPS4B	-0.099394059432119	5.60156643284652	-0.441971554702858	0.667710306954192	0.846383632033219	-6.79942320289091
ENSG00000302261	-0.237983892104974	-2.34122248923829	-0.441952674694183	0.667723526524217	0.846383632033219	-5.86432069968399
KCNA5	0.366784348596439	0.0600012835732821	0.441702506537001	0.667898702674965	0.846560718892373	-6.12283683642897
ATP23	0.149522634395737	2.92007507717887	0.441328790698929	0.668160429905209	0.846825796879123	-6.46522054132335
TMEM256-PLSCR3	0.325759477306568	-4.02994287462644	0.441302563612917	0.668178799464853	0.846825796879123	-5.70855619269299
C5orf34-AS1	0.258208957972135	-2.21616206235868	0.441235726848538	0.668225613246932	0.846828743176388	-5.87700144786537
GLUD2	-0.170654084137695	4.50625394220546	-0.4411505071092	0.668285304982738	0.846828743176388	-6.69010708810227
ENSG00000305433	-0.306094673948583	-0.627890169628508	-0.441109728368978	0.6683138691005	0.846828743176388	-6.0473662266826
ENSG00000257391	0.360953438165522	-2.94161428385696	0.441020388938907	0.66837645026121	0.846828743176388	-5.80707239616164
EIF2S1	0.0968219405790238	6.71983786249268	0.44096421149936	0.668415803219975	0.846828743176388	-6.86095663468672
TSR1	-0.113122356754134	7.37978481822456	-0.440941286668267	0.668431862636194	0.846828743176388	-6.88489444752547
NDUFA10	0.103462463833658	6.16540131889287	0.440921022597028	0.668446058269361	0.846828743176388	-6.83536770412154
HYDIN	-0.197284720874919	0.464749994241336	-0.44089402173304	0.668464973454693	0.846828743176388	-6.16718115378772
RBMS2	0.135172056147426	4.08982050815967	0.44068015186956	0.668614806419202	0.846833136139473	-6.63470946855838
ENSG00000240207	0.288486359503414	-0.940124250260577	0.440647154819218	0.668637924850024	0.846833136139473	-6.01259055745466
ENSG00000291144	0.346264825338126	-2.62847418652036	0.440627704992342	0.668651551979425	0.846833136139473	-5.83701082511696
SDK1	0.141720794166999	4.78441698162546	0.440590801495723	0.668677408016775	0.846833136139473	-6.72371649573467
PCBD1	0.116059798432635	4.8780419759442	0.440575942912348	0.668687818651042	0.846833136139473	-6.73420376917522
TEFM	-0.141359413730067	3.55183206796683	-0.440411067937532	0.66880334287223	0.846833136139473	-6.55709647908562
IMP4	-0.12738178782349	6.02102355654727	-0.440383319178308	0.668822786698141	0.846833136139473	-6.82762286949991
HS3ST3B1	-0.139720087736842	2.85196362294898	-0.440338922178856	0.668853896640593	0.846833136139473	-6.45613754147301
ATP13A4	-0.321584131423189	-3.1685598722254	-0.440318034425317	0.66886853337014	0.846833136139473	-5.78619686953867
SPAG5	-0.103427511247814	6.95718804772241	-0.440312661759701	0.66887229819546	0.846833136139473	-6.87046911335268
SEC14L6	0.184810601736333	1.67455733130573	0.440246871408736	0.668918400703491	0.846833136139473	-6.30478055851676
RTTN	0.100552107731996	4.81118788313448	0.440241983767416	0.668921825769584	0.846833136139473	-6.72690993289143
SRCAP	-0.19324545351413	2.12131769088134	-0.440194065184766	0.668955405641184	0.846833136139473	-6.35945603377335
SLC26A1	0.283497146037001	-1.93924025652058	0.440180117485241	0.668965179904203	0.846833136139473	-5.90540381593504
ENSG00000239719	-0.346561975982372	-1.4433821137149	-0.440018474146029	0.669078460971621	0.846931616441776	-5.95765521036264
ENSG00000290399	-0.336908995936656	-1.60023940085668	-0.439774885330009	0.669249186543943	0.847102796735483	-5.94100561042981
ENSG00000305474	0.217441370596382	-2.6597694333711	0.439546379818825	0.669409358502246	0.847226475884182	-5.83448240810905
DEXI	-0.111434631997866	4.34632275045018	-0.439489568633894	0.669449183246782	0.847226475884182	-6.67029824479234
ENSG00000298539	-0.251236588046372	-4.05171178684592	-0.439448561888428	0.669477929716105	0.847226475884182	-5.70747779253713
EFCAB6-DT	-0.268280463005224	-1.24887715721983	-0.43943292743526	0.669488889897167	0.847226475884182	-5.9790015693899
PDCD6IP	0.0843758269935666	6.85093821395002	0.439356736070118	0.669542303297734	0.847249146535551	-6.86690863793876
MIR3659HG	0.237616096740947	1.24693696065013	0.439263673000412	0.669607547097342	0.847280178346124	-6.25525518061233
UAP1	0.115936531965066	5.66660688451291	0.439220484227207	0.669637826460927	0.847280178346124	-6.80540191767067
BLMH	-0.0866315345829181	6.81036176058215	-0.438871488432622	0.669882527809328	0.847544862766392	-6.86555307119061
PNKDP1	-0.3833585713293	-3.69137973533124	-0.438743672994489	0.669972156788635	0.847613329768054	-5.73936588285269
SMC3P1	-0.132303767178457	2.31844629075252	-0.438451422804572	0.670177113930955	0.84782768886834	-6.38537694421784
RALYL	0.533713048069548	-2.05388128176251	0.438382547585365	0.670225420734686	0.847843860532928	-5.89453825598018
SETBP1-DT	-0.288308282461248	-2.1885379609837	-0.438245628988774	0.670321455583298	0.847888280709012	-5.8810743513745
NR2C2	-0.11385836273466	5.20198175970468	-0.438160871064923	0.67038090799268	0.847888280709012	-6.76797194347025
RAB6B	0.165116408373565	5.19669715051504	0.438159647072696	0.670381766564491	0.847888280709012	-6.76747418419068
ENSG00000214999	0.148065778318894	1.87466254762106	0.438129353187432	0.670403016429369	0.847888280709012	-6.329866490172
GABRQ	0.154573092667263	4.25490595070382	0.438030220761468	0.670472555710824	0.847888280709012	-6.65869412676227
ENSG00000297852	-0.300064426520077	0.978398249209667	-0.438028606036861	0.670473688432613	0.847888280709012	-6.22532780899352
KIF5A	-0.174719154468666	4.99827274475307	-0.43796825461828	0.670516025290715	0.847892543865911	-6.74811068870484
PEX3	-0.0983059507028683	4.29581315143966	-0.43792251739854	0.670548111009723	0.847892543865911	-6.66425794799712
SLC26A6	0.15325613572117	5.61784426600031	0.437801814840261	0.670632789975264	0.847954693703096	-6.80258273921548
ENSG00000297123	-0.229405334282546	-0.0952840929746449	-0.437596526811539	0.670776821012131	0.848071440148071	-6.10781076536319
ENSG00000279923	0.325571664286789	-2.22704930924619	0.43754568618118	0.670812493189533	0.848071440148071	-5.87755443413417
POM121	-0.110379639038019	6.41211872665998	-0.437511564144665	0.670836435294749	0.848071440148071	-6.84923292254823
G3BP2	-0.0880513375881495	8.47699755837805	-0.437413784247011	0.670905045777222	0.848071440148071	-6.9180505061326
SETD4	-0.135993213816428	4.63986723367956	-0.43739960062534	0.670914998444699	0.848071440148071	-6.7082764912391
ZNG1E	-0.135642104032882	2.27858104879579	-0.437366362320197	0.670938322071307	0.848071440148071	-6.38073213598006
ENSG00000306083	-0.295588104244386	-3.13074763674646	-0.43725188881763	0.671018651984492	0.848125376262101	-5.79104168009974
ENSG00000299210	0.320963846453153	-2.14798511943192	0.437204277476956	0.671052063742134	0.848125376262101	-5.88557796478933
RFC4	0.0837145784939146	6.13661703508602	0.437147522557348	0.67109189308142	0.848130802868639	-6.83560427718683
ENSG00000295196	0.25069756837048	-0.825694061790845	0.437053406394356	0.671157944056855	0.848169366239805	-6.02699398400911
ENSG00000308339	0.379481368679405	-2.7278044081015	0.436982766644913	0.671207521145908	0.848187107914935	-5.82910108720625
FAM72C	0.159894972426733	3.02166164702646	0.436930765304119	0.671244018296213	0.84818831981553	-6.4816373229606
ENSG00000303737	0.297928435736086	-3.02900267208545	0.436850861965781	0.671300100210022	0.848214277712563	-5.80070133368951
C4orf3	0.141578689643245	6.28042542713005	0.436733400136824	0.671382547205938	0.848273544423723	-6.84325550665043
RUNDC1	-0.0996343628243652	4.61440201117061	-0.436595487834619	0.671479354300337	0.848309542176656	-6.7055633908842
CDC42EP4	0.155630492065498	5.70201706284713	0.436589578082294	0.671483502772241	0.848309542176656	-6.80912505788182
LINC00963	-0.210250250631389	2.07454858117144	-0.436540908355785	0.671517667924061	0.848309542176656	-6.35526706515557
LRFN3	-0.142623879754093	4.5541046831226	-0.436422157044077	0.671601032197124	0.848329009448174	-6.69829408802304
OTUD4	0.0839346596880031	6.42532067360787	0.436417692897482	0.671604166150888	0.848329009448174	-6.85035855539351
NEDD8P1	0.373971562761077	-3.01002692115661	0.436347261180943	0.671653612025052	0.848346568490788	-5.80269616950047
SYNDIG1L	0.625179407624495	1.84355373125363	0.436192487815821	0.671762274853969	0.848377242419667	-6.32697837412181
ANKRD19P	-0.665112009425594	-2.67537068333413	-0.436166488886879	0.671780528881204	0.848377242419667	-5.83447053524147
LGALSL-DT	0.220903850517758	-2.55734239365154	0.436136504707578	0.671801581257194	0.848377242419667	-5.84583903496367
ENSG00000294563	0.233931047420774	-2.50324758433739	0.436060402052006	0.671855015491554	0.848377242419667	-5.8511061545962
NPC1	-0.0968718894626042	5.83204594280905	-0.435974613860658	0.671915252557824	0.848377242419667	-6.81815013775258
AUNIP	-0.118284170643125	4.6353537318994	-0.435873032279778	0.671986582255822	0.848377242419667	-6.70844290998588
ENSG00000297739	0.336856731354676	-3.5084369487869	0.435852349043177	0.672001106260856	0.848377242419667	-5.75702777472
ENSG00000272159	0.300259631114515	-1.73081566887475	0.435797359168646	0.672039721465288	0.848377242419667	-5.92898497796033
PRRT2	0.260868820563078	3.03261514696836	0.43575422739762	0.672070010323926	0.848377242419667	-6.48373980291477
PEX2	-0.102153406981326	4.81758168104317	-0.435739121004312	0.672080618783956	0.848377242419667	-6.72972594327402
FGFR1OP2	-0.0890025437661484	4.58775948762841	-0.435637106809277	0.672152260190998	0.848377242419667	-6.70276723807188
PTGDR2	0.288946580507853	-2.07179514254956	0.435631697743987	0.672156058905691	0.848377242419667	-5.89394158302303
ENSG00000273284	-0.284860961485959	0.219820473546165	-0.435583122509507	0.672190173079864	0.848377242419667	-6.14295721750103
TMEM132E-DT	0.290160277138805	-3.37683421866052	0.435578132705106	0.672193677441678	0.848377242419667	-5.76910314824298
G3BP1P1	-0.279716030589788	-2.88978480074488	-0.435414421957854	0.672308656779791	0.848377242419667	-5.81440881915136
OXSM	0.153879787887347	0.850390521569324	0.435402134615234	0.672317286933262	0.848377242419667	-6.21218802666089
ALDH8A1	0.401630069963844	-3.6187829059441	0.43536584827175	0.672342773345739	0.848377242419667	-5.74730640492372
ENSG00000290907	0.241798466564576	-1.4581000717271	0.435346674958343	0.672356240267056	0.848377242419667	-5.95815215506895
PGM2L1	0.106290288681768	5.946288799718	0.435303035053652	0.672386892445472	0.848377242419667	-6.82561390459179
ARMC8	0.0767318446833256	5.66465425673106	0.435300293741658	0.672388817933147	0.848377242419667	-6.80709157713679
HBS1L	-0.0840475660082651	6.80784738472681	-0.435023455995828	0.67258328052023	0.848569137095084	-6.86725049667711
RABGGTA	0.0998444113091161	3.75046622593758	0.434963361961705	0.672625496456439	0.848569137095084	-6.58874526316266
LARGE1-AS1	-0.222856767475675	-0.945051334710223	-0.434931944021955	0.672647567968404	0.848569137095084	-6.01460232671699
TUBB7P	0.292935963206583	-3.14809421473727	0.434803652545833	0.67273769777541	0.848611724686873	-5.79049326521183
RAB4B	0.304274483258958	-1.32804623162165	0.434782671626749	0.67275243821177	0.848611724686873	-5.97244412332919
FCHSD1	-0.167733361456195	4.43719000080496	-0.434664972056693	0.672835132367822	0.848671181916436	-6.68429277751572
DIS3L-AS1	-0.368382882008528	-3.71742711867887	-0.434417434397922	0.673009063921569	0.848845707795597	-5.73891150255827
ALDH1L2	0.297849718799148	4.04748234774487	0.434275538257465	0.67310877588805	0.84888255161379	-6.63177614136759
SPDYE18	0.34187239350688	-3.63612948393491	0.434274635859141	0.673109410034398	0.84888255161379	-5.7462218153977
BCYRN1	0.623308231167437	0.0725728763957963	0.434162017647809	0.673188552828509	0.848909450040845	-6.12762061086679
DSN1	-0.0762696115116484	5.10420349083486	-0.434133375301999	0.673208681990436	0.848909450040845	-6.76054554828997
ENSG00000225420	-0.334787684066427	-2.239838818427	-0.434092450035091	0.673237443766419	0.848909450040845	-5.87780207349582
OLFM2	0.0883851794556279	6.71187421995836	0.434027814310055	0.67328287008363	0.848921879670664	-6.86387439415983
MUS81	-0.126762282024729	4.71772898867828	-0.433865293271313	0.673397096767746	0.849021051693386	-6.71921871121629
FARS2	-0.121784545715774	3.81288810223856	-0.433698510713573	0.673514327655284	0.849124000747381	-6.59847914785248
WAKMAR2	-0.206984587395553	-1.41257057008312	-0.433568093809114	0.673606003618768	0.849194722605595	-5.96383946588146
COLGALT1	-0.134313819572363	6.71356553103999	-0.433501458291229	0.673652846906873	0.849208920779926	-6.86418699020309
LIM2-AS1	0.191231620680988	0.441272866117133	0.433221398339256	0.673849738775276	0.849370387453046	-6.16810314856342
EEF1AKMT3	0.170521443241958	1.90841995076443	0.433133517792492	0.673911527159542	0.849370387453046	-6.33627130350154
OSGEPL1	0.102972953736359	3.91015573500949	0.433119069613354	0.6739216858466	0.849370387453046	-6.61275441228108
ENSG00000261635	0.318957242859594	-3.23760858951861	0.433116796175728	0.673923284333948	0.849370387453046	-5.78293992916816
TYMSOS	-0.184243948323657	3.15993031190198	-0.43292919860549	0.674055192783829	0.849399226613027	-6.50331210463655
MAPK11	0.252998789690673	1.19532566897445	0.432899406726701	0.674076141882089	0.849399226613027	-6.25224547039762
DHFR	0.104153223746135	6.54753329038839	0.432882563310092	0.674087985990072	0.849399226613027	-6.85748646048587
CDC6	0.0867559519387395	7.43528050944316	0.432881801253976	0.674088521861874	0.849399226613027	-6.89045542045606
ENSG00000290049	-0.284747751725084	-2.04749706790402	-0.432503277268421	0.674354720469935	0.849644587434716	-5.8977722615009
ENSG00000273066	-0.233182765972708	-0.756891379548862	-0.432493585995632	0.674361536515905	0.849644587434716	-6.03678389757102
ENSG00000268230	0.411894361986909	-3.60815142282684	0.432453060512439	0.674390039148752	0.849644587434716	-5.74950800591469
SECTM1	-0.31962765745545	-1.34914604106719	-0.432352112858271	0.674461040617028	0.849689187458781	-5.97122917140809
COX8A	0.169039487713408	6.98215849469232	0.432054629709639	0.67467029462721	0.84990794478347	-6.87524587054736
EPDR1	-0.12288687326233	3.23469232624621	-0.431655235421351	0.674951280025804	0.850061556275428	-6.5147018508904
GNAI2	-0.0898732753101132	8.48865238158159	-0.431647467979433	0.67495674516308	0.850061556275428	-6.9210240447726
ENSG00000289979	0.319855926286233	-4.02994287462644	0.431646156940846	0.674957667605895	0.850061556275428	-5.71268760163182
DIABLO	-0.156305263851189	0.076847173382733	-0.431640684330246	0.674961518124365	0.850061556275428	-6.12921469954092
ABHD12B	-0.929626058181749	2.23050810989521	-0.431628179011172	0.674970316880028	0.850061556275428	-6.37720141449496
BZW1P2	-0.106336857402273	6.38312014905996	-0.431565116765088	0.675014688322897	0.850072581585194	-6.85063935716693
ZNF200	-0.106625776166982	3.63741690125235	-0.431511549831048	0.675052379759441	0.850075193780329	-6.5738092300957
ENSG00000281195	0.482894249220347	-3.10139581726605	0.431405589364693	0.675126939755621	0.850110836591285	-5.79629896544468
S100A4	-0.20625422358983	3.10093507696252	-0.43137008805478	0.675151921380475	0.850110836591285	-6.49553876168015
ENSG00000291233	-0.157395677471408	0.463411029503123	-0.431264749032755	0.675226048958358	0.850146747024263	-6.17139853844421
MT1F	0.460893635696903	2.52454923736528	0.431178422412166	0.675286800124725	0.850146747024263	-6.41573488231232
OBSL1	-0.201992980089921	6.52121202853614	-0.431140928799237	0.675313186496185	0.850146747024263	-6.85714155686283
CITED2	-0.262120547476152	5.94346473070879	-0.431087108649264	0.675351063577067	0.850146747024263	-6.82739224613956
PRDX2	0.115278482322276	8.53475320701849	0.431057370243882	0.675371993021905	0.850146747024263	-6.92245129881813
ENSG00000308026	-0.315021162927861	-1.87560877340156	-0.43099950463954	0.67541271879766	0.850146747024263	-5.91601437829479
HAAO	-0.213747902227293	1.0496991106802	-0.430975260089302	0.675429782422344	0.850146747024263	-6.23656775469327
ERRFI1	-0.185109805025537	6.32928038880136	-0.430916382451459	0.67547122205752	0.850154071446862	-6.84836923278345
RAPGEF5	0.111643427394311	3.69541770827045	0.430864857042055	0.67550748793044	0.850154883697311	-6.58259304507068
PRELP	0.362775621508274	-0.121042291126767	0.430811133119174	0.6755453021393	0.850157644405941	-6.10805432034457
LIFR-AS1	0.218832624217232	0.334850923420734	0.430641706983159	0.675664560878734	0.850257238028787	-6.15766880073977
ENSG00000242861	0.234899590491089	-0.738191982879441	0.430568608410113	0.67571601772468	0.850257238028787	-6.03973311268499
PLS3-AS1	-0.199021327919792	-0.69315841501626	-0.430543809347622	0.675733475117966	0.850257238028787	-6.04478041066509
ENSG00000235105	0.108863977256608	4.22388508788657	0.430469857827551	0.675785534761815	0.850257238028787	-6.65799881323234
IFT52	-0.0790824181347318	5.62928263088535	-0.43044566746527	0.675802564436506	0.850257238028787	-6.80681460795694
ENSG00000271983	-0.377139453857397	-4.36364011151898	-0.430364151569811	0.67585995188767	0.850284617136842	-5.68816606295122
ENSG00000294460	0.270004917725965	-4.49002939193564	0.430307337451001	0.675899950492839	0.850290117985061	-5.6811940814166
MFSD1	0.163168398976608	3.40671782368862	0.4302186568909	0.675962386002023	0.850323842655894	-6.54048017541322
ENSG00000285454	-0.228636694177448	-2.39983170409939	-0.43016630211465	0.675999247564978	0.850325394836794	-5.86375062472633
ENSG00000287637	-0.345591659779684	-3.97099679499325	-0.430050543964108	0.676080752883516	0.850383100346291	-5.71847358007653
ACSM3	-0.179087839377974	2.43988057075631	-0.429788156461747	0.676265516131696	0.850570672086593	-6.40515365898802
MEOX1	0.320389464949467	-3.95748990833981	0.429699652016233	0.676327842646903	0.850604237785405	-5.71979735151588
ENSG00000300114	0.299633817300513	-1.21633026411785	0.429601688872214	0.676396833137963	0.850646180656748	-5.98691364585899
PDLIM5	0.104316487227201	5.62306671677764	0.429467472827023	0.676491359798274	0.850720232062037	-6.80681977468867
SHBG	-0.194294849987163	-0.118172468953318	-0.429331202147475	0.676587339522821	0.850794377249471	-6.10902589087228
DEAF1	0.103025882430304	6.04781767376501	0.429258751565075	0.67663837121186	0.850794377249471	-6.83431778802971
METTL9	0.0976612757465203	7.19330909198713	0.42919726861256	0.676681679023514	0.850794377249471	-6.88408984446895
ITGA5	-0.15937448836167	6.29613779997095	-0.429181325746977	0.676692909176968	0.850794377249471	-6.84753242217361
OXR1	0.0831621057254024	4.69924872638469	0.429108537800047	0.676744182054667	0.850814021971066	-6.71923330736799
RPIA	-0.110933366228429	4.46810969675968	-0.429051899663788	0.676784079967979	0.850819364582342	-6.69082990517107
RSPH14	-0.251677991701753	-1.55212464413685	-0.428964626237773	0.676845560513428	0.85083243699203	-5.95089601855338
SARM1	-0.200884188832307	3.42020730711524	-0.428935930215468	0.676865776225234	0.85083243699203	-6.54305187450565
CNOT6LP1	-0.243220073792939	-0.594935544670681	-0.428870947902353	0.676911555816629	0.850845170774988	-6.05654716159084
SNPH	-0.201872018069247	3.25836482497848	-0.428662944762101	0.677058101844042	0.850984555095674	-6.51951000208659
CNKSR3	0.131595247464698	2.88961620741958	0.428540432515352	0.677144422919525	0.851014951976067	-6.46681860188564
ASIC4	0.395492971753149	-1.50232626506226	0.428527409322674	0.677153599236498	0.851014951976067	-5.95640775130055
OTUD4P1	-0.12121015820416	2.01214947630669	-0.428394264210902	0.677247418243994	0.851046527199439	-6.35121380848802
GSDMB	0.240806956634456	2.52102981898306	0.428307869788164	0.677308298061234	0.851046527199439	-6.41656774928373
ANGEL1	-0.134962524545608	5.64264103254632	-0.428248854073885	0.677349886238446	0.851046527199439	-6.80877282918244
ENSG00000257191	-0.361698582029688	-4.32953438681187	-0.428224942238323	0.677366737151989	0.851046527199439	-5.69096495327644
MMP28	0.414780914897777	-3.71704815999413	0.428206126692441	0.677379996789221	0.851046527199439	-5.74158661082691
MATN2	0.131783133778144	3.69508325799099	0.428188142116952	0.677392670935088	0.851046527199439	-6.58376469108636
NICOL1	0.371379821256204	-0.101770464261892	0.428038905664813	0.677497845371208	0.851064517806437	-6.11138498746334
VKORC1	-0.146302693906544	3.58513619667345	-0.428026084125261	0.677506881693231	0.851064517806437	-6.56768965191475
SLITRK2	0.264964871030543	0.952041413442992	0.428016031630581	0.677513966494419	0.851064517806437	-6.22689024195612
PPP4R2P5	0.163818535332655	1.62841318363701	0.427839936132357	0.677638080481082	0.851175625853481	-6.30493987318696
EFNB3	0.10313843900912	4.8381532814564	0.427536760107775	0.677851785805576	0.851352915426095	-6.73580292900829
ACIN1	0.107977246835547	7.78545777076866	0.427536199345191	0.677852181108418	0.851352915426095	-6.90373394916005
CEP68	0.103106164152828	5.56746477252559	0.427467736514709	0.677900443925616	0.851352915426095	-6.80360478102414
PSMD10	0.100474752619608	6.99921916237864	0.427413315745203	0.677938808889986	0.851352915426095	-6.87800669262883
RGCC	0.386898133284807	-2.99672371870972	0.427386692437186	0.677957577851777	0.851352915426095	-5.80780250460473
SPACA6-AS1	0.368968206721457	-3.91959691746925	0.427230202647954	0.678067905044019	0.851446661213532	-5.72414138739795
ENSG00000259723	-0.249673359324424	-1.2795640729118	-0.42713716922706	0.678133498500768	0.851484228152242	-5.98109265002768
ENSG00000237301	0.33993716926615	-3.95748990833981	0.427036338260962	0.67820459281182	0.851489871238808	-5.72091790088401
SVOP	-0.356287492804061	-0.967486299055481	-0.427029597640153	0.678209345634128	0.851489871238808	-6.0155801339346
SLC31A1	0.0744251080040623	6.99566083029367	0.426840142899596	0.678342936503847	0.851548073162484	-6.87813736464271
ENSG00000273980	0.428379381036744	-3.45099251431754	0.426812737329383	0.678362262052181	0.851548073162484	-5.766092903065
NQO2	-0.10867376030589	5.80179314379482	-0.426788747852277	0.678379178878949	0.851548073162484	-6.82043787470922
SCAMP1-AS1	-0.180682028932851	1.53554280793309	-0.42676146425913	0.678398418867536	0.851548073162484	-6.29444281471309
ENSG00000229178	-0.282021846181734	-3.2933476946176	-0.426658224094383	0.678471224500129	0.851594673423328	-5.78056522292023
CDC45	0.0848182123146506	4.81653825058498	0.426498801439387	0.67858365718324	0.851691004732456	-6.73385442490294
TLK2P1	0.12559066759273	4.13002330010074	0.426319229117813	0.678710310275434	0.851727197912595	-6.64693960790387
ENSG00000267030	-0.447623167055928	-2.46458269020451	-0.426306482569961	0.6787193008653	0.851727197912595	-5.85909136396364
ZFYVE19	-0.110564959430909	3.58606131949608	-0.426279132105371	0.678738592290675	0.851727197912595	-6.56861762462977
ENSG00000299897	-0.343294844327196	-3.58915194063957	-0.42625553057371	0.678755239632026	0.851727197912595	-5.75384377020689
SCAMP1	0.085805260354511	6.41976990760057	0.426107615193192	0.678859575865349	0.851813337741353	-6.85485010083285
LINC01954	-0.250786325610641	-3.18488763508304	-0.426015281417328	0.678924709661952	0.851850281016813	-5.79084659649277
ENSG00000301077	0.343833377763304	-3.62821500567593	0.425782002060977	0.679089281149131	0.852011978824912	-5.75053674513789
SMIM1	-0.31094687094581	0.0381778999133838	-0.425698496506567	0.679148196062811	0.852041105731239	-6.1276523009803
EPHX1	-0.117148162084946	5.84598835599213	-0.425494241175046	0.679292311987974	0.852177114860288	-6.82386631275446
SMOX	-0.136689668518855	3.92236003727123	-0.425360804729615	0.679386467705017	0.852221456447343	-6.61804630280211
GFI1B	0.258424337683442	-2.58561548038652	0.425281107288909	0.679442706737741	0.852221456447343	-5.84780347767562
CYP1B1	0.371730208368217	1.95690246655146	0.425274526388514	0.679447350686082	0.852221456447343	-6.34578398346979
LRRC37A9P	0.23456994975181	-0.213533367466304	0.425241741505374	0.679470486225185	0.852221456447343	-6.10042334341983
PGAM1P7	0.297126846748093	-2.75482118382408	0.425113242897311	0.679561168096001	0.852290404568957	-5.83164742282383
SLC12A8	-0.119664056847134	3.43268849121081	-0.425019925502578	0.679627025823747	0.85232821319612	-6.54666577557915
HIGD1AP1	0.186629170882557	-0.123065700118301	0.424931859508624	0.679689180017363	0.852361373448634	-6.11043621425254
RPL17P39	0.505024726356609	4.09085796579873	0.424785537237877	0.679792455196548	0.852430094165266	-6.64216574350513
HSPA8P15	-0.303905953805112	-2.84930450056786	-0.424753014462954	0.679815410916398	0.852430094165266	-5.8228206598784
ENSG00000238110	0.22604972297954	-1.77828423016395	0.424548748660366	0.679959596733956	0.852566099041205	-5.92892648319976
ENSG00000301128	0.313339972472143	-3.07564124845064	0.424435273834051	0.680039701435784	0.852621745858787	-5.8016721323599
FASTKD3	0.121498953942336	3.86820043908464	0.42432416373588	0.680118140850146	0.852675299031908	-6.61074487234868
PTK2	-0.0787252423328591	7.90991684770478	-0.424245874756385	0.680173412225321	0.852699801953027	-6.90886465471086
SON	0.105138967815071	8.28170534027291	0.424100724573133	0.680275892299635	0.852745143931255	-6.91915163976087
ENSG00000302091	0.141436924041346	0.754270011027831	0.424024577970187	0.680329656645175	0.852745143931255	-6.20661174225483
TRAM2-AS1	0.144080718122977	2.55995865760538	0.424013473222007	0.680337497460269	0.852745143931255	-6.42368784463474
DSC3	0.16092452071356	2.99282386130515	0.423923613823811	0.680400946642882	0.852745143931255	-6.48345800677589
PLSCR2	-0.379425277644572	-4.27428413541553	-0.423884003366336	0.680428916177637	0.852745143931255	-5.69627417996405
ENSG00000309067	0.326412521372924	-3.66733049588622	0.423843658164481	0.680457405047181	0.852745143931255	-5.74785058512256
EIF2S3	-0.0952414215646549	9.21394557962971	-0.423840431506017	0.680459683503195	0.852745143931255	-6.94155284955329
C6orf62	0.085003025092786	7.18873983165795	0.423674650930755	0.680576751468903	0.852800897205043	-6.88644986322573
DDX31	0.11160383792916	4.98375966390389	0.423644140673254	0.680598297624261	0.852800897205043	-6.75319405947087
ENSG00000300712	-0.254628779738874	-4.477692579448	-0.423610083854859	0.680622348693887	0.852800897205043	-5.6846600551968
CCNL2	-0.184066965593401	5.89348651918945	-0.42357503870072	0.680647098121208	0.852800897205043	-6.82773740570778
PECAM1	-0.197011511388327	-1.58619248995366	-0.423440812449495	0.680741894432109	0.852874897344417	-5.94966616840056
SPIB	0.154723396406475	2.55855386304638	0.423274902472175	0.680859075176567	0.85291583759771	-6.42383055156926
ENSG00000261351	-0.170219464358994	-0.0969764920100076	-0.423266716732758	0.680864856921522	0.85291583759771	-6.11400849779185
RNF144B	-0.181424114580775	2.7765448267296	-0.423191423258923	0.680918039161711	0.85291583759771	-6.45349279675692
CDV3	-0.11753114363161	7.48437185481291	-0.423147857532056	0.680948811892769	0.85291583759771	-6.89648860382809
TATDN2	0.128469543129967	4.1275866368134	0.42314157044967	0.680953252835479	0.85291583759771	-6.64803522521893
ENSG00000297814	0.341317958338721	-2.13827778822093	0.422815177441345	0.681183821263442	0.85315985842226	-5.89279931283144
ENSG00000309656	-0.247190773030636	-1.9534974561479	-0.422673506637525	0.681283910118648	0.853219540008676	-5.91158665914765
CHST8	0.166948755879106	4.87818041301148	0.422646528855765	0.681302970355945	0.853219540008676	-6.74246645833001
ENSG00000206567	0.198473469967907	-1.8596330413059	0.422564445532915	0.681360964987561	0.853242221562765	-5.92131783959444
RAB5IF	0.470759535260663	2.71071608294589	0.422519698037998	0.68139258151365	0.853242221562765	-6.44474670997806
ABCB6	-0.190725287523457	0.834634796664362	-0.422301307204013	0.681546895707527	0.853390680439197	-6.21629211632787
UCK2	0.133810892055685	6.74724940064742	0.42193646645109	0.681804725151415	0.853660831667931	-6.87083420729899
TMPO	0.0906465282302484	8.34078258764242	0.421894786758386	0.681834182515011	0.853660831667931	-6.92169575393726
SPG21	0.117569500388508	6.5132886945394	0.421813133361661	0.681891893144851	0.85368830327781	-6.86104788366207
ENSG00000288813	-0.299689911114976	-2.38040478366939	-0.421725131742986	0.681954092944569	0.853721391886076	-5.86927310452867
SETD3	-0.0859537541492905	6.51768711116849	-0.421638618764972	0.682015242996757	0.853753162939453	-6.86131847928136
RIF1	0.130498622189393	6.90221418261674	0.421455735103146	0.682144518754435	0.853870206593177	-6.87709060200522
EEF1A1P6	-0.19142403585937	8.15724894533773	-0.421325117933101	0.682236855255378	0.853937907744924	-6.91708067379051
ENSG00000272969	-0.303691673811507	-3.54632993965747	-0.421264690070448	0.682279575058041	0.853937907744924	-5.75979232400294
SLC31A2	0.164726293764423	0.958918062970351	0.421227395434888	0.682305941286952	0.853937907744924	-6.23067270236888
ASS1P7	0.46668547737269	0.738944096224353	0.421078560867918	0.68241116747274	0.853964591416319	-6.2062143586325
GPC3	-0.186565428136638	7.31360442428237	-0.420947951658593	0.682503514175341	0.853964591416319	-6.89191477264262
LINC02980	0.176356047115212	0.0468226964383531	0.420938096095682	0.682510482732766	0.853964591416319	-6.13068128087598
ENSG00000300507	-0.344222093711975	-3.43204447830227	-0.420906675738378	0.682532699283837	0.853964591416319	-5.77029758963932
DIP2C	-0.102351211195682	4.68691963490184	-0.42083845826706	0.682580935247985	0.853964591416319	-6.72151871221453
KLK3	0.335193967112367	-3.74537587056731	0.42074966974431	0.682643719056901	0.853964591416319	-5.74219143494775
RARB	0.456884898571094	-3.14712782477802	0.420698671157367	0.682679782131855	0.853964591416319	-5.79658914751007
FAM91A1	-0.0756976743018836	4.95893120453546	-0.420622603879492	0.682733573800014	0.853964591416319	-6.75195965295686
ENSG00000282936	-0.269510580461252	0.599598365450784	-0.420577635425887	0.682765374524976	0.853964591416319	-6.1910703618144
LITAF	-0.187589227745884	7.14356781238514	-0.42052102818069	0.68280540687622	0.853964591416319	-6.88629979159655
LOXL2	-0.154721721041989	6.31361910082736	-0.420454392271915	0.6828525327643	0.853964591416319	-6.85236345951971
TRMT5	0.0782900690303832	5.40502751986437	0.420439852994199	0.682862815343252	0.853964591416319	-6.79394234302331
ENSG00000272717	-0.285695354193989	-3.17681631983023	-0.420427158236059	0.68287179348246	0.853964591416319	-5.79394839234548
RPL34-DT	-0.229923475775	-2.15428037738991	-0.420415200556108	0.68288025038368	0.853964591416319	-5.89222010564384
KPNB1	0.0789070444793509	9.43972309796762	0.420405688457298	0.682886977714746	0.853964591416319	-6.94791812380055
CLPP	-0.102671155306614	5.69885356517811	-0.420387637599776	0.682899744072228	0.853964591416319	-6.81631743868783
EXOSC10-AS1	0.231144880946942	-0.0861989096982629	0.420244128051358	0.683001244033099	0.854040985837076	-6.11650065495957
RTCA	-0.0795945661389448	5.3778194753207	-0.420151018744733	0.683067100961645	0.854040985837076	-6.79178129648697
RPL5P18	-0.531848626751714	-3.22968989730269	-0.420149485721939	0.683068185303723	0.854040985837076	-5.78917141564793
KIF18B	-0.118597198860845	5.88776155832973	-0.420013381958729	0.683164457611315	0.854102651340963	-6.82898352331849
ITGB8-AS1	-0.170516133947713	0.524928287526983	-0.419978577008846	0.683189077670018	0.854102651340963	-6.18313339864504
DIS3L	0.0840758306632283	6.02925709231235	0.419878302702797	0.683260011111337	0.854146589419353	-6.83751852188724
ENSG00000262624	0.198886644163922	-0.139347387261291	0.419720155129038	0.683371890304276	0.854219915746689	-6.11093851714079
ELP4	0.104645356042565	4.77220439361356	0.419694205250961	0.683390248932303	0.854219915746689	-6.73190956199781
SNORA79B	0.34578231922034	-2.53085581682218	0.419623309128477	0.683440406550887	0.854237872906522	-5.85549854976643
ENSG00000294254	0.328984290104291	-3.15271493939842	0.419565774732472	0.683481112193335	0.854244014700373	-5.7965443443823
NUTM2A-AS1	0.103773313571494	4.92414183772943	0.41940917241804	0.6835919138579	0.854337760278918	-6.74886655464134
TOX4P1	0.222292629855995	-2.84633692920717	0.419292669961116	0.683674348553173	0.85436422465523	-5.82540754944184
TTBK2	0.123942677372725	4.46838731042475	0.419278065180146	0.683684682896478	0.85436422465523	-6.69528134214989
CCR4	0.333809184616121	-3.19266125265721	0.419034593802099	0.683856973306454	0.854534784392939	-5.79306234643866
STRBP	-0.079470323118338	7.09459992132647	-0.418823303172985	0.68400650666486	0.854649131805676	-6.88532882738715
CCDC90B	0.0713716051141891	5.76831927122179	0.418804097439853	0.684020099541292	0.854649131805676	-6.82181379825179
APOLD1	0.369640772780076	1.06854276537113	0.418687175282082	0.684102853858701	0.854675673069965	-6.24415523469526
ENSG00000293838	-0.381621125349578	-2.23461851271589	-0.418672894424674	0.684112961760113	0.854675673069965	-5.88495464841067
SNORD89	0.379505285280229	-4.03164820399682	0.418478371159284	0.684250650603396	0.854762446226917	-5.7180320786091
SNORD46	-0.461409550205157	-3.08915133065956	-0.418458766870913	0.684264527721559	0.854762446226917	-5.80292273465357
ENSG00000249456	0.214640277375728	-2.8980871860942	0.418422981946878	0.684289858803272	0.854762446226917	-5.82087464433635
DCAKD	0.0903321527394008	5.52160417603212	0.418369211498681	0.68432792207146	0.85476525623192	-6.80417353345203
MED13L	0.120932705251793	6.03338089656973	0.418271807386089	0.684396875288819	0.854787306794246	-6.83847660609539
CFAP97	-0.0833655706549363	5.98897914084043	-0.418243090153184	0.684417205046216	0.854787306794246	-6.83592427752097
TEX46	0.375420557286414	-3.9990894099822	0.418012842886476	0.684580213253112	0.854946154032339	-5.72104625130061
RUFY2	0.101396391776743	3.73811548055946	0.417806502323279	0.684726310614669	0.855050182443721	-6.5947078448431
TRHDE-AS1	0.276320558819962	0.45000676524886	0.417785813264511	0.684740960044762	0.855050182443721	-6.1758865329192
FOXK1	-0.177077901066821	4.29642397961551	-0.417663130698471	0.684827831457778	0.855050182443721	-6.67356348052916
GART	-0.0929312666410063	7.7296625844928	-0.417625834203465	0.684854242024266	0.855050182443721	-6.90656030143627
ENSG00000274315	-0.460142939184204	-3.48549796240163	-0.417608317203154	0.684866646396768	0.855050182443721	-5.76681188920117
ENSG00000286670	-0.318825937258785	-3.5702877411759	-0.417591626727456	0.68487846557073	0.855050182443721	-5.75915683699657
ENSG00000276337	0.363335406678344	-2.97627642387581	0.417504071356514	0.684940468385418	0.85508286216941	-5.81389056221676
ESR1	0.333993700757147	-3.52115442670242	0.417418013591131	0.685001413046617	0.855114217541901	-5.76366255711444
IRS3P	-0.320349644894503	-2.3561621007747	-0.417050004818559	0.68526205732122	0.855394849481462	-5.87362697352068
WSB1	-0.135702971698789	6.5979414927056	-0.416955233127154	0.685329186896218	0.855433905321481	-6.86689325157669
AGAP3	-0.141953283491039	5.60892392892665	-0.416837848265039	0.685412338014546	0.855460231692372	-6.81148860234512
H2AZ1	0.0866743265753733	8.52203986824906	0.416824259856784	0.685421963826757	0.855460231692372	-6.92859085530742
ENSG00000285367	0.286483300136463	-2.11986990911836	0.416559582457523	0.685609468820859	0.855649508070876	-5.89730457489214
AK3	0.121341933342281	6.00935906597625	0.416449478663055	0.685687476052572	0.855702117173686	-6.83790157519382
HSPA8P8	0.544027540440409	-0.658997421860403	0.416254510345555	0.685825618263568	0.855829762161276	-6.05483816087609
METTL25B	-0.179788677740945	4.29733679504416	-0.416114116422457	0.685925100008154	0.855902491120165	-6.67437396205497
ZNF565	-0.1250443789427	1.59480097675686	-0.416041845581623	0.685976312857007	0.855902491120165	-6.30617775544667
ENSG00000307273	-0.4174862770711	-3.568889967358	-0.415961346989488	0.686033358044465	0.855902491120165	-5.75995520569393
ENSG00000287892	-0.346889415067373	-4.43609307780562	-0.415910590652708	0.686069327494346	0.855902491120165	-5.69010844737613
PMEPA1	-0.18253519731782	4.5029483398626	-0.415901329415547	0.686075890735815	0.855902491120165	-6.70120597341759
DHCR24-DT	0.255378391366353	-1.36336761283258	0.41576216712147	0.686174515374589	0.855902491120165	-5.97687128362472
ENSG00000293550	-0.448713289877742	-3.18803044583878	-0.415720794564789	0.686203837388972	0.855902491120165	-5.79486849259412
MED14	0.121491063709776	6.95823652601309	0.415665879177181	0.686242758468691	0.855902491120165	-6.88178533257308
GPR155-DT	-0.222489343168733	-0.914952732657964	-0.415659526661134	0.686247260853052	0.855902491120165	-6.02638496731171
GNL2	-0.0957637678203174	7.00825673496272	-0.41562534494097	0.686271487575313	0.855902491120165	-6.88365294606497
AATF	0.102878735719191	6.31023337630014	0.415615627711954	0.686278374850907	0.855902491120165	-6.85435847833577
CTNS	0.128955639078591	4.06016767821959	0.415397913042003	0.686432692241824	0.856050217668284	-6.64207449317347
FGD5-AS1	0.0749572026289265	6.69763475667562	0.415324748592789	0.686484555000618	0.856070164282343	-6.87178839847816
POLA2	-0.10214893339738	3.51339737289684	-0.415042708006261	0.686684495924843	0.85627475779719	-6.56298069070554
ENSG00000283098	-0.403255756682547	-1.89265148477868	-0.41487487358939	0.686803487136411	0.856378393369454	-5.92116952105283
LINC00887	-0.199363666453685	0.122863812526055	-0.414717931714673	0.686914763849055	0.856472399372344	-6.14163896047626
ENSG00000279878	-0.245291666978246	-3.00188502743266	-0.414644959452371	0.686966506135597	0.856492169562675	-5.81267398556174
C9orf78	0.110468101675478	5.90497074563906	0.414437603494305	0.687113544807947	0.856630744563898	-6.83255053717137
SERBP1P5	-0.0946267928658218	6.33822956784626	-0.414318719252569	0.687197853246615	0.856674212117233	-6.85629469327909
CUTA	-0.140436174511281	6.80720447849295	-0.414287211761653	0.68722019798033	0.856674212117233	-6.8766407892939
ENSG00000294399	-0.278391429056099	-1.33113369840101	-0.414183499596986	0.687293751624701	0.856721155796038	-5.98103867719382
LINC02814	0.220124931027722	-0.897930768981788	0.414047602585874	0.687390136228945	0.856747750957608	-6.02897438501859
DSP-AS1	0.180100161762575	1.15296444662808	0.414027513728902	0.687404384695706	0.856747750957608	-6.25577333400179
RIPK1	-0.127877342268354	3.97973149141865	-0.414001582039045	0.687422777510295	0.856747750957608	-6.63136466915274
PTOV1-AS2	0.25283117058366	1.35729818401307	0.413909073783967	0.687488393450922	0.85678478860076	-6.27929871126494
JPH3	-0.0977282376267441	5.57303189555652	-0.413793025616986	0.687570710045094	0.856842634536668	-6.8101705988545
ENSG00000298553	-0.207804325383822	-1.59559512601437	-0.413657928575538	0.68766654397801	0.85691731870324	-5.95283917117682
ENSG00000293855	0.118020795319441	5.47906166064652	0.413525129381247	0.687760753520654	0.856989970986606	-6.80299397560199
CD44	-0.17390550106489	3.77032657517105	-0.413310310364494	0.687913160859942	0.857063380433574	-6.6014086362737
CFAP58	0.208583402395577	0.456248870393912	0.413300206549802	0.687920329558672	0.857063380433574	-6.17850843294166
ISCA1P6	-0.248436376082351	1.31650442631204	-0.413290245804458	0.687927396780743	0.857063380433574	-6.27485044255984
HHLA2	0.30107628827219	-3.72243688418204	0.413159882043336	0.688019893723699	0.857133876370369	-5.74735371896213
SPC24	-0.127861835669791	4.7879586127454	-0.412993838526181	0.68813771429786	0.857235911433114	-6.7366733762584
ZNF584	0.141740388252921	2.79391786112973	0.412913121717758	0.688194992198097	0.857260744688708	-6.46043762355679
HMBOX1	0.141204530969709	2.93956673645962	0.412817026413266	0.688263185605735	0.857260744688708	-6.48084500261319
ENSG00000254510	0.206145465306285	0.155201474159302	0.412790778485615	0.688281812784765	0.857260744688708	-6.14597983357106
ENSG00000283757	-0.20757076901956	-1.46861843095766	-0.412715983460135	0.688334893230647	0.857260744688708	-5.96680613050128
LRRC8D	0.111256861033288	6.40273153808031	0.412647626740801	0.688383406094427	0.857260744688708	-6.86009259663442
NT5E	0.221033401326005	-0.410606789898256	0.412643108601852	0.688386612676316	0.857260744688708	-6.08416705161417
NYNRIN	0.159433551910667	6.4387619023258	0.412611456644553	0.688409076662496	0.857260744688708	-6.86178804471848
KCNQ2	0.16049157573255	6.1928099940637	0.412460634737017	0.688516122142488	0.857334552241582	-6.84978017808883
WDR36	0.0851562721304076	5.860572142951	0.412426726709121	0.688540189272495	0.857334552241582	-6.83065401942372
ST13P19	0.344272450045713	0.941937107243417	0.412288718667246	0.688638147922251	0.857357899260065	-6.23265766923081
ENSG00000273329	-0.175580513480253	1.13554814034586	-0.412266365357959	0.688654014955355	0.857357899260065	-6.25455178116365
ARL4AP5	0.324501089089498	-2.61274088284065	0.41224848564538	0.688666706612255	0.857357899260065	-5.8506700487715
ENSG00000226349	0.312814504872748	-4.09316742538779	0.412135380917869	0.688746994717446	0.857399590223287	-5.71530768028296
CD27	0.46075200445596	-2.6421899906696	0.412068050170766	0.688794791792667	0.857399590223287	-5.84790870968551
TSNAXIP1	-0.180412907123722	0.121528347393731	-0.412038717592224	0.688815614992716	0.857399590223287	-6.14264383500524
ENSG00000272255	-0.317577957416796	-3.09914990383388	-0.411998887471622	0.688843890833851	0.857399590223287	-5.8046654614998
SNHG1	-0.12932816339655	6.85159101057386	-0.411622809372996	0.689110897512583	0.857687202280602	-6.87955090710762
ATOH7	-0.324114249111782	-1.44262002326633	-0.411345866806258	0.689307548817294	0.857880401642097	-5.97018391182674
LINC01732	-0.275640110379607	-3.12535891255855	-0.411245820669714	0.689378595501034	0.857880401642097	-5.80253260061797
RNU6-118P	-0.440921830085255	-3.69547763820714	-0.41098888765337	0.689561068171043	0.857880401642097	-5.75063867409905
ATP10B	-0.316401238380734	-3.81355036572579	-0.410963561244949	0.689579055999058	0.857880401642097	-5.74016876245922
PLEKHA7	0.109489484273857	4.39004319465102	0.410891708415528	0.689630089852271	0.857880401642097	-6.68896107289511
ING4	-0.162094710148923	4.11932962244361	-0.410888271178197	0.689632531209102	0.857880401642097	-6.65232211535838
HLX	0.242507110691574	-2.91013892559197	0.410868636805095	0.689646476931097	0.857880401642097	-5.822869713534
ENSG00000278974	0.321171747535323	-3.37319053141045	0.410806055677954	0.689690927289431	0.857880401642097	-5.7798384235494
ENSG00000300314	-0.283694698900564	-2.55713147329349	-0.410790341215774	0.689702089210592	0.857880401642097	-5.85664347237085
PIGH	0.133294654020714	2.1915573970411	0.410769418928677	0.689716950350242	0.857880401642097	-6.38151137344613
ENSG00000278867	0.246384814968871	-1.21752968141308	0.410741055894268	0.68973709688686	0.857880401642097	-5.99488997683856
SELENON	-0.11769677713836	7.94829876342392	-0.410718919641525	0.68975282065658	0.857880401642097	-6.91600254651523
CYP39A1	-0.141156636454151	1.24078437706621	-0.410656514512172	0.689797148948835	0.857880401642097	-6.26726906258332
FUBP3	-0.0857932945370674	6.86853263332522	-0.410639158187474	0.689809477900802	0.857880401642097	-6.88062696940582
ENSG00000261349	-0.211792957847926	-2.0588814088771	-0.410590216898995	0.689844243536714	0.857880401642097	-5.90596761479055
FGF13	-0.168116608195112	5.66435900480858	-0.410555866374469	0.689868645016944	0.857880401642097	-6.81824909866405
LINC00106	-0.419507894283165	-0.692902648850035	-0.410543857878423	0.68987717554434	0.857880401642097	-6.05346630007779
ENSG00000225603	-0.136088722065665	1.33129637391682	-0.410271502277633	0.690070662168064	0.858046238956279	-6.27786188110316
ATR	0.106906197170569	5.49814860012348	0.410254926912849	0.690082438377918	0.858046238956279	-6.80593851017943
FADS2	0.181777439208135	9.58674592320174	0.410129203956039	0.69017176290338	0.858076346213394	-6.95551898243312
NFX1	-0.0961922515852347	5.72985881610133	-0.410119641749354	0.690178556930428	0.858076346213394	-6.8230355343791
LINC02615	0.226557633475976	0.173630822741687	0.409919729218716	0.690320603027962	0.858153632700341	-6.14921247695034
PEF1-AS1	-0.351696988553861	-3.59103783826221	-0.409810609266145	0.690398142559029	0.858153632700341	-5.76047460018348
BRD1	-0.111569653847194	5.52110071781691	-0.409794447743496	0.690409627091469	0.858153632700341	-6.8079293086333
STYK1	-0.220809342263243	1.09151825027895	-0.409791302665355	0.690411862023601	0.858153632700341	-6.25061396805143
PLK3	-0.138144234329443	2.60858042592913	-0.409779148114751	0.690420499229562	0.858153632700341	-6.43648004960501
SH3GLB1	0.0771457595813851	5.9908113454197	0.409698742625759	0.690477637746291	0.858179960427575	-6.83981269170891
ENSG00000295570	0.318031940668067	-2.42222576846046	0.409577243763868	0.690563982285171	0.858242583066037	-5.87026654028843
PRDX6-AS1	-0.152173682289389	-0.00202692799464147	-0.409524896238157	0.690601185076319	0.858243151939796	-6.13028504515845
CHKB-DT	-0.164793961928968	1.19812558054413	-0.409475404859652	0.690636358828329	0.858243151939796	-6.26288827206487
SVIP	0.140880000772703	3.22518817114086	0.409134951052796	0.690878341786971	0.858499160901215	-6.52335348202793
ENSG00000251567	-0.675058409244046	-2.52060297446893	-0.409041335093433	0.69094488720244	0.858532207596713	-5.86090304090388
FOXN3	-0.104208929457415	7.3726916581073	-0.408996330200843	0.690976879194086	0.858532207596713	-6.89918268347658
CEBPD	0.258534263647595	0.00481738502765658	0.408907803353663	0.691039810878284	0.858537507524182	-6.1312937294517
RPH3A	-0.328046909230574	-1.27885286179994	-0.408881452887877	0.691058543289024	0.858537507524182	-5.98897356058252
ENSG00000280216	-0.227235138396082	-2.70050185252402	-0.408818284844897	0.691103450013895	0.858537507524182	-5.84365185581856
CHCHD5	-0.105650985849164	3.48921077772133	-0.408787927565587	0.691125031720036	0.858537507524182	-6.56218679848547
PARP2	0.0843034151749569	5.66141027069687	0.408628273049142	0.691238538643835	0.858614186761756	-6.81888314865215
TMED10	0.124497401566817	8.11460038150441	0.40852066082813	0.69131505043289	0.858614186761756	-6.92160887885195
EMILIN1	-0.392423391140367	2.97394957834995	-0.408502640810494	0.691327862936855	0.858614186761756	-6.4875823472747
CANT1	-0.122404642912787	5.53705420149048	-0.40848407134851	0.69134106621061	0.858614186761756	-6.80973555575514
KRR1	-0.108062127372165	5.84028335860103	-0.408446239104677	0.691367966057678	0.858614186761756	-6.83109826187277
COX10	0.108376199931048	5.01106975194371	0.408397518618968	0.691402608428968	0.858614186761756	-6.76278098380197
BCL6B	0.189172430825872	4.07898324412907	0.408340368592806	0.691443245516823	0.858619976105619	-6.64779697918466
TTC23	-0.0816818885388981	4.60336036098749	-0.408240479332455	0.691514275217131	0.858663503803511	-6.71698498719861
VIPAS39	0.0862207634167298	5.18758609601235	0.408147345015362	0.691580504400916	0.858701066410189	-6.78016948093639
ENSG00000289060	-0.230847440099106	-2.60210237181997	-0.408013581954313	0.691675630040207	0.858774502531843	-5.85344180853802
FAM111A-DT	-0.115580717524881	2.21258787076436	-0.407934415940523	0.691731931615541	0.858791275916038	-6.38540365857938
ADGRG1	-0.273658632328887	3.16864006622644	-0.407893396938055	0.691761104432306	0.858791275916038	-6.51571572954785
TFRC	0.171367165211095	7.95765969320718	0.407830540918	0.69180580881339	0.858802103346987	-6.91753542588814
FAM184A	0.102062995025098	4.16618336025047	0.407729905558993	0.69187738514689	0.858846286539805	-6.66024366724698
ATAD3C	0.28718869625326	-0.615263697782266	0.407648523918073	0.691935269701838	0.858873470042323	-6.06340720200497
MAP4K3-DT	-0.150266220334369	2.8107755728542	-0.40737131143125	0.692132458994646	0.859073555506017	-6.4651744512793
ENSG00000277342	-0.344991081256631	-0.862170299532694	-0.407285188538176	0.692193725608236	0.85910492194965	-6.03582280746485
VPS8	-0.0729965043745002	5.72881556519883	-0.407134134376349	0.692301189018845	0.859193618548842	-6.82426757330946
ENSG00000288827	-0.192637905959713	-1.92091828965364	-0.407016407049466	0.692384947902075	0.859252888497235	-5.92152848151998
BFAR	-0.0843367861311668	6.79962150487649	-0.406951399243173	0.692431200545024	0.859265609286544	-6.87956753010192
GNAZ	0.138983588930374	4.71921498843321	0.406850815352582	0.692502767951793	0.859271174449052	-6.73150177161427
ENSG00000268520	0.280574703665966	-4.49002939193564	0.406789316594562	0.692546527080464	0.859271174449052	-5.69079350822282
UBIAD1	-0.0846459335203722	5.25635756904154	-0.40676924350813	0.692560810239097	0.859271174449052	-6.78712916445899
ENSG00000308301	-0.269150898820176	-3.39606669427397	-0.406664218041306	0.692635543969676	0.859271174449052	-5.77942830879008
PABPC4L	0.108113643149277	2.58474165418645	0.406643897445565	0.692650004041033	0.859271174449052	-6.43462345668428
KLHL2	-0.101917975811808	3.60427689896778	-0.406612952370059	0.692672024706393	0.859271174449052	-6.57999950183227
TYW1	0.0893999897875295	4.99880788132688	0.406590920976683	0.692687702534871	0.859271174449052	-6.76230239516122
ENSG00000287016	-0.141706468091141	0.358899198226529	-0.406446140075888	0.692790734297008	0.859304383103053	-6.17081626751047
RILPL2	-0.128154250375184	2.71264074040751	-0.40641622957589	0.692812020597285	0.859304383103053	-6.45206632235057
LINC02666	-0.44598109156702	-3.5020134331568	-0.406401525957761	0.692822484771947	0.859304383103053	-5.76989164086514
GPR108	0.0870410802193185	5.37394056357408	0.406244580205107	0.692934183105845	0.859342792353855	-6.79758913402677
TMEM9	-0.168018055864517	6.54495257383392	-0.406225517672026	0.692947750439777	0.859342792353855	-6.86933486762041
RSPH1	-0.201407329874879	-1.7431807680979	-0.40615596788934	0.692997251913169	0.859342792353855	-5.94036880213348
ENSG00000258603	-0.171182652335564	-1.12927159599076	-0.406149666135538	0.693001737208128	0.859342792353855	-6.00653000158253
CHST4	-0.139147922113923	3.66338057609883	-0.405873266940281	0.693198477486299	0.859342792353855	-6.58903167058858
ENSG00000272384	-0.211615551419446	-1.23013280716731	-0.405859294301639	0.693208423809993	0.859342792353855	-5.99555153165214
ENSG00000272791	-0.267723967273871	-2.7982346415684	-0.405843279610446	0.693219823829258	0.859342792353855	-5.83553558013527
CSRNP2	0.0773388458250901	5.48549327181829	0.405818523519282	0.693237446550507	0.859342792353855	-6.80687606859783
PAIP1	0.0988926911046795	5.79557821852511	0.40579927299527	0.69325115024424	0.859342792353855	-6.82937213962588
ENSG00000276101	-0.473852015856463	-3.25369162034553	-0.405720183810765	0.693307451949303	0.859342792353855	-5.7928846777329
SPOPL-DT	-0.289982325153122	-0.936998199527965	-0.405694141803846	0.693325991060403	0.859342792353855	-6.02812006150904
UBE2Q2P1	0.260402943509551	-0.768744631266564	0.405679880570607	0.693336143615987	0.859342792353855	-6.04700245347132
ACTG1	-0.0767243549527183	12.0064505442631	-0.405648136834675	0.693358742173016	0.859342792353855	-6.99725098981517
L3HYPDH	0.118810619086323	2.10854586126397	0.405560704409452	0.69342098746923	0.859342792353855	-6.37326386683567
P3H4	0.105866936756747	5.08487774508696	0.40553362885596	0.693440263705998	0.859342792353855	-6.77148335994666
ENSG00000307585	-0.273621446787654	-2.91461333938433	-0.405488358839809	0.693472493864479	0.859342792353855	-5.82464496190867
CTCF-DT	-0.221066515327219	-1.8166689642835	-0.405461728082981	0.693491454030712	0.859342792353855	-5.93296663705849
PRR15-DT	-0.128413042790335	2.09483966865502	-0.405425883940156	0.693516974154333	0.859342792353855	-6.37159811080003
ENSG00000288866	0.238633364984327	-3.01727781170873	0.405396975221009	0.693537556723508	0.859342792353855	-5.81501853490145
ENSG00000268603	-0.2941266975719	-1.21127293688892	-0.404998612354771	0.693821211570494	0.859649631757929	-5.99797489743254
ENSG00000301521	0.296252867999096	-2.67705619025587	0.404932577214533	0.693868236765311	0.859663268629448	-5.8474870347834
ENSG00000265298	0.286039750633523	-2.51632628268765	0.404628824363023	0.69408456389505	0.859886648662505	-5.86312521831254
C8orf44	0.154933648455152	1.92735137562099	0.40457151010808	0.694125385263592	0.859888597452839	-6.3511799122682
ENSG00000261996	-0.299382366571984	-2.3598405486094	-0.404525447370055	0.694158193619804	0.859888597452839	-5.87845542863439
SAMD12-AS1	-0.377913458494006	-2.33250437937823	-0.404274236058751	0.694337131432134	0.860061234029817	-5.88124567250946
GPN1	0.0839608948808266	5.73347554524006	0.40422861657709	0.694369628295158	0.860061234029817	-6.82585344422246
LIMASI	0.366730669175452	-2.89845846465969	0.404164682231362	0.694415172771091	0.860073011340302	-5.82670826208347
LINC02078	-0.454474485922536	-2.32337868826794	-0.403929225514459	0.694582914438551	0.860236127803689	-5.88228511390852
DDX52	0.106967546082007	6.04215969217712	0.403846064170872	0.694642163512986	0.860239981885847	-6.84531705608379
ENSG00000291189	0.196232324407615	0.421995630707708	0.403741218056773	0.694716865168549	0.860239981885847	-6.17883680231805
SLC35B1	0.123207078569703	5.82379977608047	0.403739699792644	0.694717946939454	0.860239981885847	-6.83208371370675
ZNF17	-0.146911298715572	2.32382801756255	-0.403677672004979	0.694762142665862	0.860239981885847	-6.40150787131651
CASP8AP2	0.104249762710305	5.46551391221125	0.403636932292456	0.69479117097098	0.860239981885847	-6.80624585619623
STARD4-AS1	-0.168184925470223	-0.538077905789476	-0.403520037329293	0.694874465110592	0.860239981885847	-6.07380022132201
TNFRSF19	-0.46088815054198	1.38446914071557	-0.403517578097443	0.694876217495179	0.860239981885847	-6.28690571499478
CDKAL1	0.0741522727450263	4.73539305563704	0.403506992587978	0.694883760475071	0.860239981885847	-6.73482763614924
TBC1D20	0.0833332956106432	5.16992354837616	0.403469588523091	0.694910413992505	0.860239981885847	-6.78053386344878
ADAM33	0.213313075124416	3.17758071066804	0.40337353616418	0.694978861304553	0.86028009349908	-6.51895061642868
MAP2K1P1	0.142972812061493	2.41890524392936	0.403099218661185	0.695174356880113	0.860477459581871	-6.41412525383852
KCNMB3	-0.217090579778274	-0.229398362442917	-0.402926191130974	0.695297678988134	0.860494459943524	-6.10825024090847
ENSG00000275479	-0.32429996591865	-2.93405602171689	-0.402901320875756	0.695315405557167	0.860494459943524	-5.82385618281002
CASP7	0.114633666826084	2.9171870064215	0.402865670094831	0.695340816408396	0.860494459943524	-6.481987386703
TMEM144	0.112695285050296	2.68767536195286	0.402828237135898	0.695367497969311	0.860494459943524	-6.4501924712965
STIP1	-0.0778842025359481	8.66470122732052	-0.402827027710421	0.695368360033969	0.860494459943524	-6.93824747005751
ENSG00000299329	0.257504270854796	-2.43654552162934	0.402764115507609	0.695413203758983	0.860505336692018	-5.87165594418086
ENSG00000299684	0.376674175358228	-3.82166852819132	0.402616505175671	0.695518425005272	0.860590919674469	-5.74280120168466
C17orf75	-0.078358146516039	5.23242400553181	-0.40255144451462	0.695564804418567	0.860603690360702	-6.78677755640135
TRIO	0.151434052610213	5.80960770524957	0.402452581973249	0.695635282493583	0.860645506659835	-6.83172721320285
ENSG00000273026	0.203887089277817	-0.868169224955327	0.402402871542966	0.695670721686075	0.860645506659835	-6.03718510170979
BCDIN3D-AS1	-0.229600109110765	0.267192518973808	-0.40222725396517	0.695795927805053	0.860691250379917	-6.16261292362022
HLA-DRB1	0.108418280991932	4.10220028939957	0.402225607760253	0.695797101508013	0.860691250379917	-6.65368486530967
ENSG00000304438	0.304079091132675	-3.66578356519373	0.402151131257435	0.695850202271502	0.860691250379917	-5.75684388109961
NEK1	0.102528794594159	4.49675503176063	0.402116657589079	0.695874782123961	0.860691250379917	-6.70642634198959
ZBTB39	0.0806717122462981	5.86973700690778	0.40209810994902	0.695888006811969	0.860691250379917	-6.83572889382043
EMC8	-0.0979755290051409	5.09005509355279	-0.402029936954948	0.695936615883594	0.860706768125906	-6.77350677338102
FASTKD1	0.097622082262963	5.3413929489425	0.401872576677494	0.696048823244464	0.860759840366364	-6.79669344144043
ENSG00000293817	0.275907622500188	-2.96951394131555	0.401868601480492	0.696051657898807	0.860759840366364	-5.82093058924012
ABCA17P	0.21738299045612	-3.55555835518275	0.401648287122827	0.696208768468023	0.860909521632366	-5.76695343167968
MYADM	-0.160036732907051	6.20131436131444	-0.401498167744205	0.696315830203267	0.860923971512715	-6.85500116626658
ENSG00000250735	0.223004993019544	-1.89689196757018	0.401491774205089	0.696320390085176	0.860923971512715	-5.9262777213692
ENSG00000248015	-0.270664853786843	-0.218474556087842	-0.401480165970625	0.696328669128145	0.860923971512715	-6.11004861238541
RIMS2	0.0848887517001531	4.40676718251801	0.401276061811374	0.696474243907863	0.860974615030395	-6.69526841148386
NRROS	0.124702574067888	2.73865859544763	0.401239066838217	0.696500631496886	0.860974615030395	-6.45784428586644
ENSG00000298806	0.297836299337143	-2.83472898362874	0.401222877100698	0.696512179364885	0.860974615030395	-5.83393456274205
PANK4	-0.105560951376936	4.44978769738199	-0.401220428668659	0.696513925797414	0.860974615030395	-6.70080292193543
UBA6	0.0675308943069357	6.13019120356314	0.401105795739838	0.696595693947121	0.861031095729242	-6.85140417670813
MIR4713HG	0.165214060715934	-0.13806792662022	0.40095988385707	0.696699779383932	0.861071064369257	-6.11905311612805
ENSG00000287117	0.290175461002459	-2.50592459744108	0.400939147717873	0.696714571928646	0.861071064369257	-5.86563169214421
TAS2R4	0.418050049961165	-2.02281449452313	0.400908741227287	0.696736263254665	0.861071064369257	-5.9136080523742
PPCS	-0.092473099229796	4.73736705640876	-0.400811539281893	0.696805606915689	0.861112174196487	-6.73621473646054
ENSG00000285728	0.291750018861566	-0.282757692352273	0.400701439717918	0.696884155237202	0.86116465429462	-6.10331360520364
CD248	-0.204331645901365	2.17643830699347	-0.400386516317707	0.697108851684727	0.861356146044266	-6.38403624476693
ENSG00000310253	-0.397409563966125	-4.18870324116021	-0.400383089820774	0.697111296643526	0.861356146044266	-5.71182262758975
CPVL	-0.0844299510450899	5.68178988672638	-0.400171682612202	0.697262152152417	0.861497944060762	-6.8239950932252
CLCN4	0.123611255659207	4.36963190805856	0.400028631203876	0.697364238299654	0.861552541552261	-6.69100378746449
COLEC12	0.206793836176971	0.995763429467588	0.399962792479615	0.697411225081073	0.861552541552261	-6.24394836717375
IL1RAPL1	0.304920285138644	-1.01235719600923	0.399958013970005	0.697414635387341	0.861552541552261	-6.02206170264688
ENSG00000304280	0.21528460135241	-2.75058499580887	0.399747034194736	0.697565213550758	0.861693957446092	-5.84254303395286
FTH1P12	-0.337470304264858	-2.63669382444842	-0.399672165094728	0.697618651601247	0.86171536889385	-5.85349452681827
ENSG00000299181	0.373554723112365	-2.60541628362446	0.39959896956877	0.697670896804019	0.861735304767454	-5.85653947078633
TMEM88B	0.17199085933912	2.02290337463682	0.399484921160491	0.697752305101674	0.861791257806958	-6.36514544364676
CCDC157	-0.169745629770357	2.25845995394065	-0.399403885743943	0.697810151004879	0.86181810473653	-6.39488900830263
C1QL3	0.168577147635578	1.52338801154209	0.399275153969296	0.697902048390964	0.861887001394346	-6.30492966777134
PTPDC1	-0.104909452286185	3.75942304716476	-0.399180565785608	0.697969575043037	0.861917973039699	-6.6059174479926
PSMB1	0.0800772603293476	7.64980971041263	0.399130900139234	0.698005032529095	0.861917973039699	-6.91222740034377
PRELID3B	-0.120635541667913	5.81572767642213	-0.39904653395892	0.698065265293017	0.861917973039699	-6.8335812565914
SYP	0.260665614109459	3.67006908210261	0.399032418756779	0.698075342976924	0.861917973039699	-6.59293645154903
IDH1-AS1	-0.154518064000892	-0.138709057891705	-0.398987106974241	0.698107694173144	0.861917973039699	-6.11980131134944
SCUBE1-AS1	0.46087200597265	-3.41973697503426	0.398890472660361	0.698176690164173	0.861958569426253	-5.78037721858467
ENSG00000270137	-0.225603688543407	-3.2344016149844	-0.398830691335498	0.698219374907183	0.861966679817397	-5.79742832403525
PARD6G-AS1	-0.259885420177078	-0.315556475183712	-0.39869100717155	0.698319115737802	0.862022659313144	-6.10053211306674
ENSG00000308452	-0.167171517195465	-0.840806281087907	-0.398666023931532	0.698336955537757	0.862022659313144	-6.04178876563775
ENSG00000278126	0.183980798338646	0.288792166610364	0.398497202698436	0.698457510869418	0.862126883115453	-6.16651597226804
ZBTB24	-0.112695208279013	5.03265581502513	-0.398204730225924	0.698666386366704	0.862340106708079	-6.76940280462276
NKIRAS1	0.096712934638941	3.31687454998213	0.398045971859886	0.698779778076547	0.862389481351751	-6.54146944750901
LZIC	0.0918756290113807	4.49753002503399	0.397990864465308	0.698819139840014	0.862389481351751	-6.70828729862985
ALG13	-0.126695405798439	6.46459193816872	-0.397964603295612	0.69883789783161	0.862389481351751	-6.86932551927828
FAM234B	0.0993929726618781	5.73371139843733	0.397925102890463	0.698866112825756	0.862389481351751	-6.82857546997536
SLC25A46	0.0833184526518949	4.98200444227578	0.397867436022572	0.698907304918311	0.862389481351751	-6.76431975921828
ENSG00000289594	-0.187566438645876	-1.46792974330996	-0.397845200310971	0.698923188410229	0.862389481351751	-5.9730348046632
B3GLCT	0.0984896026001172	3.21251575788514	0.39763068687176	0.699076428206937	0.862511469734013	-6.52644210167314
BHLHE40	-0.202191250923398	3.80912355035166	-0.397605627791367	0.69909433033077	0.862511469734013	-6.61387827268071
BTBD8	0.140792287968784	2.57251645271985	0.397491466659009	0.699175889104838	0.862553444591067	-6.43687626396982
POLR2G	-0.0932018272773565	6.22757723051561	-0.397411398133242	0.699233093892545	0.862553444591067	-6.85810351467897
ENSG00000231416	0.298427610595542	-3.12559701055849	0.397406249540042	0.699236772361335	0.862553444591067	-5.80809402979619
PPP1R21	0.0843039594863635	4.6089671369722	0.39723197866914	0.699361286891673	0.862651770225798	-6.72240026043223
FAM114A2	0.0787940722578711	4.21530213228595	0.397163424390233	0.699410270688667	0.862651770225798	-6.6715201379987
SPRING1	0.0924626857971784	6.41116273749513	0.397108062597493	0.699449829167086	0.862651770225798	-6.86722143410923
SMURF1	-0.09118181319442	5.60060178302521	-0.39707842117078	0.699471009679443	0.862651770225798	-6.81947269958147
NTS	-0.220881458690672	3.91197002356756	-0.397041767048102	0.699497201541035	0.862651770225798	-6.62894394924204
ENSG00000302058	-0.197436075739287	-1.24406949118285	-0.39695872952748	0.699556539016817	0.862680371846355	-5.99769318469718
ZNF711	0.103530829916522	4.46340055976643	0.396813529816799	0.699660301824341	0.862763752190211	-6.70442081427202
TGFB1	0.115782823069551	4.34341529958056	0.396736761786874	0.699715164506763	0.86278682740664	-6.68895589568198
DTX2P1	-0.301505782247604	-4.28292511966631	-0.396627464403637	0.699793277582128	0.862838567755988	-5.70660645976786
ENSG00000230432	-0.425902510478337	1.0683399692873	-0.396540807909759	0.699855212181494	0.862870355880551	-6.25357940295836
FAM47E	0.183494918173599	-0.24218711031353	0.396413167475218	0.699946442762957	0.862938258661268	-6.10954013919778
CCDC183	-0.313649057778003	-1.03851851897036	-0.39633002915491	0.70000586828863	0.8629669451676	-6.02063780412132
GJC1	-0.0913265603037745	6.34902821337303	-0.396203583137849	0.700096253305016	0.863033793586634	-6.86466902994423
VPS13D	-0.131902629364383	5.0627796094311	-0.395724242164265	0.700438936001407	0.863234593147949	-6.77349508454594
CCDC15-DT	-0.127574502719123	1.12829042117306	-0.395693500015932	0.700460916080174	0.863234593147949	-6.26073777894224
ZNF146	0.0739398538048741	7.74450119422113	0.395677903598805	0.700472067346229	0.863234593147949	-6.916562557166
ENSG00000309941	-0.273700715267643	-2.95062043263226	-0.395607856378756	0.700522151252709	0.863234593147949	-5.82520899342603
ABCC5	-0.0711844787260221	5.78215232796277	-0.395591374620462	0.700533935961905	0.863234593147949	-6.83285360307238
AGAP6	0.312949381686796	-0.537690800278739	0.395578718807353	0.700542985118182	0.863234593147949	-6.07712061312682
PCDHGB9P	0.325799396834727	-3.78428767657104	0.395561143140025	0.700555552148623	0.863234593147949	-5.74888840467565
ZNF93	-0.209300106969757	5.84803234385558	-0.395560814379607	0.700555787221234	0.863234593147949	-6.83714031075887
LRPPRC	-0.0670979419098305	8.85245552010132	-0.395455518411125	0.700631078393432	0.863234593147949	-6.94586653459537
FOXP1-DT	-0.281922231719224	-3.9532712583177	-0.395445464768426	0.700638267360146	0.863234593147949	-5.73406521391129
MYO6	0.127857401421367	6.17451057741164	0.395357820430061	0.700700939707822	0.863234593147949	-6.85621540614393
MAPK3	0.0811773360769301	5.65540840791298	0.395302353190297	0.700740604203441	0.863234593147949	-6.82418666748224
PILRA	0.240195358130589	-0.578802263196537	0.395264005533354	0.700768027074565	0.863234593147949	-6.07264333692662
MIR4453HG	0.117422688105973	1.7195836659304	0.395224643958495	0.700796175478025	0.863234593147949	-6.32990937200511
EXOC5P1	0.137443536896733	2.05074938461469	0.395195964990672	0.700816684791907	0.863234593147949	-6.37040094849569
EBLN3P	-0.072268436160269	5.8995269385754	-0.395023046873487	0.70094034979631	0.863234593147949	-6.84061708682843
ENSG00000275401	0.361316215572486	-3.27755243864599	0.395014342064757	0.700946575413319	0.863234593147949	-5.79495161817631
LINC01088	0.268291778276308	-3.11223098458985	0.394968902910179	0.70097907354778	0.863234593147949	-5.81030445791347
SPIN2B	0.122913795048555	1.76844991885092	0.394963208181455	0.700983146468643	0.863234593147949	-6.33589967099326
ENSG00000306228	-0.275170573494408	-2.49566192875789	-0.394950544478617	0.70099220369756	0.863234593147949	-5.86903064588347
ENSG00000227704	0.159994477959366	2.67724798048497	0.3949123215805	0.701019541459997	0.863234593147949	-6.45211431617257
ARMCX4	-0.183207816162699	3.83784026865574	-0.394856417885448	0.701059525676881	0.863234593147949	-6.61921927210102
LSM11	-0.108791822708108	3.69689895328671	-0.394719319815819	0.701157586901547	0.863234593147949	-6.59866754968568
HSDL2-AS1	0.173897986652551	-0.757845834193503	0.394700803326899	0.701170831507336	0.863234593147949	-6.05276261216974
PRELID1P4	0.429928300929201	-3.61529799806528	0.394675482594915	0.70118894326989	0.863234593147949	-5.7643210521204
NOC2LP2	-0.203994707129746	-0.731533535965615	-0.394660689518433	0.701199524756328	0.863234593147949	-6.0557318795737
ADAT2	-0.109124951873799	3.56985441434646	-0.394568976429356	0.701265128612503	0.863256542675726	-6.5800619283304
IREB2	-0.0647165579277722	7.38248499393979	-0.394534636569602	0.701289693130249	0.863256542675726	-6.90572835195221
FRG1-DT	0.256701331108492	-0.0332581139190135	0.394445124246971	0.701353726156089	0.863265495788537	-6.13316661771619
CPSF7	0.0683059473727621	7.05223685570177	0.394388662894584	0.701394117285325	0.863265495788537	-6.89445482117448
SLC46A1	-0.170521429156909	2.90820582347667	-0.39437278526768	0.701405475942989	0.863265495788537	-6.48431193134358
ENSG00000289034	-0.238131851504449	-1.01594339612182	-0.394250776012935	0.701492762418985	0.86332840512834	-6.0239915376578
ENSG00000289212	-0.20573338525658	-0.666438319887349	-0.39407696474787	0.70161711634207	0.863436924602258	-6.06326598204204
NSDHL	0.133604169307675	5.7418557921318	0.394003679249461	0.701669551488259	0.863456931444716	-6.83080227269679
OS9	0.0638512405705294	7.10273085228863	0.39385070401663	0.70177900923214	0.863547103183311	-6.89648453886579
ENSG00000297384	-0.355270003132947	-4.38215676367559	-0.39377946663327	0.70182998386022	0.863565305191105	-5.70186367227384
CCDC74A	0.160091681012104	3.64348812190134	0.393651857089289	0.701921300022182	0.863633140923261	-6.5913018735036
HOXB1	0.615275225827782	-2.40317372451268	0.39360095239284	0.701957728317417	0.863633439958337	-5.87860386821214
ENSG00000241352	-0.332657521253051	-3.37959807073153	-0.393523260130642	0.702013327786996	0.863657324448053	-5.78616114082751
KAZALD1	-0.278408744657438	0.554264027024743	-0.393377711028399	0.702117493080237	0.863740951875986	-6.19762920341529
CDCA2	-0.0794840052577204	6.2171854185381	-0.393240271645032	0.702215860402523	0.863817438420113	-6.85933840372913
SYNGAP1	0.145577476347039	6.10131212446874	0.393083260466371	0.702328242573072	0.863911156289827	-6.85323651985579
EOLA2-DT	0.384899054503186	0.463463631707262	0.393011268654355	0.702379773871718	0.863916373849292	-6.18782011896777
DENND10	0.0797790437995962	4.8519989086281	0.39295937817563	0.702416917736829	0.863916373849292	-6.75249896145781
PPM1B-DT	-0.312928542006561	-3.9336982633006	-0.392925629955186	0.702441075582158	0.863916373849292	-5.73675490551097
ENSG00000267077	-0.404805396509533	-3.43156164827161	-0.392439217198971	0.702789300828893	0.864300110418054	-5.78183474344287
LOXL3	-0.0828232938890681	4.67062212312087	-0.392365858379449	0.702841825003915	0.864320168866882	-6.73191035101924
ENSG00000260337	-0.361229898661594	-3.51692638981792	-0.392149026439104	0.7029970840447	0.864409456177429	-5.77418665444866
ENSG00000303056	0.302086583821066	-1.31867837466148	0.392139816597607	0.703003678920478	0.864409456177429	-5.99148854595452
SFT2D1	-0.149028752356148	4.69285651652525	-0.392054026539837	0.703065111700973	0.864409456177429	-6.73471268981978
SMOC1	-0.361895622488662	2.23336751732466	-0.392046853918671	0.703070247992499	0.864409456177429	-6.39475265905542
PRKACB-DT	-0.184290135734869	0.773237889227918	-0.392011563090396	0.703095519871472	0.864409456177429	-6.22235104746334
RASGEF1C	-0.177019766062487	0.305833114014329	-0.391916028219765	0.703163934605895	0.864449038180638	-6.17107769849916
ENSG00000235236	-0.195297551905518	-0.142161602731048	-0.391832789029911	0.703223546377026	0.864477794559901	-6.12235879288444
TPD52L1	0.126062350933609	2.97941451980377	0.391764006044307	0.703272806919886	0.86449382379259	-6.49545394001359
ITFG2-AS1	-0.112138960911164	1.93541781285744	-0.391693285543153	0.703323456556714	0.864511558821604	-6.3575754255343
ENSG00000269421	-0.189182200686431	-1.86691199353245	-0.391594841286067	0.703393964322557	0.864553699994154	-5.93337032286564
ENSG00000286856	0.364821682909153	-3.43728723723162	0.391528423654118	0.70344153563328	0.864567646684149	-5.78166724144707
ENSG00000278576	0.338227244522302	-2.39811556215017	0.391389920478602	0.703540742173376	0.864645051156125	-5.87997602607477
ACLY	-0.11758406736468	9.45226813593676	-0.391188738058031	0.703684854730864	0.864777633894317	-6.96089182933722
DNAH6	0.292509384627526	-1.03652810733952	0.391107049403513	0.703743374085925	0.864777940720194	-6.02297189540449
LINC02608	0.336180019230042	-3.24149566854269	0.391087232256147	0.703757570813606	0.864777940720194	-5.79982078456128
PTDSS1	0.0916558025907559	6.69728443336436	0.390919822535411	0.703877505548755	0.864842992478544	-6.88231090804933
RBBP8	0.0820880532651707	6.05531290854752	0.390912178713832	0.703882981895325	0.864842992478544	-6.85156368485467
NUTM2E	-0.240901772815592	-0.86370384168162	-0.390807561862321	0.703957935467455	0.864865335123565	-6.0424183564957
SLC7A1	0.091573040898056	7.70365068671005	0.390769930564229	0.703984897519766	0.864865335123565	-6.91740983776064
MRPS9	0.083377554489287	6.50165760948954	0.390726340519034	0.704016129428098	0.864865335123565	-6.87406140751234
GPAT3	-0.16902336798237	0.597981685155363	-0.390684492516785	0.704046113718345	0.864865335123565	-6.20353895377854
LINC02128	-0.150266336362576	1.04675429983392	-0.390535136762822	0.704153132140908	0.864952280226817	-6.25361075881853
ENSG00000280417	0.223302622407957	-1.70744109731591	0.390366916597634	0.70427367563397	0.865037916005141	-5.95053289969062
ENSG00000299960	0.173101749384636	-1.20720993489524	0.390336690543444	0.704295335979046	0.865037916005141	-6.00439775164361
CPA2	-0.202122446569309	-1.34135327790039	-0.390215320262891	0.704382314129475	0.865094033759496	-5.98978995027922
MAST4-AS1	0.170780196829332	-0.575249876376695	0.390136106098137	0.704439084149187	0.865094033759496	-6.07512166746328
UBE2H	0.0754458131328715	6.9311638243148	0.390110426149804	0.704457488476821	0.865094033759496	-6.89180093419074
EPHX4	0.18155601805523	-0.0642492126679451	0.390044098240334	0.704505025343264	0.865094033759496	-6.13158019399444
PDSS2	0.0907375715672174	4.57146042210357	0.390020053928408	0.704522258104635	0.865094033759496	-6.72087091224511
CEP89	-0.0861543848764583	4.8729901124031	-0.389878314468772	0.70462384752438	0.865123684788584	-6.75611930598217
MORN3	-0.20072007502611	-0.617053153142869	-0.389843057328834	0.704649118441121	0.865123684788584	-6.07053298665021
SEMA6A	-0.10271475412573	9.17017820301956	-0.389753367879083	0.704713405967876	0.865123684788584	-6.95545937493049
RIMKLA	0.237194103875526	4.84146487296086	0.389730960475798	0.70472946750671	0.865123684788584	-6.75266811764793
LINC01269	0.300927858435687	-4.09199735122199	0.389720797106429	0.704736752620049	0.865123684788584	-5.72423508219469
ZNF831	-0.349805806504453	-4.46404182969406	-0.389678936613838	0.704766758592078	0.865123684788584	-5.69888626899955
NDUFS1	-0.0804744881421291	7.01972715231187	-0.38961215542069	0.704814629039185	0.865123684788584	-6.89529340516156
TRIM62	-0.108178352937978	4.00387245815893	-0.389542159635454	0.704864805233339	0.865123684788584	-6.64527043353079
ENSG00000300451	-0.354894611633264	-3.54501600239116	-0.389531237598844	0.704872634784381	0.865123684788584	-5.77266004859063
CUL9	-0.17605337941852	3.53436345977402	-0.38942823030372	0.704946478176509	0.865169825404367	-6.5769992529413
ERF	-0.152300500872745	5.83227166899759	-0.389260460209943	0.705066755282826	0.865233754115477	-6.83877492468735
HSD17B10	-0.0966376639623778	6.25406261071295	-0.389254438711889	0.705071072350606	0.865233754115477	-6.86289645644661
SERPINB9P1	-0.150272007491954	0.343468850045482	-0.389155274727445	0.705142168798415	0.865261310572349	-6.17629854349503
ENSG00000273192	0.220192862326737	-3.09989417210222	0.389111563063321	0.705173509184052	0.865261310572349	-5.81375032959847
ENSG00000286366	0.153834617072801	0.00098281968678871	0.38907142450443	0.705202288232846	0.865261310572349	-6.13909269018477
ENSG00000300707	-0.376064311768695	-2.78118916617655	-0.388954581722631	0.705286066407589	0.865275582392915	-5.84389511427714
TMEM218	0.0912072887057462	4.27147253297725	0.388954077270168	0.70528642811714	0.865275582392915	-6.68255213932
ENSG00000279504	0.321348648529005	-3.11616491082665	0.388817816341788	0.705384134642034	0.865309349612781	-5.8123457379912
UBXN7	-0.0945731842751316	6.68879971985864	-0.388814569694445	0.705386462733744	0.865309349612781	-6.88284638651173
ATP6V1A	0.0713814894820626	6.87358112865086	0.388722394365595	0.705452560742705	0.865328773618733	-6.89020405408917
ST3GAL1-DT	0.165864607396201	-1.06072161756708	0.388686809138983	0.705478079239308	0.865328773618733	-6.02125939288489
TCTN1	0.125880913024909	3.73954804964995	0.388640810672304	0.705511065732891	0.865328773618733	-6.60742915031262
TBC1D8-AS1	0.180841203220844	-1.43291809552653	0.388568747431979	0.705562745120979	0.865347689506804	-5.98054176057451
ENSG00000269951	0.264505375749335	-3.07210381889167	0.388477485297423	0.70562819503901	0.865383491649763	-5.81659516122109
ENSG00000285969	-0.277712820777648	-2.49784475796336	-0.388372678166629	0.705703362037625	0.865431206543624	-5.87141604805988
TMEM254-AS1	0.157701895852002	1.60362044001959	0.388252517261612	0.705789544737049	0.865492424818329	-6.31896725505948
GALNT14	-0.106428485737855	3.73672645767613	-0.388059506048305	0.705927986781861	0.865617717864913	-6.60725699552726
ENSG00000258204	-0.179837785981293	1.27071031326858	-0.387997898529655	0.705972178653571	0.865621561855687	-6.2801984865225
ENSG00000250030	0.15682277137495	-0.632362367919285	0.387917530659195	0.706029829286628	0.865621561855687	-6.06958438904878
NRN1	0.507930137451883	-0.96415050961352	0.387903453814803	0.706039927290596	0.865621561855687	-6.0323305828025
C17orf58	0.105869151278807	4.72675035857603	0.387780478361115	0.706128146091188	0.865661321896981	-6.7404713851422
DNASE1L1	-0.134466573458952	4.11047240396788	-0.387757127478155	0.706144897809206	0.865661321896981	-6.66093234555904
ATXN10	-0.0742135475704693	7.36035256052776	-0.38761959404407	0.706243566414265	0.865737775952617	-6.9079025933964
TRAF3IP2	0.144489601340174	4.68034816967697	0.387569075770137	0.706279810431701	0.865737775952617	-6.73508353881588
ENSG00000294535	0.266531871970326	-3.01539191408609	0.387423450182143	0.706384292888734	0.865796436001698	-5.8223217184349
ENSG00000306436	-0.266311273303272	-3.55153809559312	-0.387401255133959	0.706400217801192	0.865796436001698	-5.77289140339957
FAM32A	-0.0849821376394147	6.43487199639093	-0.387290507258482	0.706479681442839	0.865849366180355	-6.87245330658715
LRRC41	-0.0983718597641152	6.4385033231592	-0.387138198072454	0.706588972113692	0.865853720053048	-6.87268590043925
LINC01023	-0.183434990319111	-0.0187548240400178	-0.387133766840478	0.706592151883919	0.865853720053048	-6.13771730019944
KPNA4	0.0715072920189792	7.08364536269689	0.387033155255532	0.706664350487229	0.865853720053048	-6.89866182559741
ZNF597	-0.125569117733515	2.24700986024753	-0.386986279175845	0.706697989675002	0.865853720053048	-6.39857911210556
LNX1-AS2	0.24059527429515	-4.10681817514174	0.386974425968707	0.706706495871891	0.865853720053048	-5.7240066720084
LINC00511	-0.164105993337527	0.629597541445572	-0.386935040754736	0.706734760119204	0.865853720053048	-6.20854098227835
NCK2	-0.105505397445418	6.20212562773998	-0.386915214560657	0.706748988286118	0.865853720053048	-6.86120235009525
PPIAP22	0.110379340284437	9.60625332160887	0.386881114665091	0.706773460178216	0.865853720053048	-6.96585344304893
ENSG00000272140	-0.288433907568626	-1.13300735009152	-0.386743330106419	0.706872345236034	0.865930414399652	-6.01401126122626
RTL6	-0.120211945285128	5.870195934203	-0.38656074623079	0.707003390597332	0.866046495759932	-6.84231894615386
KIF21B	0.152415383349846	6.09982443360403	0.386395658225028	0.707121887317324	0.8661471944882	-6.85594800105944
DPM1	-0.0900297375635581	5.93120043048791	-0.386334091576989	0.707166080664455	0.866156874023327	-6.84621398584791
LINC01772	0.198271529316859	-2.46714067822883	0.386116790712514	0.707322071164412	0.866303477830401	-5.87528992890285
TAF1A-AS1	0.148306849744316	0.570437170294949	0.385935030748581	0.707452559330633	0.866418833823082	-6.202434426144
FNBP1P1	0.407837731306353	-3.37069025421108	0.385882062750909	0.707490587703459	0.866420948058826	-5.78994033965616
ATF4	-0.108162375750544	9.03393367367168	-0.385819984820189	0.707535157622986	0.866431072703325	-6.95406740744366
ENSG00000266950	0.248083840606267	-3.30166424751561	0.385439072059718	0.707808665782972	0.866717217432158	-5.79645234293341
ENSG00000285800	0.241880858025478	-3.34072731255197	0.385375516507471	0.707854305035915	0.866717217432158	-5.79288357959065
ECHDC1	-0.0978290918272524	5.97263700812079	-0.385342841716127	0.707877769279971	0.866717217432158	-6.8491259641056
RAB8A	-0.0941748178712238	6.2753585730264	-0.385226098291876	0.707961607046476	0.866736504469536	-6.86565102099984
AHI1-DT	0.33439354989048	-2.05289229834551	0.385219769359594	0.707966152203193	0.866736504469536	-5.91681101222482
ENSG00000299051	-0.200936178032497	-2.92247329031133	-0.385156963846913	0.708011256969397	0.866743165909502	-5.83195389911843
ACP6	-0.103502911066486	4.26999362981343	-0.385111059724866	0.708044224483075	0.866743165909502	-6.68393988811771
GNAL	0.0848423437315446	5.64895671913131	0.384972721868404	0.708143580053829	0.866820331579892	-6.82804266959993
ENSG00000297140	-0.276901124754749	2.48091190142611	-0.384892263726802	0.708201368493821	0.866846610689883	-6.42989173217087
SPTY2D1	0.0908302703581008	4.87385404763357	0.384455662157857	0.708514987963244	0.867186011165063	-6.75845878049778
ENSG00000286110	-0.281195787122044	-3.60683748556053	-0.384140710868234	0.708741259026615	0.867418472344404	-5.76914910396221
LSM10	-0.0863005674498085	4.87013460862979	-0.384000604289157	0.708841925589339	0.867489061908645	-6.75823920820192
ZNF550	0.0892778649051773	3.51114903445822	0.383956540489736	0.708873586636353	0.867489061908645	-6.57585479839309
ENSG00000289985	-0.179872212561754	1.16036586641516	-0.383898642924629	0.70891518850423	0.867489061908645	-6.26921331271679
HEATR3	0.0746453044572002	4.86128166649106	0.383805120529591	0.708982390444261	0.867489061908645	-6.75734302210598
ENSG00000300728	-0.240359234504106	-2.62334305673828	-0.3837739121076	0.709004816311699	0.867489061908645	-5.86104898634953
NKTR	0.134110437527313	5.82521511212729	0.383756934302839	0.709017016409768	0.867489061908645	-6.84060060753852
AHCYL1	-0.0812503563869171	7.64256895967314	-0.383299903475778	0.709345466974607	0.867762316354074	-6.91864795752989
BMS1P1	0.211282724277719	1.00369707633648	0.383292731209197	0.709350621904596	0.867762316354074	-6.25168061329279
ZNF485	-0.127507721079872	2.64523919922594	-0.383275036373748	0.709363339796119	0.867762316354074	-6.4525574346074
LCAT	0.164866849260333	1.45742837190697	0.383243806527531	0.709385785996746	0.867762316354074	-6.30379353652319
ENSG00000310120	-0.432794512199481	-3.5233909532722	-0.383155701662548	0.709449112226475	0.867795303480386	-5.77706269828123
TTC23L-AS1	-0.207350127878452	-0.720878569190393	-0.382858905231702	0.709662454573511	0.868011776933633	-6.06165932851965
ENSG00000236643	-0.195857922730643	-0.560621948717648	-0.38276754399283	0.709728131875797	0.868015350698614	-6.07970409075444
HNRNPLP2	0.121969718546662	7.28513581805961	0.382753658416693	0.709738114085702	0.868015350698614	-6.90740253487493
MLYCD	-0.129405920657633	1.27466601326404	-0.382661257099103	0.709804541984924	0.868052111270453	-6.28281304770519
COG6	0.0848724946159853	4.61735296452048	0.382569472214872	0.709870529242994	0.868088329222859	-6.72953061630982
PNLDC1	0.270752780866712	-2.24672356706612	0.382453875446221	0.70995363923833	0.868145481488945	-5.89842118974794
CECR2	0.104133672238565	7.50475914983183	0.382347943303498	0.71002980420089	0.868169504661571	-6.9147483093346
ENSG00000225279	0.337619348296581	-3.52278144892956	0.382251349467989	0.710099257852837	0.868169504661571	-5.7774616751511
PLCD4	0.283968108478746	-0.787564622230253	0.382199756318915	0.710136355897955	0.868169504661571	-6.05440656349518
ENSG00000298080	0.323095219005631	-3.55698453872902	0.382181185484277	0.710149709447254	0.868169504661571	-5.77439269068588
OTUD6B	-0.123146030224728	5.05676754537836	-0.382082627556333	0.710220580253875	0.868169504661571	-6.77857033880142
NPRL2	0.0777715068211293	4.47623011994525	0.382048916072053	0.710244822092962	0.868169504661571	-6.71220248175142
TADA2B	-0.0950717963084369	4.43333980612746	-0.382024734418763	0.71026221126396	0.868169504661571	-6.7067214126486
SASH1	-0.120099751772216	5.2933285132806	-0.382021847290014	0.710264287427068	0.868169504661571	-6.80083908117405
C19orf73	0.22220174022119	0.50184772595955	0.381909062111599	0.710345394314322	0.868217921159038	-6.19651349779233
TXNRD1	0.100676691420944	7.6140301507877	0.38186559672389	0.710376652465483	0.868217921159038	-6.9183600939022
ENSG00000261211	-0.171421218731859	0.44865841695518	-0.381778990840015	0.710438936796053	0.868249582902934	-6.19074105681249
NCAPG2	-0.083546204243806	7.09250072374842	-0.381610404154679	0.710560185630242	0.868353300073579	-6.90121284235197
SNX12	-0.103575458616735	6.26763429247005	-0.381464722018752	0.710664968137907	0.868401396320155	-6.86680811564585
SPCS1	-0.11604326360096	6.2518032603435	-0.381454511823529	0.710672312101448	0.868401396320155	-6.86600318793565
ABCA4	-0.253830719295624	-2.35964700865352	-0.381375000374529	0.710729503955771	0.868426819787661	-5.88766377324233
OXNAD1	0.113066933776396	4.76952458761319	0.381233953236252	0.710830962484071	0.868502409650205	-6.74805713799473
DCUN1D2	0.116103228392837	4.48538290666682	0.38118782346395	0.710864145997266	0.868502409650205	-6.71372477397643
PTCH1	-0.0810447800841168	4.84506387542482	-0.38109126545794	0.710933607172188	0.868542813389568	-6.75663342826809
ENSG00000243445	-0.395406167640106	-4.05288186101171	-0.381008264960402	0.710993317659538	0.868546151381512	-5.73091996356329
NUP50P2	0.124540517534256	2.21308217333439	0.38098629715873	0.711009121619473	0.868546151381512	-6.39668855470332
CPLX1	0.195120503659582	-0.165605329630286	0.380692211544977	0.711220704924635	0.868760149671748	-6.12426843110859
ENSG00000301565	-0.168931479089237	0.582494506631663	-0.380547095450026	0.711325119831534	0.868819858199849	-6.20591814121924
ENSG00000261840	0.202681036831198	-0.222062503479776	0.380518105600944	0.71134597955045	0.868819858199849	-6.11815352499922
USP38-DT	-0.195474091882582	0.588337776933711	-0.380471568035744	0.711379466293558	0.868819858199849	-6.20659156219672
HSPB8	-0.0893873761417452	4.02407482119952	-0.38036223210748	0.711458142985029	0.868819858199849	-6.65188777077307
ENSG00000224376	0.222255309253634	-1.54877920823897	0.380356621873275	0.711462180131085	0.868819858199849	-5.97131907040278
SIK3	0.0776463019430578	5.32534787994736	0.380320739614946	0.711488001362385	0.868819858199849	-6.80432944936346
TXNDC11-AS1	0.238434073974747	-2.64282456968755	0.380071416011736	0.711667427647841	0.868953733524118	-5.86059408414094
ENSG00000231903	0.32201685359191	-3.80357768193217	0.380067216546445	0.711670449960026	0.868953733524118	-5.75311754272158
ZNF639	0.0950581626393596	5.19215182948239	0.379958375382798	0.711748783652804	0.868967928582628	-6.79248274632205
DELE1	0.092757765971557	6.1185897340945	0.37994988665329	0.711754893194025	0.868967928582628	-6.85962392199481
TULP4	0.100139060449689	4.44037125044133	0.3798782565441	0.71180644794253	0.868986419081554	-6.70849669983471
CPD	-0.0752756286687157	6.65315837959625	-0.379726688723417	0.711915541723804	0.869075148806815	-6.88511903597664
ENSG00000301157	-0.311958700166197	-4.59986320984255	-0.379618867619742	0.711993152122794	0.869125437894575	-5.69521141383524
ENSG00000298072	0.175286897653989	-1.98384358105229	0.379334232768273	0.712198050837775	0.869331093916288	-5.92612094041116
ENSG00000250838	-0.148147692116716	0.523732598560926	-0.379263955090935	0.712248644977171	0.869348389570939	-6.19996883649898
TRMT10B	0.107280551307107	2.8183053013644	0.379198229391298	0.712295963388652	0.869354949367166	-6.47796107405891
SATL1	0.181883641669908	0.255594399297658	0.379137856377922	0.712339429324284	0.869354949367166	-6.17074584235442
ABCA11P	0.140139828094161	0.700847779337397	0.379104709222456	0.712363294288082	0.869354949367166	-6.21954171288392
BAIAP2-DT	0.134816595669829	3.78699108977999	0.378974689961703	0.712456907413974	0.86942473715356	-6.61833481391413
ENSG00000236317	0.305663141169941	-3.49515747759844	0.378889167969462	0.712518485483159	0.869455426812544	-5.78123914602729
C16orf89	-0.207820366265443	0.600983592319121	-0.378790475537503	0.712589549297864	0.869497687785895	-6.20864958149567
CCDC12	-0.108497242454961	4.7190477169614	-0.378582573443196	0.712739259304303	0.869635903165267	-6.74334589609194
PCNA	-0.103209713099417	7.94002504054966	-0.378460344708295	0.712827282000105	0.869698841605996	-6.92941849033122
NPHS2	0.380970486832377	-2.97438687162163	0.378358785748114	0.712900422766269	0.86974361755163	-5.8296557269191
ABHD17B	-0.0732276522221902	5.81358232706402	-0.378304081036692	0.71293982128474	0.869747225240384	-6.84208023715932
ENSG00000276900	0.199186121905285	0.0810952103986953	0.378160439698523	0.713043276464801	0.869774593852628	-6.15216198826392
GOLGA8O	-0.350115128925173	-3.84460751457659	-0.378125699099887	0.713068298691618	0.869774593852628	-5.7502159857372
ADGRE2	-0.130929579659774	2.64088931642658	-0.378067532831527	0.713110194263234	0.869774593852628	-6.45406718792041
WFDC3	-0.225793823295644	-3.18872732642041	-0.378041690774242	0.713128807910065	0.869774593852628	-5.80971969010433
LINC02363	0.280733618547228	-2.16149200608536	0.377972985686599	0.713178296113194	0.869774593852628	-5.90865229910836
GJD3	-0.239594821784652	1.744362180433	-0.377969355526844	0.713180910952191	0.869774593852628	-6.3399116994722
ZMAT4	-0.16039900566735	3.20619738152242	-0.377839153502118	0.713274699291145	0.869844527514269	-6.53368003277752
ECT2	0.060711625565383	7.3270842978193	0.377586863475762	0.713456445416936	0.870021427162871	-6.91092043645383
TTYH2	0.0923823390330698	3.6009363516974	0.377536590967413	0.71349266325298	0.870021427162871	-6.59163828343663
RNF207	0.198196458592316	1.1255630795919	0.377459518281544	0.713548190192901	0.870044684547562	-6.26781956195166
ENSG00000284959	0.238193698204004	-3.14427763935419	0.377321216765616	0.713647833767499	0.870095535272316	-5.8141263863869
MYH9-DT	0.324638490280624	-4.07465077323119	0.377300436100926	0.713662806322155	0.870095535272316	-5.73041970187161
DUSP7	-0.108377765599114	4.69995996545763	-0.377099565215725	0.713807541175303	0.870188612176784	-6.74170090886216
ENSG00000254859	-0.314527165379492	-2.82460243078109	-0.377024037071107	0.713861965049729	0.870188612176784	-5.84434780439255
ENSG00000290644	0.177473797990378	-2.35027773244343	0.376957711546291	0.713909759108067	0.870188612176784	-5.89027961551052
ZNF670-ZNF695	-0.27001582508963	-1.3121222176287	-0.376947064043271	0.713917431800835	0.870188612176784	-5.99819112922314
RAB3A	-0.109318120472078	3.25047587352719	-0.376941489817932	0.71392144865436	0.870188612176784	-6.54047217140334
ZYG11A	-0.292911079414452	1.8314853372498	-0.37673981296671	0.7140667855538	0.87029309057657	-6.35093929620668
LRRC36	0.236748428602938	-2.74872066166704	0.376687740711019	0.714104312973935	0.87029309057657	-5.85171694839335
ENSG00000274653	-0.204827283288402	-1.46407183204276	-0.376670750239483	0.714116557835151	0.87029309057657	-5.98183620769438
OAS2	-0.417276940728135	-3.20593177544006	-0.376553673303276	0.714200936307125	0.870319464355473	-5.80868328474889
LIG3	-0.0725583541675281	6.97644056385235	-0.376539530344966	0.714211129545662	0.870319464355473	-6.89907434387801
ENSG00000268496	0.158553466882514	0.419751559472243	0.376408636417311	0.714305471368885	0.870327181466784	-6.18970939631012
COQ7	0.078637251993229	4.00287247079646	0.37634945535761	0.714348127781248	0.870327181466784	-6.65051852951402
LL0XNC01-250H12.3	-0.122981814734309	3.40730479264355	-0.376349387103791	0.714348176977701	0.870327181466784	-6.56364115700203
ITGB1P1	0.0639024213557375	6.00729118531624	0.376328370824169	0.714363325299967	0.870327181466784	-6.85481282361713
NDUFA9	-0.150537073096571	3.4177707346196	-0.37620267475865	0.714453928463532	0.870377546262416	-6.56524313751948
NUDT19-DT	-0.175402950422716	-0.592327252974845	-0.376103199682024	0.714525634526598	0.870377546262416	-6.07875648106979
ENSG00000306886	0.218342986523729	-0.64682692765525	0.376089191820352	0.714535732250161	0.870377546262416	-6.07262472982737
LINC01535	0.240274228677718	-0.0140192140967898	0.376056682440941	0.714559167221422	0.870377546262416	-6.1426287563653
PRKDC	0.172415866222845	8.77045106787889	0.375961891251055	0.714627500927717	0.870377546262416	-6.95201371356809
ENSG00000244701	0.141959708947388	0.434856200252014	0.375925616186072	0.714653651836621	0.870377546262416	-6.1915478644052
ENSG00000286447	0.336375303928671	-3.18839046164831	0.375916894487024	0.714659939418636	0.870377546262416	-5.81055124215635
ZCCHC10	0.11148043160887	4.67971328689164	0.375747773780284	0.714781865065541	0.87045362460027	-6.73983188141563
ENSG00000232006	-0.212855037567993	-1.07299923726888	-0.375709330227675	0.714809581677319	0.87045362460027	-6.02499916244454
PSMD3	-0.0912227668712813	8.23813725029097	-0.375678485953352	0.714831819758047	0.87045362460027	-6.93876317025694
ENSG00000303250	-0.294429889133639	1.22436179511233	-0.375607034229944	0.714883336037447	0.870471944350071	-6.27983730956965
CYB5A	-0.14268039083706	5.92785347406998	-0.375490028167507	0.714967699964961	0.870490509683407	-6.85043900066348
DTNA	-0.114787691835291	4.26720586858033	-0.375484718971132	0.714971528106751	0.870490509683407	-6.68747287656632
TUBGCP3	0.0652039034635248	5.55705129339553	0.375399278693522	0.715033135082301	0.870511746387365	-6.82516521675956
ENSG00000306011	-0.36824950405312	-1.61119364912149	-0.375340430051768	0.715075569321335	0.870511746387365	-5.96660116813921
AHRR	-0.345195001473402	-3.53860316929601	-0.375308780981371	0.715098391070125	0.870511746387365	-5.77864113897119
NORAD	-0.0677831782780132	7.82381912342369	-0.37521334564689	0.715167210073179	0.870551119641789	-6.92737296769085
PPP4R2P4	-0.247855615508336	-1.96839326702854	-0.375032063629144	0.715297940992821	0.870570240914634	-5.92935085099678
ENSG00000289181	0.14557953863096	0.772533036098477	0.375028995914265	0.715300153347955	0.870570240914634	-6.22908683532374
ATP6AP2	-0.102661655371218	6.81276261017254	-0.374967691645215	0.715344364949243	0.870570240914634	-6.8934889705178
C1orf50	0.129077733397894	2.13852109683162	0.374938726800886	0.715365254287601	0.870570240914634	-6.38965762549277
ENSG00000224810	0.301462309484378	-3.41050855950897	0.374938666338324	0.715365297893233	0.870570240914634	-5.79043835405952
ENSG00000280202	0.191200836516327	-1.60558198928111	0.374828665196725	0.715444632548708	0.870622395606997	-5.96739722645189
DYNC1H1	0.167723808047132	8.29522115237771	0.374718496133068	0.71552409186287	0.870674696670292	-6.94065449314211
NPIPA1	0.143226239783506	2.6027171693073	0.374493492708167	0.715686386367259	0.87078143519612	-6.45033446722474
TPD52	0.138008447095281	5.71779778059224	0.374492625362347	0.715687012010663	0.87078143519612	-6.83716153876716
DNAAF1	-0.33171772999615	-2.96868283407991	-0.374445141029805	0.715721264266237	0.87078143519612	-5.83167016290391
HHIP-AS1	-0.224175412034119	-1.58549330666282	-0.374074832486754	0.715988404528382	0.871062047654138	-5.96982251187403
IRAK2	-0.140663237454252	0.877152214529546	-0.373947281024868	0.716080429324095	0.871129599198643	-6.24116774076425
ITFG2	0.0753326403815464	4.1492401949085	0.373838397647414	0.716158989382507	0.871134009970901	-6.67200635435834
RAP2B	0.0935516920344623	5.83185802137637	0.373836545068958	0.716160326059766	0.871134009970901	-6.84505636881197
ARRB1	-0.280827889048624	4.13327747188492	-0.373790493549498	0.716193553594881	0.871134009970901	-6.66979337280315
RBM45	-0.0927833885021894	3.39903914881802	-0.373452549850882	0.716437408929532	0.871386212043069	-6.56357977211138
ENTREP2	-0.131159192817834	3.34496487273923	-0.372895277596003	0.716839601402478	0.871830960388959	-6.55587218635709
LYAR	0.127871118673199	5.76326304656641	0.372723733075611	0.71696342610819	0.871937125652187	-6.8409964442309
ENSG00000291061	-0.237700618613245	-2.94217418418242	-0.372362869768821	0.717223933374955	0.872164412896139	-5.83495199504222
ENSG00000263603	-0.375932379603119	-3.26824211231208	-0.372355390249245	0.717229333242276	0.872164412896139	-5.80448071777454
FBN1-DT	0.304226377781077	-1.54054562948316	0.372312990041841	0.717259944539549	0.872164412896139	-5.97529512595037
CEBPB-AS1	0.135588841673864	0.23739941978317	0.3722084928626	0.717335389664797	0.872195027901774	-6.17148257878805
PGBD2	0.135140451202809	2.37717044019098	0.372086439374682	0.717423514160262	0.872195027901774	-6.42138639509163
ENSG00000255655	-0.242640523025606	-2.57025940126219	-0.372011430697514	0.717477673729515	0.872195027901774	-5.87066194854741
ZRANB3	-0.0848855625950842	4.09712422244786	-0.371994794973926	0.717489685676586	0.872195027901774	-6.66545940978457
ENSG00000305868	-0.694773171520693	-1.54882890630925	-0.371966453089669	0.717510150328848	0.872195027901774	-5.97454092336247
TUSC3	0.0894834382061935	6.35630154079371	0.371900157293663	0.717558021044281	0.872195027901774	-6.87502452480831
SAMD4B	0.0950948740352455	7.28521430946962	0.371858988834332	0.717587748513856	0.872195027901774	-6.91181803912473
SVOPL	-0.156079197826367	0.436856066676195	-0.371813584157428	0.717620535499481	0.872195027901774	-6.19337156991177
RAMACL	0.110240848052537	3.38287045008592	0.371716815052563	0.717690415042654	0.872195027901774	-6.56189378287677
SLC45A4	-0.128452977968093	4.91115510211895	-0.371714709935702	0.717691935233763	0.872195027901774	-6.76765372983646
USP2-AS1	-0.139381505993209	1.34503370861923	-0.371703491833684	0.717700036306445	0.872195027901774	-6.29528317865842
DLEU2L	0.184879019669104	-2.09115840292438	0.371611483257054	0.717766481027081	0.872195027901774	-5.91816003011737
PPP1R14A	-0.17222031384415	3.1334755640237	-0.371548950925256	0.717811640649193	0.872195027901774	-6.52570415139635
ENSG00000255101	0.346413272909301	-4.02994287462644	0.371506819996443	0.717842067419498	0.872195027901774	-5.73643100064704
GGCX	0.0644153239587757	5.33923897201821	0.371486896625017	0.717856456169808	0.872195027901774	-6.80908898353547
PSMA5	-0.102264127525258	7.10479416972756	-0.371468384768087	0.717869825621253	0.872195027901774	-6.90574739756191
AARD	-0.124477675169463	1.18684649666937	-0.371351583493539	0.717954182986469	0.872253117095346	-6.27721060181419
PC	0.176163816781043	5.02544108417467	0.371238982545221	0.718035510502949	0.872307519554815	-6.7797593695847
MAPRE1	0.0568342503413337	8.0380280042884	0.371053521607165	0.718169470132983	0.872425853497425	-6.93516853988688
PUDP	0.0759749549321356	6.27202240239013	0.370658997880224	0.718454470372601	0.872716542618933	-6.87138873498292
SUDS3	-0.112525435580467	6.72704592443405	-0.37062103990647	0.718481893238338	0.872716542618933	-6.89181200288674
ENSG00000226798	-0.362085142887865	-4.20604981915102	-0.370382324520647	0.718654363548098	0.872881612967047	-5.72193521592452
RMND5B	-0.068344309351656	6.10762694608886	-0.370322359182983	0.718697690709972	0.872889480813135	-6.86289762082408
WBP1P2	-0.180841560819921	0.255326420978196	-0.370272125236749	0.718733987385919	0.872889480813135	-6.17418005975523
SLC36A4	-0.094399151605848	4.93522899471325	-0.370149884199375	0.718822316038585	0.872928764722243	-6.77081412993873
ENSG00000302465	0.339950596279581	-3.67020589942239	0.37012612688777	0.718839483045668	0.872928764722243	-5.76869714131126
LYG2	-0.307939174069553	-3.16695841420094	-0.370001148376204	0.718929795072496	0.872975950102412	-5.8147492793165
H3C8	0.210101539299437	-0.712282987230906	0.36997112305729	0.718951492655675	0.872975950102412	-6.06763244264241
UNC80	-0.551222385756899	-0.712911172921891	-0.369832131766031	0.719051937125486	0.873053496636006	-6.06761512049437
ERC1	0.0813370634380881	5.90085597568634	0.369597034213284	0.719221847184872	0.873192098291291	-6.85112014457974
EIF3K	-0.0827663702374775	7.6715949572999	-0.369572939640074	0.71923926175508	0.873192098291291	-6.92508840665583
ENSG00000256591	-0.226583137955907	-1.74295499418876	-0.369486785404469	0.719301531880498	0.87320910795179	-5.9548840465802
PARVA	0.084398150016427	4.55713648965158	0.369324824363597	0.719418599080351	0.87320910795179	-6.72751624936299
ENSG00000300832	-0.200355666727515	-3.02351007655162	-0.369282843490595	0.719448944549594	0.87320910795179	-5.82843351163586
TMPPE	-0.154276962868126	0.657154307975193	-0.369239644094902	0.719480171348271	0.87320910795179	-6.21857552330718
IL1R2	-0.305331287958232	-3.63783481330529	-0.369201431926731	0.719507793565967	0.87320910795179	-5.77194284005962
ENSG00000287553	-0.31652053768436	-2.92740230042288	-0.369095696281189	0.71958422830481	0.87320910795179	-5.83756388494665
ENSG00000300956	-0.378819503916866	-3.23539112089794	-0.369038951900684	0.719625249313244	0.87320910795179	-5.80874925349134
LRRC49	0.0744881188858075	4.08331659086253	0.369030006438312	0.71963171615107	0.87320910795179	-6.66470057561444
PDCD6IP-DT	-0.160739281237585	0.494712701060008	-0.368988675871291	0.719661595071706	0.87320910795179	-6.20079789764405
ZNF555	-0.103070566040674	3.27715265228922	-0.36895654828944	0.719684821260747	0.87320910795179	-6.54753147955907
PFN2-AS1	-0.198212313163014	-1.40718719413313	-0.368940585376944	0.719696361537526	0.87320910795179	-5.99092571946174
POLI	0.0773522969294778	5.62626346121623	0.368895730304322	0.719728789595038	0.87320910795179	-6.83292190308977
HRAS	-0.110135444759673	4.01319812784307	-0.368856946709084	0.719756828735395	0.87320910795179	-6.65496142180656
DENND5A	-0.0746500145200288	6.92146578028564	-0.368844976413413	0.719765482915137	0.87320910795179	-6.90009765628456
PLPP6	-0.0846132346075308	4.41419959123455	-0.368636690604351	0.719916074194726	0.873297884975122	-6.70964184523508
KCTD21-AS1	0.138094049161785	1.8624854125112	0.368583645657661	0.719954427855776	0.873297884975122	-6.35791202650965
ZNF701	-0.145025222117271	2.96441755749182	-0.368521820069417	0.719999131304243	0.873297884975122	-6.50271549129838
OSER1	0.0656239379487236	5.11865858661383	0.368500520122588	0.720014532643783	0.873297884975122	-6.79008456859074
ENSG00000301373	-0.261522125260285	-2.25467334200039	-0.368423648118041	0.720070117526369	0.873297884975122	-5.90296659784183
ENSG00000285835	-0.325222451043702	-3.82588717821343	-0.368379068451758	0.720102353131466	0.873297884975122	-5.75546850730563
ENSG00000305652	0.348934519254908	-2.83257158143111	0.36831636887128	0.720147692236782	0.873297884975122	-5.84685022752026
PRRT4	-0.163738094176833	1.10367099754738	-0.368231008199321	0.720209419776182	0.873297884975122	-6.26894147263641
R3HCC1	-0.125668748741091	4.38554087348813	-0.368191620143203	0.720237903482263	0.873297884975122	-6.70613852189488
MIR4746	-0.345639515344542	-4.38586327444741	-0.368169976197921	0.720253555620029	0.873297884975122	-5.71121349943157
PPP1R1B	0.119040257726661	4.90929906028661	0.368124982375895	0.720286093997459	0.873297884975122	-6.76887606535148
TEX19	0.16820292104078	1.31549708029743	0.368078995483805	0.720319351141062	0.873297884975122	-6.293276224122
HK2	-0.139555668886318	7.22330814113311	-0.368037788831029	0.720349151793657	0.873297884975122	-6.91124003530978
LINC02041	0.17253534119291	-1.02241827371678	0.368035340756157	0.720350922256891	0.873297884975122	-6.03355016128339
AFDN-DT	0.2024339255599	1.73226126536043	0.367979286929987	0.720391461211404	0.873302671918558	-6.34238236538374
ENSG00000262920	-0.264992511216679	-3.22089472833096	-0.367750489810779	0.720556940060075	0.873343425054135	-5.81056775575985
CKM	-0.234824751372871	-3.65906847032018	-0.367748766691756	0.720558186373187	0.873343425054135	-5.77056656317248
ENSG00000289224	-0.319941646042599	-0.988192213005277	-0.367676535367881	0.720610431268144	0.873343425054135	-6.03750133331746
CCDC171	0.116150705782702	2.64220489646313	0.36762874272688	0.72064500049753	0.873343425054135	-6.45837218097842
LINC00092	-0.247997739051259	-2.12713042110178	-0.36762332057971	0.720648922470285	0.873343425054135	-5.91601786116431
ENSG00000207751	0.237638891336375	0.984734869018391	0.36759982900512	0.720665914603316	0.873343425054135	-6.25572002139185
MIS18A	-0.0890168936365088	5.96394642649982	-0.367578664968073	0.72068122329749	0.873343425054135	-6.85577864833399
ENSG00000253652	-0.276953866783511	-1.97582693819053	-0.367486228466218	0.720748087390754	0.873364880308589	-5.93143900017697
ENSG00000204620	0.151007603129681	-1.12057045964348	0.367453013475727	0.720772114108949	0.873364880308589	-6.02286621721578
CD8A	-0.341640481070628	-1.1822749331209	-0.367340385432519	0.720853588189609	0.873410683632223	-6.01608474821669
ZDHHC11	-0.116815106782073	2.19115004071298	-0.367299583853694	0.720883104574147	0.873410683632223	-6.39931761254843
ENSG00000258561	0.16745613532433	-0.960203803539738	0.367215216548092	0.720944138483313	0.873413514488671	-6.04081694751312
UBFD1	0.0826101390951886	7.40204764536639	0.367117030832245	0.721015171635982	0.873413514488671	-6.91756899871824
MIR1244-4	0.406370650882262	-2.04309084488117	0.367106874624798	0.721022519374646	0.873413514488671	-5.92472785447464
GOLGA4-AS1	-0.194385164697342	-0.171699874185595	-0.367094017529544	0.721031821174436	0.873413514488671	-6.12888410330643
SUPV3L1	0.0789652878209148	5.72305657251908	0.366964377294943	0.721125615429997	0.873482798592556	-6.84052169015371
EIF3LP2	0.368832361250413	-0.343879143065808	0.366725679304562	0.721298325235388	0.873598765192125	-6.11009254729115
ENSG00000273568	0.188404178343301	-1.37131185561668	0.366715137255299	0.721305953307389	0.873598765192125	-5.99565181464342
KIF3C	0.0654619876763265	6.420755908537	0.366680297693827	0.721331162929618	0.873598765192125	-6.88013123924657
PGD	0.0852373699059257	9.15557821477358	0.366452075340488	0.721496311390016	0.873627792077695	-6.964603826556
FAM200A	0.0913388933024963	3.66103468496763	0.36641067777034	0.721526269502836	0.873627792077695	-6.6049134963818
RDH14	0.100700485737128	3.92699998070432	0.366267628171391	0.72162979376558	0.873627792077695	-6.64363173002945
ENSG00000257390	-0.284367171683181	-2.85503253729615	-0.366260680122522	0.721634822182679	0.873627792077695	-5.84547327884293
CERK	-0.0730787468050291	6.55614735819177	-0.366240915165661	0.721649126482456	0.873627792077695	-6.88638294061392
GATA2	0.310518068096045	-0.959943021785009	0.366229792710263	0.721657176078136	0.873627792077695	-6.04121868136311
ENSG00000307887	-0.442943898469462	-3.53788734583918	-0.366187854677456	0.721687527987829	0.873627792077695	-5.78206706888319
FBXO7	0.109446514398213	6.71732217049019	0.366178612594339	0.721694216849985	0.873627792077695	-6.8931743428664
DRAP1	0.106752547149117	6.06151518549991	0.366148959520869	0.721715678121105	0.873627792077695	-6.86196634238814
CEP76	-0.0793281348982617	4.29311980078472	-0.366141370743825	0.721721170503034	0.873627792077695	-6.69466846363143
GPRIN2	-0.169462982126766	4.61526709604359	-0.366029108680539	0.721802422170121	0.873681834361207	-6.73589975348164
ENSG00000293413	-0.35181810702656	-1.12965721569329	-0.36593135365958	0.721873177053891	0.873687484845889	-6.0224323819478
ZSWIM1	0.106851915752116	4.01710013958078	0.365921508107471	0.72188030339636	0.873687484845889	-6.65666429742237
CHD4	0.0797789428652038	5.06063728734328	0.36585888352467	0.72192563255931	0.873698041290658	-6.7854555301834
CALB1	-0.40919701774419	4.82983539600091	-0.365669753114537	0.72206253648093	0.873819417817177	-6.76109016967234
TNPO3	-0.0618829527588511	7.70436102541246	-0.365510738856563	0.722177648467227	0.873914411396203	-6.92768660797121
DDX19A-DT	-0.145149551515876	-0.273717460894521	-0.365263407416035	0.72235670853892	0.873989057933835	-6.11837814295526
FMNL2	-0.0792556024985816	6.24639312165429	-0.365174963070192	0.722420743679216	0.873989057933835	-6.87224742949391
RASSF5	-0.184818367906386	0.965832033596253	-0.365153363718949	0.72243638230022	0.873989057933835	-6.25453077302491
ENSG00000279880	0.375733652890301	-3.57077057120657	0.365151056859211	0.722438052548339	0.873989057933835	-5.77946695294343
SOCS7	-0.0713623902028484	5.83405392462816	-0.365132256737828	0.722451664558637	0.873989057933835	-6.84864790661183
UST	-0.0694783227813884	6.07844587351841	-0.365122057746571	0.722459049062581	0.873989057933835	-6.86332617668716
CCNYL1	0.073979164040205	5.79775874590294	0.364940939901292	0.722590191057375	0.874103400403769	-6.84638721988156
ACSL1	-0.153005539024507	3.77025927917878	-0.364731956514744	0.722741521326727	0.874242151411737	-6.62152876997566
COX14	-0.0998262738175928	3.51612751115268	-0.364587565864654	0.722846085629426	0.874305980863561	-6.58430276072683
ENSG00000263786	0.323554445941994	-2.12751524920564	0.36450926510102	0.722902791690148	0.874305980863561	-5.91713663869455
CCDC148	0.184781315716443	-0.223180966359296	0.364507338738057	0.722904186800248	0.874305980863561	-6.12422318839474
SNRPA1	-0.0633701389813313	5.37991802522541	-0.364433948719211	0.722957338091842	0.874325958360172	-6.81535324195533
RAD51B	0.107027672362461	2.62016672598726	0.364300508376977	0.723053983607452	0.874398531959822	-6.4566808619569
ENSG00000301866	-0.203430522863022	-2.47666701286009	-0.364041347195556	0.723241698256354	0.874581223705954	-5.88272171800934
ENSG00000265393	-0.220114818757614	-1.16704729405434	-0.363887069619206	0.72335345312304	0.874637510498823	-6.01906046560292
AHSP	0.186620788632317	-0.70415695771551	0.36387590925786	0.723361537676971	0.874637510498823	-6.07085552133198
ENSG00000261578	0.106557765496298	1.56809326046268	0.363635147950046	0.723535953575042	0.87476448970697	-6.32450140173559
ANKRD13A	0.110139066150645	4.89602665035195	0.363629758572728	0.723539858017568	0.87476448970697	-6.76920922151425
COL25A1-DT	-0.31763665193546	-4.35130329903134	-0.363242062420266	0.723820754022709	0.875059767817849	-5.71491679236404
ENSG00000275155	-0.173288878432613	-1.05325297250976	-0.362972204305938	0.724016298597517	0.875208663116757	-6.03202873374341
EIF2S2	-0.0896159476314233	7.5706310308768	-0.362970883381625	0.724017255816703	0.875208663116757	-6.92457297639565
SYNPO2L-AS1	0.327826160421488	-2.2779728629931	0.362857412368814	0.72409948542045	0.875263733528989	-5.90271244287012
FRMD4A	0.106514720907258	5.19235621580406	0.362783945421978	0.724152727035709	0.875283760567267	-6.79933665952726
ENSG00000300026	0.230016172954063	0.720929983908122	0.362699694479579	0.724213785723224	0.875313233597822	-6.22813158459824
ENSG00000271551	-0.162342160256853	-0.800382898501982	-0.362474731293443	0.724376831871531	0.875425364959351	-6.06053755274401
YPEL1	-0.193878329816224	4.23900960945134	-0.362464120434447	0.724384522639942	0.875425364959351	-6.68879625276795
ENSG00000291047	-0.291774558324146	-3.50866436425188	-0.362372493218993	0.724450935533141	0.875425364959351	-5.78610012151691
TTC39A	-0.0932990810279803	3.3211945478328	-0.362293445916931	0.72450823222133	0.875425364959351	-6.55655457257687
ENSG00000290548	-0.174630370970359	2.03001783938297	-0.362219333715916	0.724561953363726	0.875425364959351	-6.38100989643303
URI1	0.061061939701311	6.43371657938141	0.362211605821841	0.724567555112997	0.875425364959351	-6.88248462054279
ENSG00000230648	-0.21376698261409	0.10225591326233	-0.362197429154076	0.724577831454652	0.875425364959351	-6.16061687588455
CIBAR1	0.105859706347569	3.95904517883249	0.362158197264576	0.72460627005062	0.875425364959351	-6.64983684208735
TEKT2	-0.303391691750146	0.210466712872007	-0.361994093584032	0.724725231042799	0.875425364959351	-6.17246552761465
ENSG00000300981	-0.307068615633601	-3.61237007284896	-0.361867891351945	0.724816721969701	0.875425364959351	-5.77689674421943
ABCC1	-0.0867702117971705	7.15249018575682	-0.361856272444276	0.724825145381477	0.875425364959351	-6.91121980505571
DHX29	-0.0988081998763501	6.11019047037066	-0.361800585260995	0.72486551770219	0.875425364959351	-6.86638666997557
ENSG00000289435	0.235873568530955	-2.73024226713567	0.361771668790902	0.724886482030117	0.875425364959351	-5.85902993386133
DOLPP1	-0.0929166958350276	5.52247703269833	-0.361760091175217	0.724894875822933	0.875425364959351	-6.82788236786402
ENSG00000265478	0.395864431099168	-2.7327787037417	0.361735397684463	0.724912778776778	0.875425364959351	-5.85880002779359
MIR9-1HG	0.156097134342069	1.45567996027021	0.36172867286046	0.724917654351339	0.875425364959351	-6.31202195103805
ENSG00000303133	-0.265378565195147	-1.75730615530486	-0.361711494297296	0.724930109065095	0.875425364959351	-5.95627610615362
TNFRSF21	-0.0993341025616585	6.3496291248513	-0.361590076928603	0.725018140854526	0.875487375045533	-6.878765631885
HNRNPH2	-0.08767008878905	6.56300858580275	-0.361371696792386	0.725176484545057	0.875559095846523	-6.8885837983094
PVR	0.113073083626588	4.71099204282231	0.361371678692582	0.725176497669476	0.875559095846523	-6.74921474039527
ENSG00000274204	-0.227351361796713	-2.61351250191582	-0.361356381596441	0.725187589839279	0.875559095846523	-5.87041758378153
SRD5A2	-0.331025928735876	-3.45521645811371	-0.361086482265166	0.725383309103123	0.875711064381568	-5.79142981861476
FIBIN	0.244540119565143	-0.904482850763999	0.361081611495522	0.72538684136354	0.875711064381568	-6.04937656792912
ENSG00000297451	0.193452025532407	-1.37640153353111	0.360798488739757	0.725592172292485	0.875891211496533	-5.99730714727373
LINC02552	0.29095894074036	-2.42723407253749	0.360774649832196	0.725609462174108	0.875891211496533	-5.8887580287092
PURB	-0.089362522593448	5.49402924450172	-0.360551516473961	0.725771304138682	0.876042265507406	-6.82612961824907
ENSG00000254595	0.346378985713056	-3.72021046715576	0.360415275858421	0.725870128436999	0.876089458224097	-5.76774079845958
THAP12P1	0.316847014016211	-3.01047587567818	0.360396406561957	0.725883815996209	0.876089458224097	-5.83290997616342
ENSG00000287783	-0.278885812306515	-2.82117362795367	-0.36027842621014	0.725969399802673	0.876148445848018	-5.85088064203069
UBALD1	0.0933567916304225	4.35674809689768	0.36017930250371	0.726041307909791	0.876190923592201	-6.70549526059885
EFL1	0.0753332619470344	5.96442290206078	0.360054632743496	0.726131752047363	0.876255765300557	-6.85874583395371
RNU2-17P	-0.307756890731604	-4.20104005364784	-0.359777112014354	0.726333100737741	0.876454427185786	-5.72609949530418
LINC02067	0.342437136788217	-2.15192643469803	0.359714168770436	0.726378770772579	0.876465223560624	-5.91644554954541
B3GAT1	0.148324911493765	5.48348130805129	0.359520990185153	0.726518943294837	0.876590041940138	-6.82569576713561
ENSG00000272356	0.261387824369948	-2.04750313112549	0.35940418416319	0.726603704159272	0.876618530374662	-5.92712462003731
ENSG00000289520	0.223095024885217	-0.516090923563187	0.359387221978153	0.726616013173081	0.876618530374662	-6.09367185984954
ZNF792	0.0950591254506508	3.38874830271614	0.35926165152965	0.726707138891528	0.876664219000449	-6.56760538117351
RAC2	-0.157390696050939	2.42110292934477	-0.359233806798603	0.726727346248958	0.876664219000449	-6.4321053078661
RMND1	0.0725553554752469	4.83682426902364	0.359176049149654	0.726769262578084	0.876670473564699	-6.76439521486851
ENSG00000272156	-0.231538462475723	-2.60014647594718	-0.359002221237395	0.726895420006785	0.876778338773029	-5.87256602590605
ATL2	0.0643986512687356	6.56093511373725	0.358904171325704	0.726966584522885	0.876819864200915	-6.88944945700271
GTF3C3	0.0640338833283511	6.15637588765653	0.358780027881431	0.727056691590664	0.876860787870479	-6.87005859205871
FAM153CP	0.31112544385185	-2.81829822441749	0.358756191792712	0.727073993042979	0.876860787870479	-5.85170538097846
BHLHE40-AS1	-0.254408103070781	0.970394014487026	-0.358633263846676	0.727163222979989	0.876904388547734	-6.25752074431002
LINC01355	0.219349780517139	0.298676241713065	0.3586051531225	0.727183628362876	0.876904388547734	-6.18333557971915
APBA2	-0.125183505035221	5.27303179162284	-0.358436485640204	0.727306067620396	0.877007725756378	-6.80842806598131
PRH1	0.189001383092492	-1.71374019499904	0.358322343214994	0.727388930550625	0.877021489656904	-5.96211063994321
ENSG00000288887	-0.493940440454695	-2.81512348383653	-0.358319527806345	0.727390974473474	0.877021489656904	-5.85216567530808
ENSG00000294276	-0.229464104144601	-3.89042566624109	-0.358081680073074	0.727563654605851	0.877185378080312	-5.75347123569815
TAF9	0.122337979221804	6.30076164734952	0.358024526725458	0.727605150956298	0.87719109652341	-6.87776790988564
PSMA7	-0.0715250244013772	7.48236000693841	-0.357677819692078	0.727856898310111	0.877450277400112	-6.92383710054205
SLC17A5	0.0973042022471011	4.70305316934165	0.357575304235994	0.727931342266809	0.877487996279374	-6.74974302676076
MT-TM	0.278820258181335	-2.90047173027591	0.357533475358522	0.72796171811839	0.877487996279374	-5.84433342201669
ENSG00000306009	0.204839231466461	-2.7656219373545	0.35739582061072	0.72806168555466	0.877550252561198	-5.85722638660869
MFSD2A	0.164271505198111	4.18986690188513	0.357334483352137	0.728106231529405	0.877550252561198	-6.68409647920008
SDHD	0.159269034863574	5.87930855980844	0.357289441765315	0.72813894350226	0.877550252561198	-6.85456876696375
CELF1	-0.0623410077046271	7.45405437839229	-0.35725984449557	0.728160439172161	0.877550252561198	-6.92308800759636
PRDM16-DT	-0.350793660468772	-2.8968565765964	-0.357142890422642	0.728245382057787	0.877608307678526	-5.84481654665568
ENSG00000296823	-0.351233257520355	-3.66183232239118	-0.3569066337558	0.728416985276632	0.877746985823255	-5.77421759468051
CARNMT1	0.107998520710707	5.49394711714655	0.356883194135115	0.728434011321122	0.877746985823255	-6.82753527515109
CRISPLD1	0.0699692724751237	5.31883396379077	0.356711713642082	0.728558575819851	0.877852762979219	-6.81308756945125
LINC00299	-0.200439869802368	-1.44761780773183	-0.356618402426784	0.728626361139439	0.877857289148243	-5.99114572582519
DYNLRB2	0.26565307966341	-4.17810106726258	0.356605279131389	0.728635894667394	0.877857289148243	-5.7289851739204
THUMPD3-AS1	-0.118691362766869	3.74825179909813	-0.356007714303896	0.729070051876197	0.878333277661405	-6.62165990787332
LSM7	-0.129997049608833	5.63490004356009	-0.355942757416665	0.729117251958698	0.878333277661405	-6.8385746615511
FAM161A	0.0912708126527368	4.87159772452323	0.355870462742277	0.729169785340836	0.878333277661405	-6.76954460214293
TTC4	-0.116036645397609	0.513575487925087	-0.355824985970835	0.729202832075223	0.878333277661405	-6.20785768705354
C14orf119	0.116933684370983	6.27425456566143	0.355779713625649	0.729235730834573	0.878333277661405	-6.87730463656221
DISP3	-0.237580267659514	3.37171846675759	-0.355757628659236	0.729251779869209	0.878333277661405	-6.56644111769616
GAS1	-0.20882591874962	1.82407980896945	-0.355685066965424	0.729304511051798	0.878352463302885	-6.35817817340342
RANP6	-0.460902346266694	-3.564759626154	-0.355494697659857	0.729442861013716	0.878474758493005	-5.78347012766411
ZNF710	-0.0895120587992428	4.94638161749735	-0.355380049317013	0.729526186035222	0.878480932822961	-6.77772248375062
CRTAP	0.144024382047343	7.65406711626542	0.355348410900726	0.729549181099682	0.878480932822961	-6.93009198682189
PROSER2-AS1	-0.227358004787483	-3.15251654896593	-0.355335713277564	0.729558409916785	0.878480932822961	-5.82141639136455
TIAM1	0.0897881904524276	5.47483638017623	0.355226575820621	0.729637734468866	0.878532126352963	-6.82666120872499
BVES-AS1	-0.203360947300384	-1.4634914872487	-0.355116403685525	0.729717814440243	0.878584224246848	-5.98997787005067
MTO1	-0.0775779451045784	5.20972058343642	-0.35502631746409	0.729783297243202	0.878618742700943	-6.80396169973152
SF3A3P2	0.172248793750267	-0.244044216323335	0.354934365721094	0.729850138417957	0.878654892994774	-6.12550651487054
ENSG00000271021	-0.423895124151283	-2.9489098709109	-0.354805724450309	0.729943653759955	0.878723150624879	-5.84072356890391
UPK1A	-0.289504877423824	2.24604921720023	-0.354628647796243	0.730072386612863	0.878833794890261	-6.41114810586691
SEMA3D	0.10285012954754	2.39242554485869	0.354391479140529	0.730244819448654	0.878963156093471	-6.43018246029158
INSIG1	0.207824067054406	6.53762236511408	0.354372354185021	0.730258724881285	0.878963156093471	-6.89016783618316
NOL10	0.0879274351810722	5.80911164801751	0.35432888177268	0.730290333319375	0.878963156093471	-6.85121700392088
EXOSC3	-0.0904187563437668	5.05616309645906	-0.354162661381153	0.730411195685347	0.878993135828853	-6.78952289446788
TRIM61	-0.0925620164455876	3.01863372043334	-0.354159436405845	0.730413540709492	0.878993135828853	-6.51592633614961
DSEL	0.28770920997384	5.0847764109438	0.354057274848238	0.730487828462005	0.878993135828853	-6.79240445571969
ZAN	0.305667715277727	-2.01902996649685	0.354051137078202	0.730492291692924	0.878993135828853	-5.93196497748908
ENSG00000305889	-0.218086437704869	-3.66349080454884	-0.354041380918541	0.730499386146784	0.878993135828853	-5.77508006714984
SSR4	0.0839254600367552	6.12723624062964	0.353971605639277	0.730550125892159	0.879009873697729	-6.87032865442959
ACOT12	0.286541234439047	-2.76630388771557	0.353755862627075	0.730707020217372	0.879132999606322	-5.85846470031888
MIR3677HG	0.164540585079096	-1.38947366588147	0.353729591950199	0.730726125872134	0.879132999606322	-5.9984806363237
ANKS1B	0.15168331201171	0.953683789783103	0.353570894709214	0.730841544377535	0.879227538669218	-6.25753184300134
CD247	0.190701196870532	0.183532710598224	0.353441981956397	0.730935306170003	0.879237946319786	-6.17273413214672
ZNF501	0.0906985091398571	3.25453347675365	0.35335750235202	0.730996753024092	0.879237946319786	-6.55022981453888
MINDY2-DT	-0.179101647062067	-1.09100327066214	-0.353334496193877	0.731013487065055	0.879237946319786	-6.03139341032786
ENSG00000303240	0.252723487394332	-4.2320373813926	0.353322429270227	0.731022264269419	0.879237946319786	-5.72615251492268
PTMAP9	-0.135997761151502	3.90772745242122	-0.353288831667152	0.731046702611532	0.879237946319786	-6.6458480295684
CAST	0.0761617565954174	5.93238632919378	0.353255112176422	0.73107122992903	0.879237946319786	-6.85941045272213
ENSG00000230615	0.171402808605208	0.710240093771606	0.353177743157328	0.731127508800284	0.879238066125051	-6.23052018051674
SLC6A5	-0.398459008514278	-4.14696287883302	-0.353102230719934	0.731182438786822	0.879238066125051	-5.7328843674508
ZNF695	-0.0981778538162659	2.91910600933795	-0.353036846264115	0.731230002662411	0.879238066125051	-6.50224698842564
NIPBL-DT	0.104952012498662	3.36016236060719	0.352981887835612	0.731269983053007	0.879238066125051	-6.56579545178637
TMEM151B	0.162184426284113	4.07248074413778	0.352978266566204	0.731272617433081	0.879238066125051	-6.66937912842978
LUC7L	-0.0887491835788579	5.82559536901613	-0.352927211553296	0.731309759026564	0.879238066125051	-6.85280872941477
ENSG00000275601	0.226305886117272	-2.24642564796014	0.352900484130762	0.731329203029896	0.879238066125051	-5.90946620455966
PRIMPOL	0.0855452576228739	3.34571384409381	0.352717423006224	0.731462383997833	0.879353887013362	-6.56377899699958
ENSG00000261118	0.289279917449483	-2.38115469373534	0.352532095951466	0.731597222980521	0.879416437660414	-5.89625974356521
PPP1R35	-0.0849965538846256	3.91983275489715	-0.352504162564567	0.731617547390612	0.879416437660414	-6.64788459808768
TES	0.16900847540454	5.90605331842252	0.352493982648435	0.731624954379904	0.879416437660414	-6.85807585950997
AKT1S1	0.110262372656197	5.83899873230894	0.352431357432169	0.731670521627787	0.879426919458649	-6.85385837771365
ANKRD53	-0.175990339621032	-0.900827866754783	-0.352157791305361	0.731869586111911	0.879585585907787	-6.05307064485192
GZF1	-0.0968037530000245	4.11312734010345	-0.352114532827144	0.731901065695728	0.879585585907787	-6.67538845168818
ENSG00000259366	-0.174872831196874	0.424462442857404	-0.35209800852492	0.731913090716414	0.879585585907787	-6.19947536164067
ENSG00000299474	-0.343073330815889	-3.17868572234594	-0.352023758877755	0.731967124406093	0.87960623121697	-5.82015131173958
ENSG00000286804	0.296172795422312	-4.14302895259622	0.351864038523532	0.73208336287801	0.879701622284234	-5.73365274240265
LRRC8B	0.0901893437058847	5.66776378250198	0.351719573528003	0.732188505176175	0.879783670796948	-6.84252224298655
ENSG00000299240	0.213177230964383	-2.11332986225741	0.351549493253396	0.732312297821128	0.879888119819616	-5.92328655570161
DHRS12	0.134651588866801	2.2702895217057	0.351207491512453	0.732561247520244	0.880112028347903	-6.41553815345143
RRAS2P1	-0.158252417837589	3.7025942441553	-0.351129267641446	0.732618192751833	0.880112028347903	-6.61682890904449
SUFU	-0.10222715482111	4.94059929220531	-0.351094430154181	0.732643554210821	0.880112028347903	-6.77874095433585
TBCCD1	-0.0939386870602132	3.97216701200414	-0.351000725858042	0.732711771984725	0.880112028347903	-6.65597833049837
RBM10	0.0665180400925669	6.64826216841816	0.350975946829599	0.732729811801036	0.880112028347903	-6.89619567157992
ENSG00000294684	0.26812624942766	-4.25576748325893	0.350910951496651	0.732777131005121	0.880112028347903	-5.72529948415745
TRAIP	-0.0830216974254521	4.39230773562936	-0.350878502310974	0.732800755749351	0.880112028347903	-6.71367590995933
H2BC6	0.168264250043883	-0.31717090876427	0.350826591989655	0.732838549848845	0.880112028347903	-6.11895682492505
MAPK7	-0.0820169818562428	5.32374402309471	-0.350761724214151	0.73288577886948	0.880112028347903	-6.81577540740707
LINC03048	0.355293245624426	-3.29645609157995	0.350736099805379	0.732904435846022	0.880112028347903	-5.80968066336103
HPGD	-0.476779025600171	0.275916104386857	-0.350646586979838	0.73296961101855	0.880112028347903	-6.18380350813303
SBNO1	-0.0719132717612645	6.33879628130546	-0.350643502636493	0.73297185679896	0.880112028347903	-6.88243701630417
ENSG00000279342	0.274182931160176	-0.725021805353825	0.350616440100157	0.732991561759006	0.880112028347903	-6.07341374064785
TCAF1P1	-0.178507712730312	-1.4293800077527	-0.350572420463285	0.733023614072952	0.880112028347903	-5.99531109367949
FAM216A	0.133263542430935	4.69208869217182	0.350527301417589	0.733056467463659	0.880112028347903	-6.75112307282624
ENSG00000257449	0.213232620443899	-1.10266142369505	0.350473476061897	0.73309566108307	0.880112028347903	-6.03113226049343
ENSG00000291207	-0.126270951231968	3.08818522035727	-0.350428608244371	0.73312833276973	0.880112028347903	-6.52728504519866
ENSG00000265055	-0.298843850486373	-2.64729310045538	-0.350381804795832	0.733162414531068	0.880112028347903	-5.87109543705521
SAMD12	0.090264248185866	3.45595822537197	0.349971953969646	0.733460889330732	0.8803582130995	-6.5810345720048
ZZEF1	-0.12410020653944	4.69425364134579	-0.349953348636155	0.733474439809736	0.8803582130995	-6.75159614581535
ENSG00000265702	-0.21665554484167	-1.89822510451262	-0.349948250889689	0.733478152573996	0.8803582130995	-5.94585169661976
ST13P15	0.117397403911834	1.60286235167465	0.349767414583455	0.733609862982015	0.880472020506474	-6.33383934997227
MYLK	-0.0917095219520698	4.82882137962615	-0.34967390272844	0.733677974999748	0.880509490084929	-6.76710815559593
ZGLP1	0.24647740788321	-1.52061222842947	0.349568932319533	0.733754436059251	0.880556975333173	-5.98583638815004
ENSG00000309242	0.282094840852365	-3.34649435469271	0.349163789591842	0.734049572927997	0.880866868976445	-5.80561744375843
MYH3	-0.191216989044079	0.351832106842928	-0.349111477797574	0.734087684132363	0.880868313584067	-6.19263877325308
ENSG00000291283	-0.248280189443489	-0.791684932434084	-0.34903597467706	0.734142692463534	0.880872399568857	-6.06646176801538
ENSG00000226332	0.348909103402301	-2.98369719795553	0.349005487778551	0.734164904354285	0.880872399568857	-5.83948871110933
AIRIM	-0.0676664915435215	5.05444210827171	-0.3488397807234	0.734285638304892	0.880972971870651	-6.79135806175578
TMEM9B	0.116229975655743	3.63917661945477	0.348651637706254	0.73442272824767	0.881093156483721	-6.60847047059524
ENSG00000290683	0.143133381799236	2.64541728006593	0.348559568047186	0.73448981813204	0.881112392469992	-6.46605590939669
AP4E1	-0.0697767572702581	4.35919062430361	-0.34847304483513	0.734552868526394	0.881112392469992	-6.71025688245303
ENSG00000268584	0.180488812120408	-1.68646470443946	0.348446895686156	0.734571924098107	0.881112392469992	-5.96855926016627
CASC3	0.0578213068950007	7.42704077000506	0.348426986546673	0.734586432537307	0.881112392469992	-6.92556838126904
ENSG00000303936	0.144278192847121	-0.777701053992548	0.348338218731215	0.734651121867907	0.881132052254088	-6.06829678979173
TXLNG	0.0914722787593441	7.13204632708674	0.348303175936543	0.734676659817168	0.881132052254088	-6.91567245971781
LIPE-AS1	0.175253513172179	1.02481949393554	0.348072463977188	0.734844802973723	0.881289428298772	-6.26758339948412
SAT1	-0.141006173215518	5.78884415103111	-0.347874331185514	0.734989214086628	0.881418328439631	-6.85232734159561
KRT18P17	0.22503433135791	-1.30296435793482	0.347716505262778	0.735104254853392	0.881511995708482	-6.01006508628319
YWHAB	0.0977005923926946	8.89534134636983	0.347580867735529	0.735203127767756	0.881586266601339	-6.96598149294469
ENSG00000285639	0.265496104814589	-3.2020305288673	0.347351447844541	0.735370374804886	0.881695998370872	-5.81961503112524
PPP1R1C	-0.217440047096113	0.954797804747497	-0.347291437745189	0.735414124537103	0.881695998370872	-6.25996814019082
ENSG00000271851	0.119161876511055	0.247934152972961	0.347265213431927	0.735433243407694	0.881695998370872	-6.18199149791069
ENSG00000302628	-0.337345315474013	-2.47519454687202	-0.347252643881001	0.735442407322551	0.881695998370872	-5.88890465192197
ENSG00000267681	0.237968733974267	-1.37870705110932	0.347096999341844	0.735555884606359	0.881700817469077	-6.0020346716086
C1RL	0.0990207527705333	4.73004314111986	0.347081609079489	0.735567105696625	0.881700817469077	-6.75686479854425
CD19	0.235148431758407	-0.294237150675067	0.34703985429122	0.735597549575928	0.881700817469077	-6.12286140514434
RNF139	0.0729479725372846	5.08964078528052	0.347037806107276	0.735599042941877	0.881700817469077	-6.79552530743968
MSANTD4	0.0778379392393624	4.70012430388292	0.346962702721414	0.735653802900566	0.881700817469077	-6.7534054590923
GRIA1	0.18754579156385	0.87825861429568	0.34694312121346	0.735668080574818	0.881700817469077	-6.25150017951983
MTMR9	-0.107664530138695	5.79128736843655	-0.346850497631166	0.735735617623892	0.881737483596758	-6.85287342854476
RETREG2	-0.0885976361333656	5.84691894735148	-0.346779917550445	0.735787083100077	0.881750210089989	-6.85649049142717
DOK1	-0.128045255242823	3.99082604078847	-0.346734604035845	0.735820125460356	0.881750210089989	-6.66025006454137
PKD1-AS1	0.203621983611532	-0.832220647345892	0.346609796232159	0.735911137521902	0.881814997451313	-6.0627620737598
MBD6	-0.101710597541987	4.549410107215	-0.346515580631562	0.735979844036743	0.881853051740797	-6.73530556038702
ENSG00000289334	-0.164492986306236	-2.60855446677179	-0.34643838935411	0.736036137416178	0.88187622950361	-5.87622713879497
HEXIM2-AS1	0.213197862086433	0.132466061771398	0.346381647146799	0.736077518918367	0.881881539281395	-6.16974924575498
OTUD7B	-0.111341987141179	4.78719396984235	-0.346282223365823	0.7361500297766	0.881924142188441	-6.76368087057102
FMR1	0.0646816278460802	5.43571747174729	0.34620197651644	0.736208556663019	0.88194998854973	-6.82694489153313
PDGFC	0.144183578791681	1.35909529198546	0.346031312944037	0.736333033552748	0.882009613332837	-6.30661029468545
ACTL6A	0.0750952692139322	6.86685024512769	0.346022766324505	0.736339267410394	0.882009613332837	-6.90679554478911
ENSG00000236935	0.279754442921446	-2.18288397661269	0.345981737229613	0.736369194086819	0.882009613332837	-5.91826741163217
TERF1P2	0.293110627805119	0.41564767594717	0.345893349301791	0.736433665925144	0.882042570614513	-6.20077762347656
TIAL1	0.0657260600194212	6.66173245484867	0.345704520104566	0.736571408703782	0.88208605557435	-6.89873340032699
NDUFA6-DT	0.216008142496233	-0.320026377325541	0.345699063227168	0.73657538940625	0.88208605557435	-6.12049747343978
ENSG00000274578	-0.328638972660514	-3.78308829318562	-0.345611920660519	0.73663895958185	0.88208605557435	-5.76731709206693
ENSG00000291117	-0.315246293430477	-2.58919239211274	-0.345589873963862	0.736655042893704	0.88208605557435	-5.87839887844671
ZNF816	-0.0896389317327517	3.6296565772287	-0.345553920838169	0.73668127138635	0.88208605557435	-6.60821292960599
TAP2	-0.100800526692578	3.67562114642778	-0.34549408177193	0.736724925913329	0.88208605557435	-6.61499238762352
ABCC4	-0.0757641966204616	4.49383381547774	-0.345487044895268	0.736730059605958	0.88208605557435	-6.72868915554718
PVT1	-0.109128966557688	3.69382656583945	-0.345438275188166	0.73676563949699	0.88208605557435	-6.61766716464268
BRICD5	0.243904919539561	0.695812960202265	0.345340828309707	0.736836733717865	0.882121299035406	-6.23179209215977
DHX35	-0.0820616061652579	4.76945598772449	-0.345206236800789	0.736934931778476	0.882121299035406	-6.76206594883371
ENSG00000307567	-0.287838213965533	-2.45202269710444	-0.34516557788894	0.736964597523297	0.882121299035406	-5.89190498901366
ITSN2	0.119178796250849	4.24714048580077	0.345096697634364	0.737014855286735	0.882121299035406	-6.69646960853184
FGF23	0.278753401250733	-0.214460400845866	0.345090766017552	0.737019183290057	0.882121299035406	-6.13234081897636
CPSF4L	-0.242285829277793	-3.48967662066916	-0.345030053572276	0.737063482669457	0.882121299035406	-5.79393625006507
GOLGA6L10	0.220501772434345	0.442431330014184	0.3450281362829	0.737064881653223	0.882121299035406	-6.20401693421503
ENSG00000258649	0.115261691030449	5.31032196546582	0.344992676459208	0.737090755715553	0.882121299035406	-6.81675735954518
TRAM2	0.0661112380594631	5.34465289618702	0.344937254926796	0.737131195978052	0.882125464019664	-6.81975557723502
ENSG00000257509	-0.352118904986799	-3.60818073204647	-0.344544839384389	0.737417559717995	0.882383054099369	-5.7833571096959
SLC35A5	0.0985385148500795	5.63803957674019	0.344540964156265	0.737420387860477	0.882383054099369	-6.84308729363642
C1QTNF4	-0.255236414883916	1.36498474210298	-0.344455836090043	0.737482515378759	0.882413154586897	-6.30786737439132
SNHG25	0.160127175923221	0.565670362568552	0.344371945937476	0.737543741386393	0.882442173434381	-6.21778364613439
EPCAM-DT	-0.207594130148088	0.27211428672802	-0.344267225063073	0.737620173086974	0.882456527735588	-6.18570527064629
ENSG00000309071	-0.167551492025632	-0.565258395449498	-0.344213365078817	0.737659484563009	0.882456527735588	-6.09369374329838
ENSG00000299046	0.307999976563985	-4.03586685401894	0.344203533641307	0.737666660445498	0.882456527735588	-5.74555570825293
ENSG00000197550	-0.263276774956499	-3.42843778039107	-0.344106187795058	0.737737713771596	0.882477122984417	-5.79984584402606
CCT3	-0.100254404303275	9.2050254890302	-0.344046562986253	0.737781235558313	0.882477122984417	-6.9742538138856
ATP2A1-AS1	0.10013582427774	2.83725489378778	0.344027978811875	0.737794800856038	0.882477122984417	-6.49411081385951
DNAJB12	-0.0874222201084489	4.60337659038914	-0.343859672454141	0.737917658371721	0.882574299086121	-6.74288098828827
EPG5	-0.0865731679442945	4.66793760893811	-0.343815364811803	0.737950002621302	0.882574299086121	-6.75071573652731
PITHD1	-0.0838631722954641	6.02420248594225	-0.343688974964383	0.738042269208525	0.882640418860543	-6.86840769737309
TMEM87B	-0.0971282588130125	4.77705334524654	-0.343238244508611	0.738371344974659	0.882989722943691	-6.76365486374122
COPB2	0.0624620808313692	7.71085266194512	0.343115973619741	0.738460623792332	0.883043011325781	-6.93641634166939
TMX3	0.0704435568970423	5.11665218917018	0.343075876300723	0.73848990262968	0.883043011325781	-6.79959461538169
NCKAP1	-0.0612565948256894	8.20887718282569	-0.342818222977846	0.738678050067327	0.883116841199585	-6.9506766118496
SERINC2	-0.0987057742842756	5.55577740070271	-0.342788099535775	0.73870004843269	0.883116841199585	-6.83763419182269
GRID1	0.2118725222301	0.327878553908681	0.342773224468832	0.738710911397678	0.883116841199585	-6.19231788731386
BGN	0.318627844415351	2.94677129294386	0.34274472231662	0.738731726119447	0.883116841199585	-6.50996487449496
EFCAB14	0.0880726933090461	6.33536565966262	0.342699747569733	0.738764570994791	0.883116841199585	-6.88523405611413
ZBTB12	-0.135399342754265	4.54615832853338	-0.342667764700009	0.738787928289194	0.883116841199585	-6.7363257071755
MARCHF6-DT	-0.118941571783941	1.7867878600959	-0.342586832389596	0.73884703491433	0.883116841199585	-6.35848992470194
ENSG00000295072	-0.265627231158211	-3.06641283292535	-0.342585977424421	0.738847659323472	0.883116841199585	-5.83393297826897
C2orf80	0.182861813404789	0.731987128594045	0.342332602839232	0.739032715847535	0.88323705968258	-6.23688129857558
MUC12	-0.13510729154331	1.11078904771498	-0.342257452979449	0.739087606201903	0.88323705968258	-6.27944826644629
MYH7B	0.279920636329705	-1.96582538004349	0.342197425489116	0.739131452098018	0.88323705968258	-5.94160434166999
FAM135A-AS1	-0.206333243847673	-3.93071123061717	-0.342026223388027	0.739256508664648	0.88323705968258	-5.75548816229198
BIRC2	0.0623649536465809	5.47947907617914	0.341886480450567	0.739358591410944	0.88323705968258	-6.83202048231558
RGS16	-0.128958871614956	4.25610523592255	-0.341876190430121	0.739366108519219	0.88323705968258	-6.69886640267282
ZNF791	0.0762330560191922	4.73985303330928	0.341849728447717	0.739385439767806	0.88323705968258	-6.75993714301899
BMP1	0.0977138525298837	3.34829141529262	0.341816421213849	0.739409771941689	0.88323705968258	-6.56819274172123
WBP4	0.077026015896426	3.86053010931527	0.341789266485557	0.739429609703778	0.88323705968258	-6.64334879557749
MTARC1	0.0729767103401091	4.87476198022334	0.341773089589305	0.739441427756056	0.88323705968258	-6.77516287341562
TMEM63C	0.115386020065846	3.02654809168201	0.341763720670546	0.739448272264086	0.88323705968258	-6.52164540671023
TRIM45	-0.133104451244822	3.69402542313878	-0.341743015479387	0.739463398624054	0.88323705968258	-6.61905260503223
ATP6V0E2	0.116327354913776	5.28634084811341	0.341725626418254	0.739476102445744	0.88323705968258	-6.81586839250669
HSPE1P2	-0.12641711015534	2.17574707267939	-0.341710194851235	0.739487376261367	0.88323705968258	-6.40696710174933
BMPER	0.191556626675976	-0.762081316474168	0.341688296418906	0.739503374675348	0.88323705968258	-6.0724409393015
ENSG00000304315	-0.270837262640072	2.12447426654416	-0.341637693342995	0.739540344437788	0.88323705968258	-6.40050707286067
EGLN2	0.19240807461404	1.51790863921676	0.34158054975638	0.739582093422159	0.883242723227754	-6.32678654617857
BRPF3-AS1	0.220796875562696	-1.4232746622901	0.34145057665531	0.739677054790494	0.883311931686417	-5.99920952282744
TWSG1-DT	0.114731278321955	1.24415997428742	0.34135949709913	0.739743602357029	0.883317251220352	-6.29502416211454
REPIN1	0.0934134754995064	6.54032224203496	0.341303303748299	0.739784661327263	0.883317251220352	-6.89517361869616
TIMP2	0.104334256309616	6.01908184584093	0.341274167260478	0.739805950911842	0.883317251220352	-6.86900073797308
ENSG00000255581	-0.31666243124907	-2.52187643863272	-0.341174323914125	0.739878906655718	0.883317251220352	-5.88646993496557
MPC1-DT	-0.196546986072405	-0.638619195763671	-0.341173413292013	0.739879572061631	0.883317251220352	-6.08650797320895
VPS16	-0.122240475218341	4.95375211763773	-0.341124198687866	0.739915534281446	0.883317251220352	-6.78381968157144
TRAPPC13	-0.0874325897550579	4.35149167035788	-0.341084400494657	0.739944616196933	0.883317251220352	-6.7119721582144
POPDC2	0.152166402856261	-0.772603290984791	0.340960407190287	0.740035225137541	0.883317251220352	-6.07150477013704
TAF5	0.0756890400229571	4.95649950434504	0.340952933671434	0.740040686594554	0.883317251220352	-6.78417000142952
ENSG00000237176	0.287550597991632	-1.14889148604136	0.340937987196793	0.740051609142421	0.883317251220352	-6.0293936445962
OTOP1	0.278974910584823	-2.68894512377792	0.340800465689487	0.740152109605243	0.883351103506285	-5.87042467181838
RPF2	-0.108221716128325	5.8016567624398	-0.340795311477604	0.740155876393156	0.883351103506285	-6.85579198903668
FBXL2	0.153322254330096	2.37938504858643	0.340747244242316	0.74019100511259	0.883351103506285	-6.43351205704056
VPS11	0.0615801432057914	4.82405656091772	0.340539349544087	0.740342946869578	0.88342276051181	-6.76995549530279
DNAJC19P5	-0.173702149400534	-1.34269597834222	-0.340500179262496	0.74037157613852	0.88342276051181	-6.0082791482338
ENSG00000241494	-0.14415472039248	1.83790862873468	-0.340497036754692	0.740373872992179	0.88342276051181	-6.36544397774843
CHROMR	0.0931233553945336	3.66502327996266	0.340455700303398	0.740404085983118	0.88342276051181	-6.61529287692338
ENSG00000289269	-0.330629071543149	-3.22829951510793	-0.3404118716254	0.740436121057454	0.88342276051181	-5.81956259396486
SETP20	-0.248799978131824	-3.15776441246904	-0.340220523876214	0.740575986231645	0.883498445623609	-5.82619312563543
COL7A1	-0.283400405413875	2.26881101811831	-0.34021489334145	0.740580102007131	0.883498445623609	-6.41937570350626
IGFBP7	0.195893824714056	-1.30086663467697	0.34017315919501	0.740610608857064	0.883498445623609	-6.01296193649507
MARCHF9	-0.160729222177424	2.35331303513903	-0.340097459058641	0.740665945385246	0.883516669438086	-6.4303533212111
MFSD4B	-0.118514907195601	2.84759990498852	-0.340014073207553	0.740726901933314	0.883516669438086	-6.49701506172887
NQO2-AS1	-0.233829855893177	-0.803112269316005	-0.339896387009903	0.740812935840301	0.883516669438086	-6.06842464769975
AQP6	-0.341860056732373	-3.67439231549125	-0.339870821003771	0.740831626235368	0.883516669438086	-5.7789856557107
TRMT10C	0.0985554546057621	5.81026379809502	0.339842938500642	0.740852010339732	0.883516669438086	-6.85669340684223
FUT11	0.143992249255812	4.09338882579817	0.339839750569471	0.740854340958824	0.883516669438086	-6.67717373834497
CDK5RAP3	-0.242073443848879	2.61740418017182	-0.339764258672291	0.740909532053202	0.883516669438086	-6.46547755529097
ENSG00000308190	0.14574124369897	-1.48389509355596	0.339681854095119	0.74096977866769	0.883516669438086	-5.99327885908674
FDPSP1	0.305961217587867	-2.1188346324159	0.339584469289687	0.741040979801325	0.883516669438086	-5.92693522116775
DBF4P1	-0.0971607227728577	3.60608237224181	-0.339556913218066	0.74106112738714	0.883516669438086	-6.60692417476453
MBOAT2	0.0675856216129276	5.03167948056811	0.339534693735388	0.741077373281947	0.883516669438086	-6.79248711980188
EXOSC1	-0.0728823977755448	5.18625853062608	-0.339468556080095	0.741125730973335	0.883516669438086	-6.80754655122695
ZNF587B	-0.0996051833897544	4.6207933020989	-0.339435899662225	0.74114960871315	0.883516669438086	-6.74662387516481
HROB	-0.070954288316516	4.45844987240493	-0.339431532142919	0.741152802180401	0.883516669438086	-6.72638410401218
TMEM216	-0.0890305912280178	4.37367374085866	-0.339348130560967	0.741213785202687	0.883516669438086	-6.71551640241775
METTL24	-0.183979649116767	-1.09035011402302	-0.339315940691925	0.741237322853326	0.883516669438086	-6.03646933188141
TRIM52-AS1	0.0916027005314621	4.31586471009385	0.339291496316194	0.741255197085022	0.883516669438086	-6.70786416156277
DGAT1	-0.0825289747770652	4.48337695887071	-0.339157642777606	0.741353076406242	0.883589207220363	-6.72967227079955
ENSG00000295738	-0.787898520370976	-0.197935382964832	-0.338985806181293	0.741478737603394	0.88369484821633	-6.13632621067636
ENSG00000283128	0.204280881182816	-1.63439241582143	0.33870214191796	0.741686193867274	0.883852584473499	-5.97750663902636
PNMA8B	-0.13415435718926	2.56414116742242	-0.338618488831339	0.741747377214183	0.883852584473499	-6.45872518816907
SYNCRIPP1	-0.138892820358236	1.39444627872197	-0.338586750533402	0.741770590900129	0.883852584473499	-6.31340821454662
ENSG00000304119	0.146522651835873	-0.963805730154834	0.338586218529681	0.741770980014901	0.883852584473499	-6.05083459790291
H2BC21	0.132522232073382	2.10626153458346	0.338551668045077	0.741796250873116	0.883852584473499	-6.39932091414762
PHLPP1	-0.0776834630976051	6.19968630509107	-0.338445773837049	0.741873705838246	0.883900745669	-6.87994955320947
ENSG00000304141	-0.27272195027366	-4.01433093522564	-0.338352996205691	0.741941569327913	0.883934280959556	-5.74940448494759
RINT1	0.101170214289894	4.88129225574954	0.338306030022497	0.74197592427803	0.883934280959556	-6.77713874894025
RAB5A	0.0997438383132092	6.8911805498901	0.33811788886935	0.74211355221638	0.884037855624543	-6.91062919363234
ENSG00000286326	0.260393175195779	-2.53396786841608	0.338066919874688	0.742150838399835	0.884037855624543	-5.88636107251466
DDHD2	-0.0791778074103089	4.62016410922336	-0.338035278954753	0.742173985551137	0.884037855624543	-6.7470559969168
LINC02884	-0.278771949238021	-0.817528279242638	-0.337918964403203	0.742259078640055	0.88407183140722	-6.06748982652831
ENSG00000093100	-0.407485399132356	-3.08495443167183	-0.337895025365421	0.742276592347981	0.88407183140722	-5.83379474453889
VRK1	0.0603809166580192	6.38417996156298	0.337814305935944	0.742335647505572	0.884084212250641	-6.88935307002015
ENSG00000290121	0.424583038410629	-3.32582030033847	0.337774808367835	0.742364544966169	0.884084212250641	-5.8114303579683
CORIN	-0.19979189962792	-3.36079089540106	-0.337696665695908	0.742421717435212	0.884084212250641	-5.80823636664331
CLEC18B	0.39284089832061	-2.10579548333267	0.33765278836539	0.742453820655816	0.884084212250641	-5.9289217025623
NAA30	-0.0668164386742403	5.30358841680326	-0.337590910373916	0.742499095090093	0.884084212250641	-6.81888254036713
EEF2K	-0.0731468343346391	5.29145346690965	-0.337577044999834	0.74250924014598	0.884084212250641	-6.81782813107258
MT-TL1	0.126601233944328	1.51431247268077	0.337443957829787	0.742606620362753	0.884156051491461	-6.32784588800657
CBFA2T3	-0.162952808729127	1.49868320942757	-0.337346448860421	0.742677970934633	0.884196893914146	-6.32604524751584
ENSG00000294341	0.290406442302487	-3.24421267340097	0.337162478127911	0.742812595407169	0.884313059386617	-5.81918727271243
BANK1	-0.18191585928205	0.424033742329976	-0.33705572252004	0.742890720237361	0.884361954207447	-6.2048515530321
FRMD5	0.0723708637889704	4.24392717592054	0.336982478889626	0.742944322430009	0.884381653039254	-6.69899902150727
RIOK3	0.0781921425362446	5.40991915560095	0.336852403472352	0.743039519607692	0.884440307945494	-6.82825253320614
ENSG00000279161	-0.348642020996326	-3.58661550403355	-0.336813884736887	0.743067710852769	0.884440307945494	-5.78792745174357
RGPD5	0.536202625384708	-2.94113883169307	0.3367153807526	0.743139806146132	0.884453763286545	-5.84774606250496
ZBTB43	-0.0871192963965775	3.97509368369747	-0.336644304105277	0.743191828920934	0.884453763286545	-6.66168001409441
ENSG00000287707	0.222949346470347	-2.10717494193368	0.336625533144916	0.743205568081629	0.884453763286545	-5.92913440318998
MND1	-0.240818495351521	-2.44358568124735	-0.336548009156302	0.743262311756939	0.884453763286545	-5.89570710567387
KCTD18	-0.0910747233773783	3.11573646143119	-0.336545288129397	0.743264303441498	0.884453763286545	-6.53633602047411
C1orf52	-0.0730385910852274	4.8964327447692	-0.336396494028325	0.743373217879567	0.884513351299007	-6.77947570554532
RBMXP5	-0.144929133122019	1.19157278636921	-0.336375617820454	0.743388499338283	0.884513351299007	-6.29076759722644
ENSG00000275854	0.149704466801975	-1.45207225878657	0.33621730042924	0.743504392025882	0.884607144789717	-5.99791510279357
WDR76	-0.0682631855978864	4.70057879803225	-0.335951019995181	0.74369933173831	0.884756099582787	-6.75749168985663
ENSG00000307104	-0.260156920496683	5.88129769568551	-0.335945015525858	0.743703727734104	0.884756099582787	-6.8626439414806
ENSG00000289419	0.284746993731079	-1.35278247394548	0.335871460053686	0.74375757999326	0.884757665816039	-6.00879058943023
GALNT7-DT	-0.151157336583435	1.55759269734507	-0.335839084808652	0.743781283379469	0.884757665816039	-6.3335118307735
PLAG1	0.0930692086089211	4.28185146324399	0.335791319182843	0.743816255272921	0.884757665816039	-6.70455674051008
ENSG00000258122	-0.261125236397752	-3.30671372058623	-0.335519660531207	0.744015163387086	0.884950159700965	-5.81395336352305
TMEM51-AS1	-0.128427443842883	0.961091786845141	-0.335390560037494	0.744109697503858	0.885018495556116	-6.26494568754639
ENSG00000289421	-0.153340253377555	-0.151245530739043	-0.335327279978891	0.744156036087489	0.885029505346826	-6.14272480698186
MCF2L	0.111545205311563	4.76840070840721	0.33525124215635	0.744211718311021	0.885047092966443	-6.76557987374227
ENSG00000259553	0.298439280127914	-4.01128235936932	0.335205809603616	0.744244989141346	0.885047092966443	-5.75071823443532
NPM1P35	-0.336899045780498	-4.18870324116021	-0.335077013773771	0.74433931093948	0.885115157899087	-5.7354313149257
DIAPH3	0.0647200841857964	5.13871654927534	0.335007225347964	0.744390421349247	0.885123010193568	-6.8046491937354
RWDD2A	-0.0796912027136343	3.38314799552112	-0.334966721239381	0.744420085625152	0.885123010193568	-6.57577675576757
ARSD	0.127216562815665	3.53113864217495	0.334754448186491	0.744575556664213	0.885204680141335	-6.59763202664183
ARF3	-0.0774581186636407	8.22930749120559	-0.334708288356031	0.744609366202712	0.885204680141335	-6.95418160455708
MSRA	0.111072721165653	2.0391043464937	0.334692482738004	0.744620943079482	0.885204680141335	-6.39228856630565
KPNA2	-0.0656944302631732	9.47957865939249	-0.334640552415153	0.744658980082979	0.885204680141335	-6.98353357958617
NUTM2F	-0.203975693890557	-1.72481990925998	-0.334619748609082	0.744674218287917	0.885204680141335	-5.96933881575087
ENSG00000298887	0.181472676825506	-0.986471422120623	0.33441931150797	0.744821038747796	0.885235092566711	-6.04973614015179
PTCD2	-0.0763844661833453	4.55444162346945	-0.334407609620963	0.744829610726807	0.885235092566711	-6.74034598254553
CLEC18A	0.362707832897354	-2.31250243394159	0.334392600616576	0.744840605320626	0.885235092566711	-5.90935101400883
CISTR	-0.278448381765724	-1.97118170490465	-0.334382282187571	0.744848163947069	0.885235092566711	-5.94375053739942
FZD2	0.163901215904861	5.7108290930494	0.334172501745792	0.74500184192906	0.885311814552677	-6.85201654428869
CAMK2A	-0.225743722195444	-1.97129797978434	-0.334117723122491	0.745041972802952	0.885311814552677	-5.94382879997862
ENSG00000297277	0.300201269395995	-3.02040167958926	0.33411246657766	0.745045823794865	0.885311814552677	-5.84113913704356
ZNF577	0.0972434017951769	3.13480813615742	0.334086495580376	0.745064850488314	0.885311814552677	-6.53996832447361
NAA50	-0.077709995237341	7.90177244726291	-0.334040993185394	0.745098186572239	0.885311814552677	-6.94534726113818
CCDC40	-0.124446715673791	2.51977674678215	-0.333949743941662	0.745165039490527	0.885327453121209	-6.45446932454096
ENSG00000259891	-0.219210613600538	-0.433928060772219	-0.333921767309216	0.745185536755854	0.885327453121209	-6.11201016183939
ENSG00000260912	0.104283740842821	2.06792475590276	0.333765491863829	0.745300036822042	0.885419411589432	-6.39621078315668
MAP4K3	0.106037746723299	6.28227014430471	0.333544763130635	0.745461771643709	0.885567473188015	-6.88594538711044
ELP6	0.0659777800582191	5.68061097813139	0.333481265312402	0.745508300869449	0.885578668965317	-6.85015366113754
ENSG00000308232	-0.164739409888702	-1.34543973581837	-0.333427357329416	0.745547803802079	0.885581517610323	-6.01043065673143
SLC26A8	-0.186445681588728	-1.18033865519012	-0.333218643211191	0.745700753537257	0.8857083801361	-6.02859828389476
CNTN3	-0.17423729942956	-1.44525497422162	-0.333092785952446	0.745792989750138	0.8857083801361	-5.99972670368545
ZNF202	-0.0860988122992836	5.35703564604687	-0.333066640977861	0.745812150979072	0.8857083801361	-6.82513848162144
SMAD7	-0.130963714654978	4.72092821142479	-0.332943490371267	0.745902408503273	0.8857083801361	-6.76096214644104
METTL8P1	0.154522674915289	0.181520333068106	0.332850150603307	0.745970820233838	0.8857083801361	-6.179894504224
BARX2	-0.224652656426457	-4.16075448927177	-0.332823746300136	0.745990173219295	0.8857083801361	-5.73855244776744
TP53	-0.0634911575722965	7.79399408507213	-0.332799415929681	0.746008006283095	0.8857083801361	-6.9426440736929
CPLANE1-AS1	0.279705888910654	-2.39056358100665	0.33277127816737	0.746028630188892	0.8857083801361	-5.90219750563473
AKAP12	-0.100221049420093	7.34910724544516	-0.332767780169002	0.74603119410284	0.8857083801361	-6.92876693387848
ENSG00000308507	0.235911137250647	-3.7573681381636	0.332758973545934	0.746037649072666	0.8857083801361	-5.77393552068979
MADD	0.0817744669843021	5.79642157028504	0.332724635594613	0.746062817876405	0.8857083801361	-6.85837237883558
ENSG00000213963	-0.183188013555965	2.49086165351493	-0.332620957717987	0.746138812893412	0.885740416489145	-6.45109440220047
BMP7	-0.121484139627082	4.81110938897464	-0.332508812814346	0.746221017374849	0.885740416489145	-6.77140530347981
EI24	-0.0750917139509468	7.60084462201076	-0.332503791556921	0.746224698135925	0.885740416489145	-6.93690852331385
MTF2	-0.0530205994655502	6.90812876193637	-0.332442383837138	0.746269712728185	0.885740416489145	-6.91332166273084
ENSG00000286373	-0.180697025461274	-0.620284651956678	-0.3324346790417	0.746275360756703	0.885740416489145	-6.09162453315305
ENSG00000278071	-0.237307301184956	-3.53689783992563	-0.332149950171789	0.746484093313606	0.885944100204666	-5.79398884102356
ARPC1AP4	0.380455509517736	-2.58832865289687	0.332023841142973	0.746576549730188	0.886009771389309	-5.88312941250611
FXYD6	-0.188915834042418	5.62492841137356	-0.331943807461776	0.74663522833937	0.886034539323738	-6.8467329225761
PPP4R2	-0.0543029133813624	6.54180489343714	-0.331894107988438	0.746671667550105	0.886034539323738	-6.89864631195269
SNORA5C	-0.287499208635448	-3.10162881069222	-0.331834731472752	0.746715202737858	0.886042146949609	-5.83426833410274
SPPL3	0.060214152247247	5.75111045678679	0.331714084066463	0.746803664949028	0.886103060966366	-6.85568818330225
EOMES	0.323668327606675	-0.746022001350736	0.33138200743655	0.74704717311213	0.886347926062199	-6.07784443883188
ZAR1	-0.207999284422552	-2.61379722570113	-0.331186449610404	0.747190587147431	0.886474014189379	-5.88094230804448
GNG5	0.144086339134798	4.85824716450022	0.33111100082023	0.747245920872288	0.88649559565856	-6.77718999458467
DCLK1	-0.0970570573070093	5.72726251814315	-0.331021628051181	0.747311468308763	0.8865292914223	-6.85428950951119
KDELR3	-0.14301731900382	3.5589439166508	-0.330907383740829	0.747395260003499	0.88657647327909	-6.6030798772326
SERPINB6	-0.0756138892567915	4.55523459345999	-0.330857290414047	0.747432001690716	0.88657647327909	-6.74171065474935
ENSG00000290924	-0.194963882427154	-0.58556153204325	-0.330815463867897	0.747462680492808	0.88657647327909	-6.09610102496617
ANKMY2	-0.0694696199353047	4.62457482961862	-0.330287847629862	0.74784971434921	0.886991459144889	-6.75037127164408
IFT46	0.0785255305413197	4.05546672293941	0.330136792952838	0.747960534279062	0.887030630577657	-6.6753515875377
ENSG00000285897	-0.267781683892563	-4.2476493207934	-0.33010111520731	0.747986709818469	0.887030630577657	-5.73285147655972
ENSG00000300254	0.254991588967322	-3.1045042142284	0.330084504566283	0.747998896590875	0.887030630577657	-5.83458036177313
ENSG00000294791	0.243957544649069	-2.75229032517925	0.330006690771746	0.748055987407193	0.887030630577657	-5.86799351686187
ENSG00000300001	-0.565100310273211	1.12364023728404	-0.329949237418983	0.748098141094121	0.887030630577657	-6.28526532330024
CDK5R2-AS1	-0.20280410615548	-1.2484036111218	-0.329893366941473	0.748139134253479	0.887030630577657	-6.02225813959724
DFFBP1	0.290899151925555	-2.82732882250176	0.329888234622976	0.748142899967664	0.887030630577657	-5.86085451944085
ACVR2B-AS1	0.110355549592804	1.4480949991907	0.329778830129469	0.748223174507728	0.887081739902436	-6.32278009427237
KCTD9P2	0.127559634390788	-0.473719577925284	0.329648431510563	0.748318857403558	0.887140699046398	-6.10904078972692
GCH1	-0.152654503794701	3.84572334321888	-0.329609745624915	0.748347244894672	0.887140699046398	-6.64558950836682
ENSG00000305450	0.186293005774266	-2.81785292211415	0.329533273652172	0.748403360766448	0.887163157415954	-5.8618772432496
ELOA	-0.0847769205644715	6.3778850340645	-0.329358972112376	0.748531270659194	0.88720755151432	-6.89208754320899
BBOF1	0.131043202882712	0.0414873433815455	0.329303986647624	0.748571622990107	0.88720755151432	-6.16586204831562
CADM1	0.13399738004237	5.43943393091897	0.329278813891924	0.748590096852903	0.88720755151432	-6.83339152373157
AEBP2	0.0738980899547386	5.65624178081701	0.329163128069105	0.748674998874688	0.88720755151432	-6.84995347833787
ENSG00000231769	0.201810766834517	-2.33222567659904	0.329090441879275	0.748728345189428	0.88720755151432	-5.90918581333597
LINC02970	0.353492305801117	-3.51937069368257	0.329090033341253	0.748728645030192	0.88720755151432	-5.79659006783141
PCDHAC1	0.133333182506768	2.16588076259999	0.329030212969006	0.748772549827836	0.88720755151432	-6.4102240838724
HADH	-0.067177909721015	6.30030392300287	-0.328970675321303	0.748816248053624	0.88720755151432	-6.88847659821052
ENSG00000293957	-0.192908249369902	-0.430555787193692	-0.328943902912628	0.748835898221999	0.88720755151432	-6.11410078924196
ENSG00000304983	0.186435917992909	-2.67310756805891	0.32893152811461	0.748844981026927	0.88720755151432	-5.87596354303667
RPS2P4	-0.363044264590942	-3.03820058778683	-0.328905127298118	0.748864358727231	0.88720755151432	-5.841198151193
ITPRIPL1	-0.0902306365590966	3.87930771075287	-0.32884578433004	0.74890791601133	0.88720755151432	-6.65068340490723
KCNK10	0.191769210048489	1.61998263600633	0.328822619432841	0.74892491911905	0.88720755151432	-6.3433765656342
ATP6V0E2-AS1	0.136948252525941	0.942917695844072	0.328747371396658	0.748980152386069	0.88720755151432	-6.26521917615234
PPM1H	-0.0825821298080154	6.20912566927629	-0.328722503732336	0.748998405977376	0.88720755151432	-6.88393488643088
BCL2L2-PABPN1	-0.253131953536722	-2.43267668332546	-0.328391462676517	0.74924141521024	0.887419924186675	-5.89952616793899
MIR762HG	0.133814279019227	0.963053514129266	0.328369392801755	0.749257617192296	0.887419924186675	-6.26761701227188
FBLN5	-0.255610956694563	0.974436683002105	-0.328326316415624	0.749289240885318	0.887419924186675	-6.26891494706563
IRX3	-0.29885350227941	1.072023216395	-0.328207786916074	0.749376259525144	0.887450535238093	-6.27999881144829
AZIN2	-0.198251836521984	0.139458167925666	-0.32818187497808	0.749395283309736	0.887450535238093	-6.17692050331516
RCBTB1	-0.0619552951588878	6.16245480753171	-0.32813916966178	0.749426636683444	0.887450535238093	-6.88169214533464
ENSG00000251680	0.291213955520928	-2.79388982682164	0.327765596829762	0.749700926594459	0.887731296637723	-5.86475322528476
ENSG00000287133	-0.231794657947209	-2.7084733549162	-0.32766678607681	0.749773482921968	0.887734048056231	-5.87297819297772
SFRP1	0.23833811283378	9.62589739555182	0.327643944883224	0.749790255479203	0.887734048056231	-6.98902331045931
NAXE	0.0955703951706468	6.29045129413709	0.327610471904567	0.749814835327673	0.887734048056231	-6.88846549337405
RMDN1	0.0638952176872323	5.06732058089298	0.326987476015742	0.750272366541374	0.88818415559452	-6.8005745864261
ENSG00000290695	0.279003923983938	-3.78138296381524	0.326858128224876	0.75036737289007	0.88818415559452	-5.77372688998696
ENSG00000206028	-0.312578771161105	-4.003023336219	-0.326850823565799	0.750372738314739	0.88818415559452	-5.75417479847588
JADE2	-0.161162026642203	4.84382061178478	-0.32679670309823	0.750412491362155	0.88818415559452	-6.77709444675333
C4orf33	0.146603886792723	2.46868493916552	0.326790992327217	0.750416686133051	0.88818415559452	-6.45019261446463
FAM240A	0.257556852199842	-3.41338396304515	0.326788799117421	0.750418297128399	0.88818415559452	-5.80702550840542
LINC01331	0.298838425713673	-3.87405791162886	0.326554458881611	0.750590436099696	0.888304433418133	-5.76560228521899
PCDHB10	-0.121680082410877	1.84688156630601	-0.326549121974787	0.750594356590417	0.888304433418133	-6.37145572234567
MEIS2	0.215512226555317	-0.472559946835671	0.32645332418199	0.75066473089293	0.888343669784885	-6.11025972294716
ZMYM5	-0.105652811292726	3.65150388191549	-0.326239977847187	0.750821466472375	0.888446760451824	-6.61836699188347
LINC01842	-0.120778300448486	-0.807697334511784	-0.326233406971877	0.750826293975502	0.888446760451824	-6.07261534595389
SNHG33	0.0884929462059447	3.4865649587811	0.326161879145606	0.750878844901773	0.888464894713728	-6.59414421369826
ENSG00000308088	0.182881198738102	-2.86825253658313	0.326036158097788	0.750971214385856	0.888487911540187	-5.85822845673635
ENSG00000287232	-0.208679177467505	-2.78068809542568	-0.326034067201863	0.750972750638966	0.888487911540187	-5.86658752691181
FEN1	-0.0808209089696339	6.74498998008238	-0.325875357304457	0.751089363576789	0.888561399468627	-6.90929060338837
ENSG00000295917	-0.226714753854784	-4.30158563492343	-0.325848192208581	0.75110932393177	0.888561399468627	-5.73039725040039
XRCC5	-0.0660528479354934	10.138038871675	-0.325704436582025	0.751214955811679	0.888642315144595	-6.99957377563272
ENSG00000220695	-0.331492831772153	-3.37813747339187	-0.325639567976106	0.751262623133808	0.888654657596997	-5.8106379345234
P2RX5-TAX1BP3	0.280404074775871	-3.72243688418204	0.325534935254101	0.751339512580532	0.888677949847843	-5.77942038225234
LINC01967	-0.135850975628508	0.810187206932588	-0.325449606269954	0.751402218765333	0.888677949847843	-6.25148606617377
ENSG00000307694	0.201147418282567	-1.97132686416937	0.325354678346701	0.751471981199175	0.888677949847843	-5.94677403346497
MT-TQ	0.294175246843101	-1.30055095277889	0.325271374543388	0.751533203007839	0.888677949847843	-6.01809799100225
MAGEH1	0.0755223164208903	3.91691407355328	0.325249656624128	0.751549164283579	0.888677949847843	-6.65734479634197
ENSG00000274993	-0.199803344550531	-0.91771125141199	-0.32522978545847	0.751563768421359	0.888677949847843	-6.06060159185018
ATP1B3P1	-0.293471655171143	-1.52794482118543	-0.325228566651786	0.75156466417591	0.888677949847843	-5.99347332493871
ENSG00000286626	-0.19131955745298	-0.930762070447616	-0.325177990407188	0.751601835219067	0.888677949847843	-6.05915261765234
DDX23	-0.0937623149090996	6.94564353474215	-0.325148747102671	0.751623327907408	0.888677949847843	-6.9173108581654
FAM156A	0.204852540638033	-2.56473226415775	0.325062744038769	0.751686538092024	0.888677949847843	-5.88773421008547
ENSG00000286984	0.213220937118061	-1.94100998149928	0.32505545597725	0.751691894730308	0.888677949847843	-5.94999588660247
TAS2R15P	-0.200620710158943	-2.14818350986441	-0.324971356659405	0.751753707723274	0.888707005905759	-5.92891722376089
SPATA24	-0.104932817038394	2.08980605630877	-0.3248415300665	0.751849133864259	0.888730204302012	-6.4020690600452
BRWD1	-0.087071653897703	5.75112220313765	-0.324832908233746	0.751855471304957	0.888730204302012	-6.85811897773307
PCOLCE2	-0.0757628341706176	3.42432282973203	-0.324785930709509	0.751890002268797	0.888730204302012	-6.58542762780958
HIVEP2-DT	-0.188546156639461	-2.01979314455253	-0.324739986229364	0.751923774444354	0.888730204302012	-5.94202392455528
FSD1L	0.125878117729746	2.53698262001482	0.324691364662124	0.751959515049015	0.888730204302012	-6.46000438961499
DYNLT2	-0.115197215061721	0.611894892383558	-0.324319344391299	0.752232998947582	0.888852359852617	-6.22990479780336
ENSG00000289152	-0.274246268615687	-3.73186898391387	-0.324318226444301	0.752233820839928	0.888852359852617	-5.77896913812692
PLPP4	0.21524956952138	-2.90537724373979	0.32425020775973	0.752283827430023	0.888852359852617	-5.85528368892167
ENSG00000299384	-0.230572143330393	-2.18886100462886	-0.324230415642062	0.752298378602736	0.888852359852617	-5.92508175585514
SANBR	-0.0670306538958689	4.14462002051127	-0.324187211958881	0.752330142320121	0.888852359852617	-6.68990112707435
ANKRD36	-0.190977442289546	0.952682845538077	-0.324169913059181	0.752342860754671	0.888852359852617	-6.26789016294317
IBTK	0.0702959926028504	5.84294819451016	0.32414644604321	0.752360114213263	0.888852359852617	-6.86439991409549
PEX1	-0.0685553881834808	5.70855904044422	-0.324145504159174	0.752360806709791	0.888852359852617	-6.85540834121471
ELL2P1	-0.367053493882417	-1.84105136736611	-0.323987791417712	0.752476764272311	0.888929945653231	-5.96072540651909
ELP5	-0.0569725316023222	5.34662604990693	-0.323938721883459	0.752512843733436	0.888929945653231	-6.82747115882498
COX19	-0.102201637747232	4.1344185944897	-0.323873253754559	0.752560981594611	0.888929945653231	-6.6885831170584
ZNF599	0.0968820994149708	2.01960064301089	0.32381268015382	0.752605521560933	0.888929945653231	-6.39365920038867
SCLY	-0.105191013184413	2.3094069792305	-0.323802911968714	0.752612704228216	0.888929945653231	-6.43039910492276
F10	-0.407887090853576	1.55844765869842	-0.323723260680243	0.752671273726765	0.888933167475502	-6.33783286197241
TXN2	0.0835337119675641	6.27757095272775	0.323697899776745	0.752689922550485	0.888933167475502	-6.88919354181405
MIR22HG	0.249155024366464	-0.0859104296245329	0.323537681802877	0.752807740681854	0.889028319982871	-6.15391272213436
HLA-F-AS1	-0.179256635367762	2.50606184121628	-0.323326029371259	0.752963391907979	0.889128701478188	-6.45635426003442
SLC14A2	-0.282192757706174	-3.41472720953109	-0.323320785752619	0.752967248262334	0.889128701478188	-5.80802874270726
ENSG00000288548	0.328219480975628	-2.9872570159842	0.323242080351455	0.753025132027977	0.889153061203766	-5.84785778019472
SLC9B1	-0.171879736370713	-0.839583702477629	-0.323001138183809	0.753202342519548	0.889318309533693	-6.07011077991968
CAMSAP1	0.0895354124529728	6.35003580611605	0.322876585316427	0.753293955752317	0.889382480432379	-6.89303337406918
ENSG00000272990	0.247118616314114	-2.43136153873018	0.322686748680489	0.753433595308487	0.889503344837142	-5.90153874642654
ERBB3	0.0693139722439362	6.06526617123675	0.322625584677732	0.753478588152428	0.889512462948706	-6.87829073311763
ENSG00000303243	-0.193906321928478	-2.92918838518489	-0.322146318717355	0.753831174310259	0.889857581951882	-5.85370900135774
ENSG00000244791	-0.171798700403348	-2.09813842926988	-0.32212685332559	0.753845495851389	0.889857581951882	-5.93491498537201
FHIP2A	-0.0650705674374423	4.27952190989248	-0.321954134693451	0.753972576786791	0.88996357518152	-6.70912216405233
NEK9	0.0998035476231145	6.13309926727115	0.321845632498189	0.754052413216312	0.88999367639878	-6.88232358418688
CDCA8	0.0652589704965001	6.6893163564984	0.321806539608977	0.754081178692028	0.88999367639878	-6.90845413361315
JAG2	-0.132004353522359	4.09100461416328	-0.321767442678465	0.754109947534777	0.88999367639878	-6.68324327872974
BRF2	-0.103804400207949	3.74839140132267	-0.321419507289691	0.754365987472965	0.89025183064761	-6.63420355145203
KIAA1958	0.0773103286097152	5.6381012050637	0.321365445528114	0.754405773429625	0.89025476363139	-6.85138858024426
ENSG00000279605	-0.223320760635188	-2.498525011264	-0.321216694605517	0.754515248355705	0.890339930411629	-5.89543934877585
DNAJB5	0.111181283195577	5.89896017105844	0.32115675931655	0.754559360017342	0.890347962897805	-6.86898055203208
ENSG00000280758	-0.293162077084226	-3.27789998595305	-0.32103096553714	0.754651945747431	0.890413189101935	-5.8213798934469
ENSG00000293144	-0.223305852686747	-3.68200745670545	-0.320800514273172	0.754821571181682	0.890527384527811	-5.78456697125088
BNIP1	-0.0926253130826149	3.21953201787508	-0.320798092306399	0.754823353961437	0.890527384527811	-6.55683843446101
CLEC16A	-0.0747815090183073	4.3180046676443	-0.320548064527387	0.755007404411862	0.890684173378083	-6.71478165928555
TRAFD1	-0.0664572869289044	5.46965195330742	-0.320516164708627	0.755030887660174	0.890684173378083	-6.83885494944805
ENSG00000287862	-0.237273717530122	-0.986482380595633	-0.320462871333117	0.755070120489383	0.890686431360653	-6.05445624916725
MOB1A	0.0720254041054353	7.1341459371872	0.320246446487874	0.755229452820837	0.890698164054999	-6.92584407599254
ENSG00000306637	-0.365383506518521	-2.95548321868767	-0.320184843386731	0.755274807321329	0.890698164054999	-5.85185200683101
DDHD1-DT	0.140339494239482	0.273105673217829	0.320175243961134	0.755281874864022	0.890698164054999	-6.19418383694921
ENSG00000264548	-0.37859587267264	-2.76734772968585	-0.32016890788905	0.755286539787322	0.890698164054999	-5.86977818703993
ENSG00000274893	0.236673213101247	-2.76813525800623	0.320128609964145	0.755316209313111	0.890698164054999	-5.86971573069861
ELN	0.206752375240853	3.67352549246884	0.320119959719824	0.755322578148062	0.890698164054999	-6.62371408983076
LCN12	0.197565760252817	-2.27344242368273	0.320094529679629	0.755341301398298	0.890698164054999	-5.91798827057277
TMEM183BP	0.0727516687568919	5.83437434286795	0.319941633033092	0.755453877349645	0.890761366682516	-6.86530584364915
ENSG00000289214	0.155258153145167	-3.03006119478607	0.319907635012176	0.755478910494754	0.890761366682516	-5.8448989757965
MRNIP	-0.129942393332612	4.02926325974786	-0.319869669976268	0.755506864949686	0.890761366682516	-6.67526274228867
NUMB	-0.0550528209136942	5.90739443217085	-0.319739945477624	0.755602386612353	0.890801754808895	-6.86999916143046
RPL7	-0.0884905850912094	7.19961840590142	-0.319721773666309	0.755615767633388	0.890801754808895	-6.92831027688702
KDM7A-DT	-0.165271015583851	2.59676766273104	-0.319531545656683	0.755755849274832	0.890922891170721	-6.4697833213863
S100PBP	-0.0570010989608525	5.90981483455467	-0.319477394196197	0.755795727458146	0.890925896539911	-6.87024158301133
ENSG00000237161	0.276786033026013	-3.87677491648714	0.319269304754207	0.755948975526153	0.890987181816963	-5.76769540868377
ENSG00000298018	-0.173698902373252	-3.11593749536168	-0.319253020384284	0.755960968664217	0.890987181816963	-5.83704033171563
TRAC	0.404814309421903	-2.76667197225172	0.319082524886026	0.756086539522463	0.890987181816963	-5.87019356239606
ALDOC	0.159786875453551	6.65915775367301	0.31898711725479	0.756156811000327	0.890987181816963	-6.90818365158581
ENSG00000289177	0.192005433437406	0.130318283436855	0.318971149441375	0.756168572150879	0.890987181816963	-6.17904024953959
RAD21L1	0.262161410167888	-3.50760584155126	0.318919652161131	0.75620650310195	0.890987181816963	-5.80094829286303
SALL2	0.090810540019918	8.78367958372572	0.318875216151808	0.756239233531876	0.890987181816963	-6.97367573596513
ENSG00000280022	-0.261030822680971	-3.52766942440035	-0.31886513873218	0.756246656372007	0.890987181816963	-5.79914010471217
HLA-DPB1	0.0697058886823259	3.89711488999214	0.318835970863697	0.756268141028316	0.890987181816963	-6.65671029891148
LINC01482	-0.245442053067648	-4.16576425477494	-0.318783551524045	0.756306752948793	0.890987181816963	-5.74263444875433
LBX2-AS1	-0.32907128787331	-0.483895715309111	-0.318745596806699	0.756334710711804	0.890987181816963	-6.11157360315994
DAGLA	-0.230788736184686	3.67720916539386	-0.31874137531192	0.756337820322973	0.890987181816963	-6.62472282556654
ABRAXAS2	0.0699917120261855	4.75504548606803	0.318712059788222	0.756359414666748	0.890987181816963	-6.7698716041829
ENSG00000272501	-0.235267127353476	-1.32941232978334	-0.318686615374464	0.75637815765887	0.890987181816963	-6.0171243002714
MKLN1-AS	-0.0943569532083921	2.39130494535343	-0.318646527783174	0.756407687517296	0.890987181816963	-6.44280228271829
GUK1	-0.124131163658118	5.63211227328112	-0.31845003247923	0.75655243844967	0.891113707174568	-6.85196540356627
RPL23AP97	0.316677751556874	-2.11772153383046	0.318291181811052	0.75666946514776	0.891207566358152	-5.93418062833565
PPIL1	0.0753184028820222	6.88342316396447	0.318133490433557	0.756785644147914	0.891300417906649	-6.91739597484357
SHISA4	-0.164214451361099	2.67438848195997	-0.318042497015883	0.756852686360823	0.891335392547802	-6.48081245818874
ENSG00000257086	-0.172100208332935	2.50203874411231	-0.317898049385338	0.756959116948518	0.891416748616483	-6.45766930955497
LINC01089	-0.141722120241039	3.1884892477392	-0.31776667579262	0.75705591905605	0.891486758442409	-6.55337536967673
ENSG00000287972	-0.200354157764866	-1.51122057371246	-0.317634274806108	0.757153482639282	0.89150381226245	-5.99777661592829
PTPN1	-0.0686880276685828	6.15766582360405	-0.317623390965991	0.75716150291723	0.89150381226245	-6.88509651047565
ENSG00000299185	0.234519110049774	-3.92010905671953	0.317512634943592	0.757243120501355	0.89150381226245	-5.7644269349938
TERF1P3	-0.168650011951869	0.194387915161874	-0.317493360095999	0.757257324711361	0.89150381226245	-6.18651257109281
TESK1	0.093315741952765	4.02013688181067	0.31748715972421	0.757261893970327	0.89150381226245	-6.67479748355165
ENSG00000237773	-0.2728336330544	-3.92954115645137	-0.317392406283127	0.757331722130148	0.89150381226245	-5.76363482512935
HYPK	0.198539567853766	0.280795765163494	0.31739220265894	0.757331872192617	0.89150381226245	-6.19595075351339
CIDECP2	-0.212556312998225	-3.16733737288568	-0.317330926440715	0.757377030669097	0.891513000146939	-5.83284809719313
PAFAH1B3	-0.0715547625961879	6.08972400461033	-0.317070120413211	0.757569246464664	0.89158174294363	-6.88158688653516
FREY1	0.16186645305222	-2.83214563047457	0.317037710998889	0.757593133628253	0.89158174294363	-5.86458670541791
GLRX3	-0.079474479045003	6.81341056958945	-0.317010530545624	0.757613167023315	0.89158174294363	-6.91508075304984
THG1L	-0.0676085752340478	4.41215052647543	-0.31698058583358	0.757635238036832	0.89158174294363	-6.72835259514408
FARSA	-0.07382775615004	6.68178293158922	-0.316957315223326	0.757652390002158	0.89158174294363	-6.90981671525222
SELENOS	-0.0691796976098082	4.59487708060883	-0.316859910596175	0.757724185090517	0.89158174294363	-6.75141676525956
GPER1	0.343776975317699	-1.26023602418046	0.316852025629813	0.75772999705387	0.89158174294363	-6.02530603309984
MRRF	0.0757822820151937	5.10245357291594	0.316750239808584	0.757805024214253	0.89158174294363	-6.80756506552113
URM1	-0.0911099938180229	5.68113071096897	-0.316744566550031	0.75780920609686	0.89158174294363	-6.85604479383143
XKR9	0.153686521318599	-0.912896811185902	0.316712950740816	0.757832510948948	0.89158174294363	-6.06396919810635
ENSG00000269935	-0.1604033982849	-1.05645082955737	-0.31661027673844	0.757908196430763	0.89158174294363	-6.04792212431224
CGB7	-0.218748410997297	-1.9762915607304	-0.316585618249958	0.75792637367563	0.89158174294363	-5.94913759078187
SNX19	0.0578162063308065	5.65822918515323	0.316419979112467	0.758048480176597	0.89158174294363	-6.85452112226093
TTF1	-0.0892799774303574	5.207463574932	-0.316233437008055	0.758186004337682	0.89158174294363	-6.81773513139943
LINC01703	0.163311090663739	-0.450216650873396	0.316213265349887	0.758200875988068	0.89158174294363	-6.11617737887369
ENSG00000310166	0.267534720516056	-1.88399242887266	0.316167124177398	0.758234894173448	0.89158174294363	-5.95881749611343
ROCK2	0.059692178903946	5.64487909165005	0.316108941590106	0.758277790819122	0.89158174294363	-6.85367493096926
ENSG00000286575	0.179290475321245	-3.81355036572579	0.316084205320186	0.758296028545815	0.89158174294363	-5.77430420745722
SLC20A2	0.0630024662350124	5.51600500080597	0.316037954467678	0.758330129107386	0.89158174294363	-6.84403286673251
ZNF771	-0.124424031206881	1.74506913173049	-0.316018429242646	0.758344525137432	0.89158174294363	-6.36270040353236
LCMT1-AS1	-0.195822842919596	-0.727744052885823	-0.316003265101481	0.758355705788736	0.89158174294363	-6.08505704252599
CYP20A1	0.085484265018037	3.95457847682493	0.315994280142511	0.758362330503507	0.89158174294363	-6.66594068118344
TFAMP1	0.24019775531088	-4.05171178684592	0.315986682651	0.758367932238334	0.89158174294363	-5.75338375723678
CDPF1	-0.0915185119649333	3.4203949667573	-0.315984847643812	0.758369285216527	0.89158174294363	-6.58786065963233
IFI27	0.222023776812237	-1.00656871484559	0.315984777563646	0.758369336887696	0.89158174294363	-6.05368348975636
RTL8B	0.10959665312881	3.39958808894907	0.315833215544027	0.758481088773913	0.891647340130209	-6.58484236250481
ENSG00000300236	-0.290236808503495	-3.74420579640151	-0.315793212506712	0.758510585358419	0.891647340130209	-5.78057841916181
WDR11-DT	0.246999065686027	-2.16329789047072	0.315757104681006	0.758537210122922	0.891647340130209	-5.93040532066372
HSPA9	0.0737576049300657	9.46997930748992	0.315505965498687	0.758722401312545	0.891821105743733	-6.99004167104106
ZNF585A	0.129550252254921	2.28416299732488	0.315299053109355	0.758874991448962	0.891956536044143	-6.43001906492417
STAR	-0.0985961970195941	2.37563448296606	-0.315232111082109	0.75892436100409	0.891970636927395	-6.44190926696782
MIX23P3	-0.0777398528817939	2.88140970222235	-0.314767482739761	0.75926705429078	0.892318648874155	-6.51054859969814
WASHC2C	-0.0673604737943236	5.64163595785517	-0.314641361619265	0.759360086136116	0.892318648874155	-6.85394193295078
DACH1	0.247170376233308	0.063939830044943	0.314611107007245	0.759382403712024	0.892318648874155	-6.17325444123952
PRRC2B	-0.0660528051265006	7.95176165365236	-0.314563625284827	0.759417429480406	0.892318648874155	-6.9535791273381
MYOSLID-AS1	-0.196212148990415	-1.49298431930319	-0.314553597436544	0.759424826780416	0.892318648874155	-6.00074069944762
ENSG00000279722	0.155638331194165	-0.915777452961596	0.314492248916109	0.759470082645561	0.892318648874155	-6.06437136996789
CABIN1	-0.0955365994442383	7.04324527290356	-0.314475858956207	0.759482173428985	0.892318648874155	-6.92457956189087
CSGALNACT2	-0.0858604925091502	3.81317413000008	-0.314362081368825	0.759566108398108	0.892366814516647	-6.64611521941909
P2RX4	-0.101715075305398	3.35423308741275	-0.314318923732408	0.759597947111921	0.892366814516647	-6.57869422594412
ENSG00000267892	-0.277002266483059	-1.70050763864012	-0.31419530157641	0.75968914957192	0.892430030655757	-5.97869344152546
KCNIP2	-0.183783791580178	2.14351582565141	-0.314003050301716	0.759830990935547	0.892508286678543	-6.41251830025497
ANKRD9	-0.117146622077098	4.45758076717438	-0.313963297441556	0.759860321421177	0.892508286678543	-6.73519895176703
ENSG00000287376	-0.211997224414896	0.042613452140543	-0.313933133286952	0.759882577426357	0.892508286678543	-6.17114830443069
TRPM8	-0.357007274691393	-2.77764986517262	-0.313882314928271	0.759920073232252	0.892508286678543	-5.87080343419717
TTC38	-0.0916832649923309	4.80880880472668	-0.313822095313318	0.759964506500784	0.892508286678543	-6.77763425062215
NR2C1	0.0670873724977792	5.33977897126035	0.313800912984803	0.759980136178323	0.892508286678543	-6.83036264984446
ZCCHC14-DT	-0.117181522460413	-0.879450730195605	-0.313588196797702	0.76013709805587	0.892557600031885	-6.06874024326773
INMT	-0.288446688660971	-0.407311624107436	-0.31358564774468	0.760138979054401	0.892557600031885	-6.12182855364554
POLR1A	-0.107593666264725	6.40646828660546	-0.31356373275183	0.760155150644766	0.892557600031885	-6.89889691042094
RCHY1	0.0786720138285739	5.43103615721027	0.313541284880245	0.760171715584201	0.892557600031885	-6.83814385021278
KLHDC10	0.0601653498886963	5.02149547190644	0.313286008941631	0.760360100063924	0.892734873486112	-6.80064049835804
ENSG00000287839	-0.216972657588168	-0.875164311510159	-0.312890801830095	0.760651781036771	0.893033403414069	-6.0694449041427
MVK	-0.178184572611055	4.38852246781201	-0.312838951271284	0.760690052038557	0.893034405902816	-6.72672212765412
ENSG00000280018	-0.219550118753667	-4.57191445795411	-0.312650035836539	0.760829496610591	0.893154178132162	-5.71943558640093
ENSG00000285130	0.181479513153005	-0.773284738849687	0.312520968491722	0.760924770528276	0.89322208824505	-6.08105134400319
ENSG00000289956	0.154033907614577	-1.65548925838038	0.312313791611615	0.761077711465704	0.893357681579303	-5.98406997524006
KLHL31	-0.155550325756934	-0.695362456062829	-0.312239050669586	0.761132888940334	0.89337851186874	-6.08991935331833
ARMC2	-0.0949883368333102	1.8657616456883	-0.312051392309953	0.761271433830409	0.893437949024515	-6.37865522091399
HMGN2P6	0.355927935774896	-2.65032012489341	0.311912152719305	0.761374237690863	0.893437949024515	-5.88367730739594
RAN	0.0738907033898997	9.67559734301824	0.311887327072548	0.761392567559078	0.893437949024515	-6.99545946881271
ZNF234	0.102300605424557	2.96412137761694	0.311846964686869	0.761422369215248	0.893437949024515	-6.52319728691092
ZNF175	-0.0721558374045332	3.45057597296019	-0.311825273669004	0.761438384994475	0.893437949024515	-6.59371860400221
ARHGAP39	-0.0986349405705482	4.20192121498838	-0.311816214286219	0.76144507411492	0.893437949024515	-6.70205911644955
CLIC4P3	-0.177224602774814	0.876193403723992	-0.311815548253134	0.761445565890462	0.893437949024515	-6.26342956349855
CEP72	-0.0931419475869397	4.02245894130684	-0.311466108836826	0.761703595046943	0.89365113060399	-6.67715243092099
AGAP14P	0.242628073202303	-2.08263668917397	0.311448481125544	0.761716612314371	0.89365113060399	-5.93993813013751
SLC38A2-AS1	-0.281036750791754	-4.41874649981481	-0.311417376461143	0.761739581891632	0.89365113060399	-5.72831853798198
TBC1D22B	-0.0619268587013835	5.3902523786306	-0.311342028119121	0.761795224696115	0.893672481092268	-6.8355093358678
ABLIM2	-0.0989755471337956	1.13554400509185	-0.311041306587077	0.762017313916008	0.893889080469545	-6.29300731455317
ENSG00000232140	-0.283680289135402	-4.02994287462644	-0.310757322178216	0.762227063157566	0.89409118378049	-5.75690159402354
EEFSEC	-0.0967211535693417	4.59917873372416	-0.310612663764221	0.762333914765496	0.894172574391001	-6.75404585667249
PPM1A	-0.055058660558676	6.00566675842271	-0.310453720660954	0.762451323746912	0.894266339567918	-6.87903398054733
ENSG00000236792	-0.134463334687746	-0.590813795165331	-0.310352321723781	0.762526228973727	0.894310246040095	-6.10231799028404
LBH	-0.093030624357052	5.52090441286976	-0.310181737441133	0.762652248448965	0.894396140351455	-6.84638540231194
METTL18	0.07576249423829	3.22566179107367	0.310134253282518	0.762687328755243	0.894396140351455	-6.56132030643292
NUTM2D	0.147206547497562	0.937613294273771	0.310083126689589	0.76272510064419	0.894396140351455	-6.270895211934
ZBTB5	0.0796306888250706	4.63409887408942	0.310050286892797	0.762749362748293	0.894396140351455	-6.75848421132561
STK33	-0.0725741801177868	4.43643523473824	-0.309864357367367	0.762886732899971	0.894513272125946	-6.73385965558702
HSPD1P12	0.345320048042425	-1.73198444103149	0.309622536095214	0.763065410380135	0.894678824402765	-5.97682878160773
ENSG00000287721	-0.247002715952489	-3.74400211219496	-0.309367377086701	0.763253958655225	0.894780788105875	-5.78259452839988
RNF187	-0.0822535288707966	6.91660576414482	-0.309348072638502	0.763268224224536	0.894780788105875	-6.92162544100498
MYO1G	-0.296648265632683	-3.23711478749476	-0.309328393423318	0.763282766833907	0.894780788105875	-5.82886320732532
RND2	0.099779221479106	7.03167131443102	0.309299538234493	0.763304090507711	0.894780788105875	-6.92590541893202
ADHFE1	0.167672765238224	-0.90526333525006	0.309175238588491	0.763395948973609	0.894780788105875	-6.06726726131127
KRIT1	0.0746601046916977	3.09606675514385	0.309171627056877	0.763398617982732	0.894780788105875	-6.54292434632395
TSPAN31	-0.0700997458563677	4.37352703198263	-0.309149721806663	0.763414806561358	0.894780788105875	-6.72600034016069
NOMO1	0.055538758544718	6.97075927235854	0.309043799994446	0.763493087357766	0.894828595362787	-6.92375443403713
PAIP2	0.0670221342350388	7.32720271450985	0.308897510758658	0.763601206007157	0.894884736103719	-6.93629336455484
EPB41L1-AS1	-0.244149354810292	-4.43609307780562	-0.308877524816495	0.763615977520775	0.894884736103719	-5.72812431115801
DDX1	0.0572915116054809	7.79883359439874	0.30872668727318	0.763727464021244	0.89490932287747	-6.95111006407668
SLC35E2B	0.0589908116184779	6.44747007993876	0.308477081929125	0.763911963824615	0.89490932287747	-6.90250938116648
XBP1	-0.145379188058627	7.11968999168764	-0.308435962021901	0.763942359747951	0.89490932287747	-6.92933400179758
EPHX2	-0.150752835986938	3.96237988011272	-0.30843302920126	0.763944527711259	0.89490932287747	-6.66959422963389
LINC01600	0.159410228718952	-0.513141084510731	0.308390617281559	0.763975879163102	0.89490932287747	-6.11167596500533
PNISR-AS1	-0.11163130202719	1.64368647384221	-0.308288902392438	0.764051069971473	0.89490932287747	-6.35311440306024
CKMT2-AS1	-0.0755765366195553	2.64982952324135	-0.308209529816174	0.764109746429052	0.89490932287747	-6.48074688177135
LINC00939	0.290524688490988	-1.42217573805117	0.308196149943685	0.764119637700875	0.89490932287747	-6.01043103770478
CYP2F1	-0.192325940484208	-2.07692850133992	-0.308190844495208	0.76412355984568	0.89490932287747	-5.9415480290555
PAIP1P2	0.0723721671976847	5.71833914939787	0.308155350298961	0.764149799725306	0.89490932287747	-6.86153233540154
CDC16	0.0915074886000715	6.65677284506438	0.308101187388241	0.764189841471907	0.89490932287747	-6.91176234642914
LINC02574	0.230353669530893	-4.25497636777787	0.308041872032704	0.764233693169784	0.89490932287747	-5.73926750300242
SMIM19	0.0749877572415443	5.03658093266213	0.307984885656099	0.764275823880072	0.89490932287747	-6.80397120824986
LINC02687	0.160694259553337	-0.489448981075353	0.30798107268955	0.764278642880588	0.89490932287747	-6.11445890751199
ENSG00000249738	0.266566104878455	-2.43743997118463	0.307962380925031	0.764292462118644	0.89490932287747	-5.90565354020623
ZNF473	0.0742498657294792	4.27879557492042	0.307919603725469	0.764324088581164	0.89490932287747	-6.71376694095198
ENSG00000289504	-0.238954255034305	-1.94952659905542	-0.307911562580465	0.764330033690662	0.89490932287747	-5.95465835090751
SLC38A7	-0.082245244349715	5.54014179530099	-0.307857811604284	0.764369774143716	0.89490932287747	-6.8486467221424
DERL3	-0.181735790708684	3.25962569655218	-0.307839257750058	0.764383491987592	0.89490932287747	-6.5670276601303
SUOX	0.0765430562777638	4.82293876572185	0.307789449820476	0.764420318040726	0.89490932287747	-6.78123311932326
ENSG00000277491	-0.176751597930624	-3.16194864869777	-0.307747776212539	0.764451130363472	0.89490932287747	-5.83635861818156
IL15RA	-0.180038190556313	0.0286724674573477	-0.307636080236547	0.764533717424489	0.89490932287747	-6.17167298376191
FAU	-0.0577710738385759	6.93441704617133	-0.30759131687348	0.764566815943454	0.89490932287747	-6.92287673311841
NHLH2	-0.187813949201351	-0.116287871291572	-0.307526180619232	0.764614979285849	0.89490932287747	-6.1558681234135
ZFC3H1	0.0862781402232757	5.53993002591404	0.30751505593851	0.764623205252285	0.89490932287747	-6.84874389439111
ARHGEF3	-0.0841691751172533	3.06046504442031	-0.30751070191584	0.764626424772732	0.89490932287747	-6.53835137170146
KCNH2	0.0766859150342656	4.43476393801079	0.307479710609176	0.764649340991337	0.89490932287747	-6.7344357558214
ENSG00000286445	0.222412745955602	-2.49154026195376	0.307391985074543	0.764714210067671	0.894941357834908	-5.90052764371106
ADAMTS10	0.170682993902806	3.18032691260718	0.307167563285532	0.76488016851807	0.895091688257944	-6.555731217726
SPATA6L	0.161863276238367	-0.147308401503615	0.307026289750405	0.764984645759848	0.895148562925682	-6.15263263355903
CD164	-0.0736876728708955	7.12604251604188	-0.306851912755066	0.765113611087695	0.895148562925682	-6.93008459180201
CLCNKA	0.145468683820493	-0.10789609862436	0.306817816944079	0.765138828464838	0.895148562925682	-6.15701364240166
WDR5B-DT	-0.113351180969421	0.00932544610839743	-0.306810653454406	0.765144126642512	0.895148562925682	-6.16982980643145
ALG6	0.0898383830573453	5.11162975084649	0.306798999208576	0.765152746248566	0.895148562925682	-6.81178207957271
MMRN2	-0.114229702779201	1.6114749769173	-0.306797569508751	0.765153803672302	0.895148562925682	-6.34976645870409
RPSA	-0.0716926355014067	9.37447520613203	-0.306660251281058	0.765255368289015	0.89521783736896	-6.99100987052939
IGSF9	0.145612169868081	4.80316833670615	0.306616086048482	0.765288035188289	0.89521783736896	-6.77940174187506
SNRNP200	-0.0719246254275561	8.95037028035609	-0.306418709550005	0.765434030975075	0.895344737173208	-6.98175828231968
H2BC17	-0.163135369399109	-1.931196179216	-0.306363889806744	0.765474581841384	0.895348289380461	-5.95704048652003
SOX12	-0.110443036192897	6.46783776830465	-0.306243075002454	0.76556395271505	0.895408941460849	-6.9041793158561
ENSG00000298434	-0.175922451519799	-3.44136202415322	-0.30607972626257	0.765684793125759	0.895506392783481	-5.81101027711874
ENSG00000290576	0.117291511639453	1.63401174517237	0.305933707916158	0.765792818604134	0.895588847590399	-6.35272761820455
GK3	-0.229487397036575	-3.27468717936048	-0.30587405921601	0.765836948674579	0.895596572787308	-5.82643932409029
MMADHC	-0.0542613047821066	6.74833775160139	-0.305770411899951	0.765913632451555	0.895642364807509	-6.91626671054871
LINC01956	0.254623081605263	-3.54803526902785	0.305682915125944	0.765978369259656	0.895655317256787	-5.80139719129829
PANX1	0.0670608399339319	5.08049908821315	0.305606296920508	0.766035058817265	0.895655317256787	-6.80915032950597
LINC03033	0.228525773128228	-2.19476716184112	0.305568682825247	0.766062889890832	0.895655317256787	-5.93047410306405
SOX2-OT	-0.115961816461335	2.02299581804427	-0.305552563924937	0.766074816545023	0.895655317256787	-6.40017413602613
TMEM202-AS1	-0.124010720924667	-0.333187902691647	-0.305453310348053	0.766148257397846	0.895697303909596	-6.13268065106813
ZNF287	0.0886806041409938	3.08392897506251	0.305360334726759	0.76621705519052	0.89570371041085	-6.54242746011248
CMTM5	0.295594880705596	-0.747397602042786	0.305344469151215	0.766228795217594	0.89570371041085	-6.08628228246593
TBC1D5	0.0536933071660988	5.93993138111533	0.305270679600314	0.766283397978265	0.895723668309691	-6.8768671604268
PSCA	0.242788496540377	-3.8018379387684	0.305152558604665	0.766370807887943	0.895781971294457	-5.77872029707051
ENSG00000294008	0.0896770219074636	1.59874493547814	0.305026272849939	0.766464263536306	0.895847334859011	-6.34882716863601
PTPN5	0.14907083273813	4.04339473508995	0.304915527782211	0.766546221783901	0.895880712786867	-6.6822498794959
ZNF594	0.134620891568698	3.45060245790289	0.304886244690092	0.766567893599254	0.895880712786867	-6.59601095622566
TMEM123-DT	0.167979686141111	-1.56590381324394	0.304787156146838	0.766641228557164	0.895901706670887	-5.99601643368561
EFCAB8	-0.2775437087586	-3.88503694205318	-0.304695484378656	0.766709076540999	0.895901706670887	-5.77147762809269
ARHGAP42	0.085697509592241	5.65568741046306	0.304671333497785	0.766726951401114	0.895901706670887	-6.85826846971517
ABCB10	0.0749031697486302	4.15810978666222	0.304659099525657	0.766736006220285	0.895901706670887	-6.69837493276438
FBXW12	0.173992569238871	-0.658093270549728	0.304520744278725	0.766838410655228	0.895938778959201	-6.09658675177361
TSGA10IP	-0.233139520547394	2.25399172373002	-0.304499435337004	0.766854183008683	0.895938778959201	-6.42969166484821
KCNA1	0.248907139483075	-0.930316478249851	0.304415624358982	0.766916218908976	0.895938778959201	-6.06596517290929
TGFBRAP1	-0.0757643571819795	5.0821034994273	-0.304413368234009	0.766917888889952	0.895938778959201	-6.80970042863328
ENSG00000253284	0.203841845269182	-3.90223965694347	0.304334007895417	0.766976632110382	0.895963549438524	-5.77006716064108
TIA1	0.0559847723954094	6.9979531986928	0.303902349635956	0.767296176371275	0.896292964049198	-6.92645831679711
SARAF	-0.086088578456982	7.30664559906587	-0.303756565300296	0.767404106650234	0.896326682164974	-6.93730212847495
ENSG00000236846	0.259338736558969	-3.53812033926535	0.30375309263723	0.767406677672266	0.896326682164974	-5.80288597329515
GSR	0.0637100814964322	6.72408016884824	0.30364680495671	0.767485370283311	0.896326682164974	-6.91598748839524
DLG1-AS1	0.180503863751142	-3.65499368339858	0.303641746535668	0.767489115474472	0.896326682164974	-5.79233426815624
FBXO38	0.0637850172456007	5.38647945122242	0.303594265812277	0.767524269908485	0.896326682164974	-6.83775364440246
IFT74-AS1	-0.228343741957575	-4.39580751342954	-0.303559011870679	0.767550372065519	0.896326682164974	-5.73198241663319
MIR155HG	0.179896583327817	-3.10951397973157	0.303248768124952	0.767780090857307	0.896540295112169	-5.84264853278713
ENSG00000286001	-0.211033890448677	-2.46330098689146	-0.303184213769515	0.767827892838494	0.896540295112169	-5.90459708333302
LINC03078	0.252410936444412	-1.81635165734038	0.303159778766162	0.767845987027605	0.896540295112169	-5.96998539571295
DSTYK	0.0946202132967837	4.76591134619012	0.303018147152138	0.767950868510555	0.896582030114618	-6.77634806092851
PRDM14	-0.088607561917005	6.26421855111425	-0.303010052842189	0.767956862682077	0.896582030114618	-6.89550444752278
DSC2	0.0948293626675767	6.02062290273475	0.302832211801762	0.768088565368806	0.89662471963573	-6.88241706553781
ENSG00000296426	-0.196403761396394	-2.50161446535114	-0.302792011502378	0.768118337336175	0.89662471963573	-5.9009673279585
PTPN23-DT	0.214046950771748	-2.08169347314945	0.302770425430355	0.768134323942809	0.89662471963573	-5.9427532503976
NUP35	0.0907677036054615	5.30219804785502	0.302757767963388	0.768143698093258	0.89662471963573	-6.83075581215745
CD109	-0.0871876347163241	3.47722481040077	-0.302640636179349	0.768230448028189	0.896682125542292	-6.60067500999146
ENSG00000151303	-0.214738259253729	-1.88640611827456	-0.302428651222733	0.768387456458911	0.896806584153995	-5.96291309214818
METTL1	0.070399413459596	3.95800867444262	0.302230956398372	0.768533890653846	0.896806584153995	-6.67099512239304
GRAMD1B	-0.114627915870162	4.24696709842658	-0.302218277493772	0.76854328234849	0.896806584153995	-6.71132567776147
FCHO2	0.087801860113145	3.63629163736646	0.30220032832675	0.768556577972206	0.896806584153995	-6.62420858683889
OR1F1	0.211716691377127	-0.467147844107549	0.302196814078567	0.768559181117316	0.896806584153995	-6.11879517024931
RBPMS2	0.106963980688503	7.39724323958497	0.302192294856123	0.768562528691742	0.896806584153995	-6.94080640441984
ENSG00000310230	-0.192048189764884	-3.71708257378752	-0.301657532605307	0.768958684245114	0.897224977603429	-5.78735065227499
HMGN2P15	0.177322777293807	-1.1180435111196	0.301600383307066	0.769001024953306	0.897230517332839	-6.04585773928227
ENSG00000256625	-0.212288994235174	-3.08644181278075	-0.301537327299962	0.769047742738811	0.897241163217833	-5.84533505320156
ENSG00000297719	-0.252225215173775	-4.08387918875647	-0.301466363334759	0.769100320635014	0.897241190785834	-5.75502221926669
ENSG00000296964	-0.268507952898849	-3.24978700332835	-0.301388919020718	0.769157701281774	0.897241190785834	-5.83011746114584
ENSG00000278434	-0.214047014545178	-2.66188938356507	-0.301385078987938	0.769160546506816	0.897241190785834	-5.88582665697
ENSG00000305495	0.15181325770311	6.67184478497037	0.301144236729152	0.769339002773103	0.897369045821571	-6.91467717669873
CMAS	-0.0713246265756968	6.50497436654288	-0.301079601526654	0.769386897749673	0.897369045821571	-6.90754491720287
LINC00652	0.170976259876328	-1.55141257268681	0.301061502508808	0.769400309385298	0.897369045821571	-5.99872926740524
ENSG00000260136	0.133606587564812	0.287664570908708	0.301034194377084	0.769420545258836	0.897369045821571	-6.20199824912637
SDAD1	0.0728568057674313	6.37025596315405	0.30098082483102	0.76946009368588	0.897371319618905	-6.90135865409578
ENSG00000304430	-0.164209203330061	-0.567208481157543	-0.300389747800352	0.769898145612669	0.897838319228847	-6.1081397819765
RIMBP3	-0.166400236677391	-0.595595274535603	-0.300333046746751	0.76994017166985	0.897843459092408	-6.10495650724448
ZSWIM8	0.0831421676419772	4.98433302014953	0.300122408771945	0.770096300518899	0.897981649623049	-6.8011468800588
ENSG00000289731	0.419275167965489	-2.62045929730922	0.300029635392995	0.770165069308844	0.898017964199236	-5.8902497582966
ENSG00000286277	-0.163857603315357	-1.55307357335281	-0.299904156434338	0.770258084607936	0.89804661927755	-5.99890860101174
KIF3A	0.0721760976259613	4.32208648485737	0.299894963992719	0.770264898949626	0.89804661927755	-6.72220868462912
ENSG00000247934	-0.293807304511731	-2.28551400879093	-0.299812662195908	0.770325910045577	0.898073881157571	-5.92318104237516
ENSG00000260144	-0.247773041603744	-2.69321277172365	-0.299564963635	0.770509541201671	0.89824408830461	-5.88335825689296
ENSG00000237614	-0.166727636201757	-4.30027169765712	-0.299381900842253	0.770645264205884	0.898358431220174	-5.73864362959443
ENSG00000287445	-0.235313592765058	-1.84815538146935	-0.299323602127224	0.770688488652415	0.898364940594247	-5.96785049569564
ENSG00000306172	-0.218583768328005	-4.51797814382408	-0.299268230860942	0.770729543359164	0.898368920265343	-5.72644609467069
ENSG00000307594	-0.200758201262438	-1.35370434032884	-0.299182902641217	0.770792810926152	0.898398789782413	-6.02068067780621
SRP14P2	0.172703528353537	-0.628232732237269	0.299063629350986	0.770881250392562	0.898457994097044	-6.10166652687107
BET1	-0.0793296901298	4.56614410619999	-0.298994562757185	0.770932463869719	0.898473808055988	-6.75383006688907
C6orf136	-0.067340415071838	3.60862646174108	-0.298871574207746	0.771023663793192	0.898478595724359	-6.62119076289831
ENSG00000259959	-0.109764662087486	2.53416896553218	-0.298861225654751	0.771031337741	0.898478595724359	-6.4681964857472
ZNF808	-0.0930827357350426	2.95073436397119	-0.29878538172278	0.771087580438255	0.898478595724359	-6.52555479146061
RNF149	-0.0648648339073148	4.06539738969539	-0.298754385738209	0.771110566167164	0.898478595724359	-6.68731795022136
LIPT2-AS1	0.0962139811534994	2.44485058589139	0.298735194382141	0.771124798039878	0.898478595724359	-6.45637020954058
ENSG00000289042	-0.17719092995527	-1.69306734125369	-0.298516001026468	0.771287353139562	0.898624127770658	-5.98440724354095
RFESD	-0.107027661843944	1.81675539908968	-0.298361138790983	0.771402206875786	0.898710110873466	-6.37712449251629
GATAD1	-0.0520039313447063	5.57501750382183	-0.298278421348955	0.77146355671829	0.898710110873466	-6.8544539750013
ELAPOR2	0.0739911034271898	6.18919781836654	0.298264183175782	0.771474117047621	0.898710110873466	-6.89317502355762
ZNF79	0.0962730444186675	2.83226462819259	0.298158211527665	0.77155271683163	0.898757806267779	-6.50910158403914
ZNF213-AS1	0.077106019180103	3.37766788275614	0.297862869650164	0.771771787870273	0.898897502093517	-6.58751731721714
ENSG00000258696	-0.185379558887895	-2.5229413385632	-0.29785923662049	0.771774482815444	0.898897502093517	-5.90038933375638
DNM1P35	0.16810578351951	0.815108529828895	0.297834678024363	0.771792700220309	0.898897502093517	-6.26108567397976
CDK1	-0.0523298377237804	6.99306929660258	-0.29774535013989	0.771858964279707	0.898897502093517	-6.92827619389074
PNRC2P1	0.101294680222304	2.11975241773808	0.29774266685776	0.771860954787134	0.898897502093517	-6.41479483738257
ENSG00000302701	0.257045726135948	-0.655718362211808	0.297609256078174	0.771959923508882	0.898968894578506	-6.09901596650301
ANO3	-0.323154498079631	-0.49437872974435	-0.297551955646286	0.772002432260343	0.898974534092389	-6.11719188373326
MYCBP	0.140520963799333	4.9626053556868	0.297469502378237	0.772063602214519	0.899001902427376	-6.79972770465404
RTN3	-0.0508251152091948	8.26825865529976	-0.29739959548597	0.772115465615063	0.899018431936516	-6.96793036571586
ENSG00000289046	-0.171743724295487	-2.59311763225583	-0.297243344591929	0.772231391227365	0.899078999949447	-5.8937455629199
SSBP3P1	0.0799096354177786	6.38161856432745	0.297194226437107	0.772267834163513	0.899078999949447	-6.90312291267049
ENSG00000273987	-0.162951975709619	-2.75180749514859	-0.297098840320342	0.772338607005304	0.899078999949447	-5.87846437471275
ZDHHC13	-0.0768221949717294	5.08970513550345	-0.297063489835712	0.77236483626411	0.899078999949447	-6.81283105918277
AKAP1	-0.0720806373688996	6.48850443198522	-0.297061027773559	0.772366663069622	0.899078999949447	-6.90810437913107
LINC01012	0.106069295670365	1.65885837638156	0.296998869600056	0.772412783790003	0.899078999949447	-6.35854108566037
SHROOM3-AS1	-0.249691100734361	-2.72705311478169	-0.296961389336277	0.772440594205064	0.899078999949447	-5.88088515154238
DOCK9-DT	-0.165288002188427	-1.79980841035269	-0.29692331324825	0.77246884706764	0.899078999949447	-5.97363373030288
MSANTD7	0.0582844683121246	4.86842245126011	0.296836167807216	0.772533511220751	0.899110416555599	-6.7898862381403
FABP3	0.151338720624917	3.64446370733142	0.296736567145115	0.772607419696986	0.899124514149964	-6.62716656376774
HNRNPM	0.085554167348425	8.96821931594142	0.296681538862253	0.772648254346204	0.899124514149964	-6.98533489920634
ATP5PB	0.0815658017755023	7.63034723227594	0.29666754206187	0.772658641019641	0.899124514149964	-6.94997445306633
CADM4	-0.113948061824588	4.2598769594822	-0.296519149118507	0.772768762576376	0.899208817532561	-6.71490442000543
NELL2	0.0648833516103737	6.35558807865782	0.296340360067607	0.772901447916156	0.899319367073659	-6.90215258094315
LINC01237	0.179748540494229	0.756105340434125	0.296189083086289	0.773013721604608	0.899353996674021	-6.25503405753709
ZBTB9	0.0616426885319239	5.12184549282955	0.296164459063315	0.773031997407446	0.899353996674021	-6.81621290045493
BDNF-AS	0.107129276394775	1.39937321517211	0.296147943391304	0.773044255321889	0.899353996674021	-6.32820298610259
ENSG00000278869	-0.273230084774724	-3.59454066482748	-0.296026069626217	0.773134711919846	0.899415391372147	-5.80007623098935
RPL5P9	-0.221515356747978	-3.12339772291169	-0.295867973997861	0.773252058238873	0.899459624638519	-5.84357015816195
ENSG00000259088	0.150947260918555	-0.189337473898221	0.295844473793434	0.77326950175179	0.899459624638519	-6.15154565189021
ZNF708	0.0796562650237664	4.79796830354067	0.295822525173465	0.773285793688263	0.899459624638519	-6.78230726687273
POPDC3	-0.124224558619582	1.72245979028347	-0.295671193484303	0.773398126720705	0.899546446902683	-6.36656851631421
RECK	-0.0701898146300364	4.07553215469653	-0.295528465523513	0.773504078246354	0.899625838677732	-6.68976387010893
ENSG00000309298	0.17840716666283	-0.165031841883183	0.29543977899892	0.773569915537831	0.899658570029305	-6.15433888106964
ENSG00000300853	-0.289348393131901	-4.07393494977435	-0.295302387402212	0.773671913213902	0.899733350517771	-5.75770740868617
ENSG00000289516	0.326807955845585	-2.58232632701089	0.295242564231261	0.773716326540356	0.899741159887872	-5.89539487610553
SNORA65	0.187017551372494	-3.46594651880283	0.295146335500095	0.773787769513868	0.899780399268574	-5.81204646073295
ENSG00000255216	-0.183480313783088	-0.80888024364658	-0.294991892192596	0.773902437277592	0.899821571522688	-6.08253814800068
ADPRM	0.0823260127739069	2.89258128375328	0.294951234855447	0.773932624613392	0.899821571522688	-6.51856198353711
ZBTB7A	0.0815889953622828	3.98106847321518	0.294901527284872	0.773969532118837	0.899821571522688	-6.67666640532186
ALG3	0.0914869386620305	5.76042830157826	0.294836407488541	0.774017883979634	0.899821571522688	-6.86875746192867
ENSG00000310431	0.408927346054482	-2.00531322823996	0.294829997835642	0.774022643242098	0.899821571522688	-5.95296339301502
CDKN2AIP	-0.0615380447748404	4.67995781707747	-0.294749960346741	0.774082073090535	0.899821571522688	-6.7689915664073
EIF2B1	-0.064802714313541	6.09399072372618	-0.29472671936209	0.774099330392084	0.899821571522688	-6.88918898656647
TEX10	0.0803787213744496	6.91933843770499	0.294671948944454	0.774139999987415	0.899821571522688	-6.9265086870591
MTCH2	0.0812365837217826	7.0209796316243	0.29460170829884	0.774192157995889	0.899821571522688	-6.93030602061838
ENSG00000309094	-0.19508263021488	-1.09403215738219	-0.294590889764512	0.774200191528822	0.899821571522688	-6.05069622711738
RIOK2	0.0682507952170495	5.53197976632912	0.294361601035902	0.774370461308012	0.899925292091437	-6.85239275874874
NFE2L1	-0.0559078393327983	8.80746988723006	-0.294353510194397	0.774376469794396	0.899925292091437	-6.98234941298284
GADD45GIP1	0.0549694584960756	5.65782036421392	0.29431839231115	0.774402549502406	0.899925292091437	-6.86176158502431
RASL10A	0.206432741780447	-0.364840298215527	0.294171948002091	0.774511307079376	0.900007856568648	-6.13269642195433
ENSG00000238832	0.233864291145493	-2.54587329704506	0.29410153099744	0.77456360442571	0.900018368555928	-5.89928257848305
FAM187B2P	0.147185326897697	-2.70462598345957	0.294037081848097	0.774611470594798	0.900018368555928	-5.88391888466888
FAM86DP	-0.0609583858887643	3.84670459353581	-0.294007444478722	0.774633482502027	0.900018368555928	-6.65762288929229
RPL13AP7	-0.452919509692383	-2.70229351524723	-0.29386966662988	0.774735813934689	0.900093446486843	-5.88419347024007
COL4A6	0.180461595300379	6.12385547138343	0.293741651781222	0.774830898158517	0.900160097661084	-6.89114101576918
VPS9D1	-0.113646895278125	2.8264088764592	-0.29351899143249	0.774996290482931	0.900271024271385	-6.50974863354827
GABPB1-IT1	-0.0781744783236351	2.97117425175788	-0.293511546054454	0.77500182112037	0.900271024271385	-6.53011655644091
ENSG00000223969	0.139274853585928	-0.77305978775279	0.293372979278864	0.775104754842198	0.900321034414818	-6.08709384995963
MEIS3P1	-0.118819331202523	2.71938133292442	-0.293352029903447	0.775120317390359	0.900321034414818	-6.49500449946919
ENSG00000300369	-0.263182012540128	-3.71742711867887	-0.293184848676169	0.775244514126287	0.900421471538863	-5.78982985062579
THAP9-AS1	-0.0939915537126952	5.29688475916448	-0.29310247080723	0.775305713999693	0.900427798727079	-6.83338978152103
FOXC2	-0.250234432273941	-2.43549684006396	-0.293075952140078	0.775325415495881	0.900427798727079	-5.91038863973115
C1GALT1	-0.063060645843894	6.59008453741055	-0.292990991946713	0.775388536039689	0.900457288325188	-6.91383189007366
YWHAZP2	-0.0930170762994251	4.62304214125201	-0.292738272175963	0.775576302423737	0.900591823516137	-6.76275095530433
ENSG00000279500	0.227592878335596	-1.94162299434383	0.292687284832296	0.775614186965007	0.900591823516137	-5.9601510128502
PYY2	-0.192209241062285	-2.60364930251246	-0.292682709830296	0.775617586306372	0.900591823516137	-5.89408682225978
CDK13-DT	0.148737224944101	-1.48531000930294	0.292368591683142	0.775850995823979	0.9008190171887	-6.00849204452824
INPP4A	0.0833448619709243	5.66863545599092	0.292273954544137	0.77592132173965	0.90085157919897	-6.86317964477745
LINC02049	-0.122509673287137	0.66029920032122	-0.292229267521063	0.775954529902058	0.90085157919897	-6.24564247760496
ST13P6	-0.0674723207624286	5.23776221733978	-0.292161751772939	0.77600470361675	0.900866008133712	-6.82841626736877
ARHGAP42-AS1	0.167891901157331	-1.3430645856409	0.29208169459333	0.776064198778588	0.900891256432323	-6.02400423865628
ENSG00000298419	0.181115984665376	-2.40958627565444	0.291974587189242	0.776143798909395	0.900939839918804	-5.91326566251939
DUSP4	0.17424875535772	4.3523040222872	0.291762247809478	0.776301613400732	0.901030134074135	-6.72882576094865
ENSG00000293235	0.183649306712508	1.18195053638528	0.291710506529078	0.77634007007517	0.901030134074135	-6.30445682478053
WARS2-AS1	0.0855889072422733	2.189329367578	0.291693062588503	0.776353035415588	0.901030134074135	-6.42550184168785
POLR1HASP	0.109739945974408	2.79248758256259	0.291666747739774	0.776372594261306	0.901030134074135	-6.50561499267751
ENSG00000303989	-0.255838000604575	-3.62286069528141	-0.291552512357547	0.776457503055407	0.901084859740513	-5.79882350138327
GINM1	-0.0611812064328259	4.61507047305631	-0.291287114076152	0.776654779986398	0.901269977825418	-6.7622345310773
ISG20L2P2	-0.231173160251702	-2.03138696248182	-0.291234291570159	0.776694046208401	0.901271723106568	-5.95137712304577
COL5A3	-0.151707664187663	2.39887210305773	-0.291078346231806	0.776809973819486	0.901299720385745	-6.45272755509279
TNPO1-DT	0.239844040990542	-4.07966053873436	0.291066135921674	0.77681905103733	0.901299720385745	-5.75843929334292
ERCC6L2	0.0723106477123965	4.85526843845954	0.290888825737186	0.776950868450464	0.901299720385745	-6.79030331987106
ENSG00000287754	0.248629471826825	-3.74095353633865	0.290854639884117	0.776976284033223	0.901299720385745	-5.78839818345539
KICS2	-0.0851298849939663	3.91779672787563	-0.290799726249601	0.777017110327931	0.901299720385745	-6.66884544091259
CELSR2	-0.101021029151308	6.1873331644	-0.290790763167992	0.777023774121269	0.901299720385745	-6.8954510568542
TIGD2	0.0698940745726517	3.67956816542802	0.290773420540637	0.77703666791951	0.901299720385745	-6.63419503935745
ZNF407	0.0893379791758884	3.1417729786015	0.290749794288766	0.777054233545189	0.901299720385745	-6.555423205258
ENSG00000305730	-0.304526026621484	-3.85694432706422	-0.290700602922654	0.777090806721815	0.901299720385745	-5.77810303271919
ENSG00000307036	0.183888070747809	-2.12830049526757	0.290693876396124	0.777095807855946	0.901299720385745	-5.94167871498674
PEMT	-0.0659745563218088	4.96308082185556	-0.29039843391332	0.7773154781586	0.901510691346095	-6.8020148594059
MZF1-AS1	-0.0896887267026818	4.66112757390987	-0.290313455578865	0.777378665887251	0.901540166119097	-6.7681135230651
VGF	-0.206366601607006	3.67011529390003	-0.290256792635627	0.777420799954247	0.901545222900151	-6.63297605896835
ENSG00000293959	0.179785686459922	-1.47925525881515	0.290162046624354	0.777491253941753	0.901547154602686	-6.00980701446608
WSCD1	-0.0963408772732928	6.40783410949871	-0.290112988602831	0.777527734757245	0.901547154602686	-6.90659273014895
LINC00239	0.194531395941886	-4.05171178684592	0.290094794088087	0.777541264813397	0.901547154602686	-5.7611520233743
HAS2-AS1	-0.181128218471498	-0.385006652498181	-0.290051364444167	0.777573560878882	0.901547154602686	-6.13170715014527
RETSAT	0.0775078072058655	4.45651323399552	0.289945062729185	0.777652613065502	0.901595011951537	-6.74285455754126
SLC7A11	0.174566929665025	6.26939588773911	0.289768669406723	0.777783795333465	0.901610394314916	-6.89999924309039
CNOT8	0.0812642603847902	6.50268570180472	0.289756104235412	0.777793140226983	0.901610394314916	-6.91105356348774
FARP1	0.0502290304354505	7.06999126996985	0.28969281106364	0.777840212806694	0.901610394314916	-6.93361413936554
C17orf114	0.205132539474641	-3.27468717936048	0.28959536523859	0.777912687333132	0.901610394314916	-5.83130195294509
KIAA0040	0.0778115117980613	4.98286678912664	0.289577303632942	0.777926120747612	0.901610394314916	-6.80434257070754
NUDT12	-0.059380903109993	4.74419118006688	-0.289398421997655	0.778059169037723	0.901610394314916	-6.77822174990172
CENPK	-0.0518696260810216	5.32920341656576	-0.289386682238536	0.778067901078862	0.901610394314916	-6.83738016839682
ENSG00000299503	-0.262526862129801	-3.20795450825979	-0.289344714980881	0.778099116618928	0.901610394314916	-5.83758464874285
ENSG00000234819	-0.235433302942787	-3.49948767908573	-0.289342348543458	0.778100876803944	0.901610394314916	-5.81067664506296
SLC38A3	-0.125963609181621	0.948359709513502	-0.289333471705598	0.778107479515901	0.901610394314916	-6.27865707586755
WDR27	0.132774148721811	4.4445030343487	0.289324349258952	0.778114264934232	0.901610394314916	-6.74150712885538
RFXANK	-0.0740738144153035	5.11037777320047	-0.289317716973746	0.778119198143824	0.901610394314916	-6.81727133229344
ENSG00000293323	0.328686915172333	-1.47182603412275	0.289154071494727	0.778240923773983	0.901707661911435	-6.01090979261505
CMTM3	-0.0850158588010368	4.82885970690559	-0.289057549485815	0.778312723396527	0.901724744321602	-6.78791080129185
PTGFR	-0.352573922330824	-1.53651581831397	-0.289032671562952	0.778331229637965	0.901724744321602	-6.00397739939856
C20orf202	-0.21641281212553	-3.19294597644252	-0.288946118941381	0.778395615712561	0.901755565489355	-5.83910053453676
ENSG00000286288	0.18344918549297	-0.594062666945066	0.288856132651713	0.77846255793529	0.901789344767343	-6.10864540994085
ENSG00000283973	0.244578717406344	-3.28310760360441	0.288763744145987	0.778531289175804	0.901806928492227	-5.83076205612222
JARID2	0.0563429921448293	8.69605599807828	0.288713757173622	0.778568477173403	0.901806928492227	-6.98147163729118
CBLN3	0.103438579152225	0.235805763052263	0.288662124708727	0.778606889955	0.901806928492227	-6.20017063187566
TMEM17	0.0894669620147319	1.06394805157189	0.288632573040129	0.778628875662602	0.901806928492227	-6.29194587605134
RBM12	0.0588501406670883	7.49010523691963	0.288447004303463	0.778766938861056	0.901923065304582	-6.94818551648839
EEF1B2P3	0.0615235463377157	6.93850170399238	0.288318439279472	0.778862595998729	0.90199008096956	-6.92922533332648
LRRTM1	0.229678511587617	-0.200333602819642	0.288098665109203	0.779026125059062	0.902117765982861	-6.15269860761557
RPS12P26	0.184073106707094	-4.0176060621388	0.288066855200518	0.779049795037221	0.902117765982861	-5.76471039861146
PMS2	-0.0787657719151493	4.51634808585467	-0.28801787194157	0.779086244288714	0.902117765982861	-6.75110652279717
TSC2	-0.0759965382155032	6.20806661063971	-0.287966518500382	0.779124457833208	0.902118247470295	-6.89742129352895
ANKEF1	-0.0628057737875349	3.94928409750869	-0.287773028829446	0.779268444483132	0.902241193581009	-6.67431487968375
ENSG00000301384	-0.219135380914117	-3.74095353633865	-0.287548295665331	0.779435692149352	0.902360825855637	-5.78935075266429
SLC1A6	0.0744723394074964	3.66504593026598	0.287532581695673	0.779447387013022	0.902360825855637	-6.63308006663264
ENSG00000278784	0.103721882268048	0.685410146663766	0.287396119072859	0.779548949496726	0.902401741593069	-6.24989528598842
FAM151B	0.121008576451651	-1.1132934383707	0.287338990797532	0.779591468577782	0.902401741593069	-6.0507274871051
AK7	0.136772841294424	3.04202483104699	0.287316715815164	0.779608047470494	0.902401741593069	-6.54212255008266
ASF1B	-0.0792806572671534	5.9157114934612	-0.28728189010291	0.779633967890773	0.902401741593069	-6.8811355163325
DLD	0.0592431070756199	6.97895666516989	0.287200761233213	0.779694352371216	0.902404132120435	-6.93108407776294
EEIG1	-0.0722859589180391	5.41229930914652	-0.287177518091428	0.779711652599305	0.902404132120435	-6.84513007204267
ZNF614	0.0669535841697257	5.11132191862918	0.287071123367525	0.779790845434659	0.902409956403479	-6.81805929816946
ENSG00000243008	-0.187513212997403	-0.996096734616838	-0.287069162635023	0.779792304892335	0.902409956403479	-6.06387469435267
ENSG00000279041	0.137174892558214	1.44536680496712	0.286707149678112	0.780061782057676	0.902641369130778	-6.33649062728416
ENSG00000263105	0.173042587924869	-3.35962082123526	0.286698913900342	0.780067913005046	0.902641369130778	-5.82428035352526
PRKCQ	-0.097479483154463	4.54300465411223	-0.286532475295478	0.780191818017606	0.90271763821588	-6.75490066392365
ENSG00000258847	0.208219987321225	-3.23340827672293	0.286491461628468	0.780222351579461	0.90271763821588	-5.83603791762738
HDAC10	-0.228553070442398	-1.53042410123217	-0.286377532028935	0.780307171123939	0.90271763821588	-6.00541775013953
KCNJ14	-0.122678223854697	-1.01632467012308	-0.286376019639132	0.780308297104582	0.90271763821588	-6.0618197571498
TMCO1-AS1	-0.124521636531945	-0.67396313592813	-0.286300238616121	0.780364717078632	0.90271763821588	-6.10038985178169
LAMB2P1	-0.199968432129757	0.30911716038968	-0.286247585986589	0.780403918442728	0.90271763821588	-6.20889112216366
ENSG00000290875	-0.122148815451361	0.628659122296416	-0.286218601476799	0.78042549850037	0.90271763821588	-6.24397356553122
LINC03011	0.118285931646766	0.446221425681275	0.285971556231416	0.780609440888128	0.90271763821588	-6.22396527674536
PLS1	0.0806702467201559	5.70134246726295	0.285954416636434	0.780622203035234	0.90271763821588	-6.86745465522179
HYI	0.0802409995881028	2.57951139889559	0.285866704229574	0.780687514783588	0.90271763821588	-6.47830993487273
ENSG00000291099	-0.109595713440454	0.784384532483373	-0.285850325064624	0.78069971111103	0.90271763821588	-6.26134556597981
MAP3K9	-0.0757606682203784	5.72410058429502	-0.285839054432079	0.780708103536227	0.90271763821588	-6.86907739716046
MZT1	-0.0562927203808457	5.27230780639486	-0.285837505637015	0.780709256814235	0.90271763821588	-6.83350973711656
ENSG00000273004	0.109336346221504	-0.257343723393538	0.285830903230647	0.780714173164955	0.90271763821588	-6.14710198428951
DHX8	0.0662222103541978	6.32341130299414	0.285768949056557	0.780760306601977	0.90271763821588	-6.90393300307134
HCG20	-0.154202192489209	-4.07022843900252	-0.28576871812322	0.780760478565397	0.90271763821588	-5.76077349879826
RABGAP1L	0.0934441012020724	6.16816989484148	0.285746781786474	0.780776813411422	0.90271763821588	-6.89601417278009
PRMT5	-0.0625285911901443	7.43833611357986	-0.285601158799012	0.780885254083057	0.902783826178674	-6.94740310371591
TMEM127	-0.0839533738888214	5.57263207511196	-0.285568315895617	0.780909711796988	0.902783826178674	-6.85827456165419
AHNAK2	0.134775441814908	3.22358926292	0.285492795610404	0.780965951789944	0.902793947145912	-6.56886340301682
DUBR	-0.0953268448278692	1.66558036946715	-0.285454973379163	0.780994118520201	0.902793947145912	-6.36290520368384
CHML	0.0865333719033536	6.33677343849486	0.285354601829404	0.781068868184692	0.9028037418442	-6.90470135892127
ENSG00000263280	0.181179122948497	-2.04401850538669	0.285291522411568	0.781115846487787	0.9028037418442	-5.9518393241151
ASNSD1	0.0630133674850955	4.80133786701831	0.285291220812007	0.781116071105825	0.9028037418442	-6.78598366416836
HEPFAL	-0.116704327506581	-0.512665841083138	-0.285236315558847	0.781156962465241	0.902807284061687	-6.11888029264259
DUOXA1	0.195156940243592	-1.81621482194779	0.285016591619387	0.781320611538394	0.902944527960494	-5.97546741525485
HEXB	0.0658256468130425	6.15204041273915	0.284975284762632	0.781351377884447	0.902944527960494	-6.89540571614045
ENSG00000280184	0.211787207666734	-3.53675697924083	0.284902195453252	0.781405817536401	0.902963718753815	-5.80855423920302
SEC23B	-0.0594434125962424	6.63712295649251	-0.284830617994918	0.781459132301779	0.90298160787444	-6.91838034340707
SRGAP3-AS4	0.230724423456845	-3.20223421307385	0.284558432992576	0.781661881232757	0.903161538983971	-5.83949855514093
SF1	0.0776306142066456	8.1221427416282	0.28451997288331	0.781690531310675	0.903161538983971	-6.96804578734995
ENSG00000307433	-0.110982926584722	1.3472825830801	-0.284356127837132	0.781812588178297	0.903229462360631	-6.32575904970981
SCN2A	-0.114302798515724	0.976253682444423	-0.284339456521359	0.781825007873142	0.903229462360631	-6.28331311324963
ENSG00000272715	0.193693588265028	-1.62471982506913	0.284227012965781	0.781908777059967	0.903282516074067	-5.99594743663556
PPP4R1	-0.053052413063976	6.62868730882169	-0.284146812195401	0.781968527515456	0.903307818896054	-6.91823559947591
RBPMS-AS1	0.245403411890528	0.356036766303461	0.284000347296418	0.782077649302256	0.903378310184937	-6.21468860186717
TMED2	-0.0932978787671459	7.81575098202731	-0.28393780796698	0.782124244930634	0.903378310184937	-6.95953836876943
VWA3A	0.233831282225101	-2.89751157110633	0.283896641834343	0.78215491671104	0.903378310184937	-5.86840808545357
APH1A	-0.102382803225472	7.14250911776366	-0.283861699059695	0.782180951940827	0.903378310184937	-6.93799624906522
ESF1	0.0923233833590995	5.58286515694512	0.28363821941938	0.782347469232176	0.903443031795783	-6.85963162845322
GLOD4	0.050398497068965	6.36771579580839	0.28362588466701	0.782356660335174	0.903443031795783	-6.90670997515362
ACTN1	-0.051474085333787	8.42017067232258	-0.283584497237342	0.782387499972163	0.903443031795783	-6.97621738707308
ZFPL1	-0.0724082222248716	4.86775800842215	-0.283583284813054	0.782388403410024	0.903443031795783	-6.79395300827004
RPL31	0.0977879431566659	8.54141069539038	0.283468258377973	0.782474116887451	0.903458923992822	-6.97930876186308
RRBP1	0.091809587207158	7.33730076532682	0.283463216523236	0.782477873962192	0.903458923992822	-6.94475878055963
FRS2	0.0718649214273093	5.00893611679813	0.283392755976219	0.782530380160937	0.903475840910462	-6.80894164410688
MIOS-DT	0.152859850253663	-0.204647473390323	0.283051519911982	0.782784680581931	0.903658356256351	-6.15373003445669
ENSG00000276509	0.176241488764197	-3.21146262859913	0.283042598703911	0.782791329320786	0.903658356256351	-5.83907014122452
SAXO1	-0.208511403403683	-2.53904208846049	-0.283018905221291	0.782808987531341	0.903658356256351	-5.90319417196485
ENSG00000301230	0.170394217722951	-4.35130329903134	0.282977412042205	0.782839911759179	0.903658356256351	-5.74043624511371
ATP6V1H	0.0709793292821779	5.5678726479695	0.28267262070635	0.783067080171128	0.903876868135818	-6.85880115145495
TSC22D1	0.0698422381026109	7.23873172088199	0.282618622404271	0.783107328645675	0.903879611799319	-6.94169691733516
VN1R42P	-0.143376879684369	-1.07192246441486	-0.282514708449169	0.783184784411348	0.903905786184552	-6.05676436257801
GEM	-0.10033681206163	2.52012386002362	-0.28248658048101	0.783205750965623	0.903905786184552	-6.47139221723113
DPY19L1	0.0651729289262235	5.09555311585834	0.282367318944704	0.783294650389763	0.90396467389645	-6.81798767985391
CFAP57	0.150311886460863	-1.71736425476135	0.282311936798997	0.783335934220759	0.903968607583737	-5.98666580264881
ZSCAN29	-0.0638738886013561	5.14224032248433	-0.282177935399255	0.783435826562438	0.904015282252942	-6.82252734604605
CCDC138	-0.0621178918194643	4.7705430072719	-0.282092956744458	0.783499176665828	0.904015282252942	-6.78346089010742
ENSG00000225057	0.364617376498192	-1.92710131722122	0.281953654950911	0.783603027298994	0.904015282252942	-5.96481211031918
PLCB1	0.0957834548654608	4.083738541751	0.281950610970279	0.783605296661214	0.904015282252942	-6.69512199647183
PRIM2	-0.073398684329379	5.61075599193377	-0.281943830981748	0.78361035131658	0.904015282252942	-6.86222178203898
NDUFV2	0.167568602556806	-0.284128603608625	0.281898623671903	0.783644054794758	0.904015282252942	-6.14531629538107
H2BC13	-0.158402483069825	-1.86322869522115	-0.281892739618523	0.78364844157692	0.904015282252942	-5.9714690096654
ENSG00000276110	0.188711156964013	-0.583840339195122	0.281851217756246	0.783679397905618	0.904015282252942	-6.1118817519976
STRAP	-0.0520622397263466	8.29613871764071	-0.281603334610947	0.78386421362799	0.904171620739217	-6.97360263978792
TFAP2A-AS2	-0.219196537367229	-3.16564447693463	-0.281492619945294	0.783946764365906	0.904171620739217	-5.84378879450448
ARL17B	-0.113858788316025	0.914328588182751	-0.281444508525901	0.783982637932185	0.904171620739217	-6.27720033062499
KCTD14	-0.0805095856177012	4.32088879698325	-0.281432480170027	0.783991606780026	0.904171620739217	-6.72781420378637
HPCAL1	-0.0836970637610826	3.71491698968955	-0.281415397300498	0.784004344542594	0.904171620739217	-6.64222453667868
STX18-AS1	-0.0852030052584412	3.00386170354423	-0.281287849772085	0.784099451874732	0.904237611997209	-6.53850935942013
NPTX2	-0.111155113150998	5.22852478106541	-0.281074920336259	0.78425823352387	0.904296711680452	-6.83099494875402
ZNF573	-0.156658659991879	0.912661057322966	-0.281072567906531	0.784259987790416	0.904296711680452	-6.27712314224487
PHF2	0.0747173786857385	4.32680234147008	0.281052801481638	0.784274728164984	0.904296711680452	-6.72872595478176
GAREM1	-0.0833223841464252	3.4191993293551	-0.281015888438259	0.784302255490231	0.904296711680452	-6.59885248218302
MPHOSPH8	0.0807620923212458	5.33517867212602	0.280768821723197	0.784486509639	0.904409793277319	-6.8405457471326
FOCAD	-0.0852188529767055	6.32460611440782	-0.280747684503135	0.784502273722319	0.904409793277319	-6.90552674928508
MARCHF4	0.180676001208107	2.76109637164762	0.280731943909934	0.784514013081675	0.904409793277319	-6.50460700592336
TIMM22	0.0802627214304232	5.30405947644095	0.280555265820901	0.784645783756863	0.904499051156609	-6.83789485103
ENSG00000306979	0.22372187641696	-1.97189932136305	0.280526507348788	0.784667233175413	0.904499051156609	-5.96059479269213
KCTD9P3	-0.151255832004327	-2.19237041731948	-0.280356574219939	0.784793981127808	0.904601465641717	-5.9382456908331
SLC7A14	-0.224408953863391	0.362685443999444	-0.280195417744414	0.784914188919225	0.904689631908055	-6.21654155658966
RPL32	0.0662997572434509	9.14292562986475	0.280088502852814	0.784993940780429	0.904689631908055	-6.99442741853006
ZBTB8OSP2	0.131456069152105	1.64632192619782	0.280049385945121	0.78502312021145	0.904689631908055	-6.36222663473572
ZNF70	-0.0783430831542074	2.26119401855728	-0.280047927287068	0.785024208310639	0.904689631908055	-6.43821573411063
STK24	-0.049552820507679	7.71842649558557	-0.279999949887665	0.785059997756221	0.904689631908055	-6.95785122783269
LINC00685	0.148644097198025	-1.1778901306066	0.279686271674041	0.785294003529221	0.904853991723946	-6.04580059760866
FAM204A	0.0643126332928405	4.46571679537594	0.279624530646344	0.785340065330471	0.904853991723946	-6.74719264170587
SLC16A13	-0.104487297908435	3.0718622745378	-0.279583838863595	0.785370423847729	0.904853991723946	-6.548746663662
ZKSCAN7	-0.0643023357067754	3.52919673451935	-0.279568521602259	0.785381851543394	0.904853991723946	-6.61548381850658
ANKRD12	0.153133483144018	4.95358064092663	0.279515773605045	0.785421205465347	0.904853991723946	-6.80435952084024
ENSG00000288935	-0.172239547235991	-1.62840296540216	-0.279503854756793	0.785430097898563	0.904853991723946	-5.99692232958757
COX11P1	-0.16788311494231	-3.17915136358806	-0.279373764220271	0.785527158150775	0.904922129722201	-5.84312388841968
MED7	-0.0636452631782207	3.63432470167065	-0.279132973651053	0.785706821583686	0.905044557889348	-6.6311030492807
ENSG00000279696	0.128988249586477	-0.249177245304202	0.279112340955459	0.785722217071672	0.905044557889348	-6.14998434020459
ENSG00000231125	-0.216310291610049	-3.23060877085975	-0.279038976163805	0.785776960423309	0.905044557889348	-5.83841625833342
TTC39C	-0.103701319086307	4.36787392718621	-0.278989065582404	0.785814203406587	0.905044557889348	-6.7347948162769
ASH1L-AS1	-0.122895158695765	1.96310420449223	-0.278977230356373	0.785823034865755	0.905044557889348	-6.40099096594695
ENSG00000299241	-0.210995090758546	-0.718244724789583	-0.27891984630463	0.785865855361057	0.90505020121127	-6.09757657281786
ENSG00000290055	-0.173130294780926	-4.04227968711408	-0.278676150185376	0.786047711913472	0.905165639659459	-5.76519347100732
SMCR8	-0.0827799155752427	5.36067608568248	-0.278666945343157	0.786054581227452	0.905165639659459	-6.84336226497055
MTREX	-0.0619826817859686	7.3020282949641	-0.278617249914967	0.786091667854653	0.905165639659459	-6.9450493026839
ARFGEF1-DT	-0.0981546542785081	0.508945033618071	-0.27858224238134	0.786117793558523	0.905165639659459	-6.23304446684533
RAB35-AS1	-0.102089287734912	1.90309133096453	-0.27844456165109	0.78622054573419	0.905227030934566	-6.3937417146503
TMTC1	-0.0628419141752001	4.51893642198858	-0.278394584557725	0.786257845080732	0.905227030934566	-6.75436574988354
ATPAF2	-0.0611922271338661	3.8022654287212	-0.278264021719029	0.786355290561632	0.905227030934566	-6.65598046313401
ENSG00000255639	-0.116234624822846	-0.412275773672302	-0.278253400440933	0.786363217914596	0.905227030934566	-6.13216454898215
ENSG00000278925	0.23147982617048	-2.26664762948713	0.278218724251248	0.786389099195551	0.905227030934566	-5.93142087044714
SLC6A3	-0.108626214755228	0.801784087397129	-0.278128918638139	0.786456128709914	0.905227030934566	-6.26557715349307
CBX8	-0.129289763056251	0.801087822979932	-0.27810907138472	0.786470942637651	0.905227030934566	-6.26550537533062
FAM169A-AS1	0.130342773370808	-0.477388837173672	0.278055627571148	0.786510833375503	0.905227030934566	-6.12493997324931
AQP1	0.21027213423911	-2.28670882993051	0.278006906928997	0.786547199276652	0.905227030934566	-5.92947901267359
ENSG00000261071	0.138677011782734	-0.113508967223262	0.278002631714913	0.786550390393473	0.905227030934566	-6.16520379982085
BTN1A1	-0.134774353058525	-0.754304294424878	-0.277812094232941	0.786692616089706	0.905316412876368	-6.09383756817339
ENSG00000267940	-0.152076693681232	-1.68889441521701	-0.277643075056939	0.786818786426114	0.905316412876368	-5.99102361519471
VPS33B-DT	0.126678842581886	-0.614988479774569	0.277629823902141	0.786828678491623	0.905316412876368	-6.10958834480593
TXLNA	-0.061951357693248	6.28971116278687	-0.277616802481005	0.78683839909822	0.905316412876368	-6.90473769673777
FOXP4	0.0954776147297505	5.35422288009638	0.277599815250431	0.78685108027436	0.905316412876368	-6.8431296694256
ENSG00000234740	0.158793155833042	-2.31015614470645	0.277558739964564	0.786881743748703	0.905316412876368	-5.92727089740776
DNAH8	0.163356200676094	-3.36079089540106	0.277512002999306	0.786916634236598	0.905316412876368	-5.82677149261029
TAGAP-AS1	0.15338165837	0.139155201501829	0.27741935469456	0.786985800316475	0.905316412876368	-6.19297374468725
POMGNT2	-0.0715640818554419	4.74133994064375	-0.277393769663073	0.787004901021675	0.905316412876368	-6.78155650337402
SAMD1	-0.0700977821382844	6.5438267893796	-0.277390460587894	0.787007371448397	0.905316412876368	-6.91663580415166
PLCG1	-0.0700124877530017	7.53607856733562	-0.277238878175178	0.787120539625844	0.905340216821016	-6.95306892477267
HMGB1P31	-0.209627669891768	-1.85676372684087	-0.277207371601495	0.787144062408422	0.905340216821016	-5.97348539061928
ENSG00000260988	-0.236684295962147	-2.95661489023797	-0.277115882777871	0.787212369159281	0.905340216821016	-5.86471214507406
EMC9	-0.0604876632874456	4.20006737638206	-0.277114514337992	0.787213390868695	0.905340216821016	-6.71277954484302
MIR3936HG	0.186046647538024	-1.80495050335084	0.277105449768054	0.787220158700571	0.905340216821016	-5.97892656078044
TMIGD2	0.21864389174562	-0.096074461275663	0.277057899846291	0.787255660950407	0.905340216821016	-6.16738280233378
NAE1	-0.0461798677800953	7.46985309935881	-0.276982110520936	0.787312248670339	0.905361668947964	-6.95103545138564
LY6G5C	0.155311051056134	-0.615421634877408	0.276710384286791	0.787515142338426	0.905550121038651	-6.1098046090697
TXNDC16	0.0587496969286727	5.18074485402972	0.276661009270942	0.787552011664611	0.905550121038651	-6.82784534745492
ENSG00000267939	-0.134860442213	1.07433244146265	-0.276336754286859	0.787794153072543	0.905784904681684	-6.29679204430953
ENSG00000289537	-0.146089399109548	-1.44900780174424	-0.276194785008682	0.787900177825205	0.905822889987788	-6.01715406666956
STEAP4	-0.265251016555046	-3.3050750027626	-0.276190877380063	0.787903096164012	0.905822889987788	-5.83229066257006
ABCA9-AS1	0.169115844635303	-1.27314783254061	0.27607704930892	0.78798810802014	0.905823358866293	-6.03636114538124
ADGRA3	0.0493944838295413	6.41767817776325	0.276063187990237	0.787998460467065	0.905823358866293	-6.91134508022653
INSL3	0.162684728986912	-0.793269900988349	0.276037878902181	0.788017362891895	0.905823358866293	-6.08992469946538
ARHGEF40	0.101781497675762	6.51642073711486	0.275883892328537	0.788132372887678	0.905911931405809	-6.91588859994358
MOSPD2	0.0735691499766338	4.44691120267565	0.275645689009842	0.788310293448732	0.906055867583327	-6.74597238464635
WIZ	-0.0849259733259649	6.15860442407249	-0.275598159694557	0.788345795915555	0.906055867583327	-6.89858674066573
SEC14L2	0.155486158109656	1.27024947732819	0.275563770279927	0.788371483726608	0.906055867583327	-6.31944793228121
LENG8	-0.102670885514677	6.23920577557303	-0.27523554522709	0.788616670861002	0.906169683110044	-6.9028867706935
ENSG00000274528	0.165876071660937	-0.7492315850373	0.27519940228749	0.788643671445263	0.906169683110044	-6.09516090804353
ENSG00000242880	0.138980168128738	-1.64191038142222	0.275198087979606	0.788644653304528	0.906169683110044	-5.99671056302078
ENSG00000298497	0.248851248762356	-2.54035367398464	0.275177611576926	0.788659950337748	0.906169683110044	-5.9052888688258
FAM181B	0.126106103683844	0.128038548818078	0.275177071878684	0.78866035352419	0.906169683110044	-6.19241116157021
BUD13	-0.0483261574527223	5.44514996715801	-0.275034730950499	0.78876669287688	0.906222127982471	-6.8515066505275
SINHCAFP2	0.0986012197742481	4.03626271263192	0.275014326577527	0.788781936846183	0.906222127982471	-6.69056013593921
INAVA	-0.1062666453574	5.25274113847601	-0.27491638238786	0.788855111586646	0.90626257271906	-6.83504855519171
ZNF609	0.0480069983327356	6.88756064705118	0.274730488343746	0.788994000139189	0.906281478033304	-6.93143481355888
ENSG00000291138	0.139902228261844	0.186081323006835	0.274723282264315	0.788999384232494	0.906281478033304	-6.19887535260723
TMEM225B	0.159274341838004	-2.16605437106661	0.274717419674931	0.789003764532531	0.906281478033304	-5.94248576154351
TMEM248	-0.0672623041912477	6.38578160518423	-0.274691064328876	0.789023456322706	0.906281478033304	-6.91026560545294
ENSG00000286689	-0.170227234151365	-1.91817101037165	-0.274603444070045	0.789088924223604	0.906292746506574	-5.9678337783058
ENSG00000279759	0.257158729659272	-1.54564349129232	0.274338116301333	0.789287181675303	0.906292746506574	-6.00725705003511
H2BC8	0.146017277839979	-1.02683174983624	0.274308658808856	0.789309193788267	0.906292746506574	-6.06415037575966
TIGD1	0.084426773457559	2.7819525928181	0.274252586069015	0.789351094682009	0.906292746506574	-6.50941485076022
NOD2	-0.173578418884408	0.0486652489258057	-0.274244239369335	0.789357331893608	0.906292746506574	-6.1840210868857
ENSG00000287043	0.218928129591268	-2.82728502184598	0.274225900239067	0.789371036171533	0.906292746506574	-5.87783757103462
ENSG00000279317	-0.166558192199732	-3.83648935211106	-0.274225630229304	0.789371237942231	0.906292746506574	-5.78454984901089
ENSG00000289145	0.151399475752832	-1.56104977722304	0.274172557028824	0.7894108983677	0.906292746506574	-6.00565035907327
ENSG00000290484	-0.11134549331028	1.75760857642687	-0.274118130054683	0.789451571091389	0.906292746506574	-6.37731670878703
ENSG00000272182	-0.212014852475806	-3.28819406601391	-0.274098794144483	0.789466020779442	0.906292746506574	-5.83443423792227
DDX55	-0.052052578262705	5.13728578792175	-0.274024242548273	0.789521733823342	0.906292746506574	-6.82449555164264
TLR6	0.202864175587332	-1.95574784971609	0.273971047134112	0.789561487968492	0.906292746506574	-5.96411809136836
HACE1	-0.0571951131729183	4.65182758782137	-0.273962328274974	0.789568003830828	0.906292746506574	-6.77195654565998
SLC25A28	-0.0612688650587883	3.5377592535212	-0.273917433721409	0.789601555132344	0.906292746506574	-6.61841615240722
ENSG00000270039	-0.14462862428914	-0.876564830720918	-0.273915692683743	0.789602856280961	0.906292746506574	-6.08114283334662
CCZ1	0.0761598791408185	5.45842876411057	0.27353243937019	0.789889293600329	0.906514833019055	-6.85300398209881
MIF-AS1	0.335837089175936	1.17089192205005	0.273529773032905	0.789891286492314	0.906514833019055	-6.30861960195208
HSP90B1	-0.0521464103964515	10.0306758178515	-0.273493016326853	0.789918759601472	0.906514833019055	-7.01448116959812
ZFYVE26	0.0744130297766308	5.34224283820977	0.273453526665851	0.789948275741832	0.906514833019055	-6.84333612492885
EIF4E2	-0.0601254784451317	6.73316213876134	-0.273349966363221	0.790025682473154	0.906560073252886	-6.92579071044051
PIP4K2C	0.0817744161377014	5.43712804862461	0.273236705230099	0.790110342878969	0.906581626979284	-6.85138456726204
SLC6A9	-0.0794946943599681	4.66573069066651	-0.273194801112112	0.790141666083177	0.906581626979284	-6.77386072955132
ENSG00000287234	-0.135136662185976	-1.80940860918691	-0.273172388291792	0.790158419760467	0.906581626979284	-5.97956985297169
ENSG00000301627	0.23585843561202	-3.9990894099822	0.273037674888942	0.790259120949684	0.90661085528495	-5.77051582910541
ENSG00000275613	-0.156101910309018	-0.536598859154223	-0.273036677569118	0.790259866482931	0.90661085528495	-6.11974305796563
CSRP1-AS1	0.254869526124853	-3.68584714804282	0.272520148997073	0.79064602030095	0.907003832169559	-5.79849641316594
ENSG00000286971	-0.190134564131829	-0.32193526274567	-0.272476820604625	0.79067841505509	0.907003832169559	-6.14386148188026
PRRG3	0.089969807061514	2.75233862547005	0.272401454085423	0.790734764315931	0.907024877201343	-6.50585628834677
ZNFX1	-0.0781093287029568	4.31560491908735	-0.271953253692076	0.791069896191768	0.907346741754115	-6.72992315162824
RBMS1	-0.0785879414722883	6.14292832440455	-0.271924502154778	0.79109139603475	0.907346741754115	-6.89883971097105
MACF1	0.0834933420373112	7.65935268599086	0.271645782249118	0.79129982687812	0.907542189721292	-6.95854667116185
NAA20	-0.0684497204453525	4.75473249006432	-0.271384232397996	0.791495433346524	0.907631577923261	-6.78485803981168
CCSAP	0.0907195113900512	4.96486058674721	0.271381725819515	0.791497308025926	0.907631577923261	-6.8079555719684
PLOD1	-0.0734852441213665	6.58637726941171	-0.271338244602254	0.791529828011783	0.907631577923261	-6.9202688152501
MILIP	0.131759930390601	0.222502968931324	0.271277263077048	0.7915754373368	0.907631577923261	-6.2038256542995
ENSG00000298670	0.192353609875215	-4.34187119929951	0.271238029915356	0.79160478105244	0.907631577923261	-5.74417945421501
GABRA2	0.172487680670429	1.89271677224739	0.271236482848459	0.791605938159408	0.907631577923261	-6.39457373677026
HMGB3	-0.090988464079631	8.51127439570405	-0.271083172671264	0.791720606978608	0.907644548869304	-6.98226558675559
SVBP	0.055652549732736	4.2595557247592	0.271082883413662	0.791720823334633	0.907644548869304	-6.72261976901203
PITPNA-AS1	0.0813170770973812	3.13745568663818	0.271068824784736	0.791731338790382	0.907644548869304	-6.56071610049835
ENSG00000285747	0.149794771151386	-3.06486590223287	0.270972736851814	0.791803211008606	0.907661664645108	-5.85617673527508
LENG8-AS1	0.128132786142952	1.0990833030043	0.270947178319245	0.791822328720651	0.907661664645108	-6.30116543079357
NDFIP2	0.0579942534219944	4.71274361541426	0.2708621733916	0.791885913210662	0.907670619002589	-6.78015325745332
LHFPL2	-0.0601171659483901	5.87215883337555	-0.270835051458001	0.791906201009381	0.907670619002589	-6.88335404609725
KCNF1	0.159113822044819	1.41199023044653	0.270761197866582	0.79196144593217	0.907674150425791	-6.33729013007781
ENSG00000297327	0.183052432140968	-3.33233000426233	0.27069041607062	0.792014394180666	0.907674150425791	-5.83127700339719
STOX1	-0.0805233627549797	2.68076987091577	-0.270678412484404	0.792023373560461	0.907674150425791	-6.49654268929547
CRIPTO3	-0.167484377082659	6.25561575492783	-0.270507499268011	0.792151230024207	0.907751789499472	-6.90512054465463
IQCE	-0.0743050504476805	3.67945712785887	-0.270348084573947	0.792270490500997	0.907751789499472	-6.64032436531692
TOMM40L	-0.0957239136351413	4.70284439129677	-0.270300790085323	0.792305873281154	0.907751789499472	-6.77915179647423
USP53	0.0891189781992088	4.85842695879731	0.27027822309078	0.79232275666964	0.907751789499472	-6.79688632095212
BICD2	0.0835290768857293	5.45416447918775	0.27027327519472	0.792326458429296	0.907751789499472	-6.85362388992593
CLEC4C	-0.205122589871978	-3.53048500683049	-0.270267803548326	0.792330552038117	0.907751789499472	-5.81318919913192
Metazoa_SRP	-0.251047678275309	-2.29916561221745	-0.27020268646254	0.792379269851554	0.907751789499472	-5.93041764808237
AMZ2P1	-0.083326259011383	2.80130644593982	-0.270155047501959	0.792414911872448	0.907751789499472	-6.51328648351336
ENSG00000278997	-0.25457692852594	-2.36845541766989	-0.270130304339077	0.792433424151402	0.907751789499472	-5.92357061014989
ZMIZ1-AS1	-0.196063937781141	-2.52068839722762	-0.270018759270573	0.792516881341685	0.907803820646093	-5.9086370175273
CCDC43	0.0564567841324664	5.36473082629546	0.269959358762877	0.792561325477692	0.907811160684171	-6.84628575496968
FAM50A	-0.0897043940636255	5.08451280431073	-0.269788551778813	0.792689129535598	0.907913977091186	-6.82064628246274
INSIG2	-0.164033771144157	4.40884881981122	-0.269624834898909	0.792811634542896	0.90800117171671	-6.74285752681696
UQCR11	-0.0947436685789924	5.01727044898865	-0.269585128645415	0.792841346569583	0.90800117171671	-6.81391677498986
CIBAR1P1	-0.0781077504396599	2.03040605174939	-0.269466184050276	0.792930354397034	0.908059534974042	-6.41211525322713
SRSF4	-0.0510902403218347	6.6254096893951	-0.269323411325598	0.793037197238281	0.908138316211787	-6.92252767399977
HCG15	-0.0969228802779172	0.967196966459546	-0.269067633947628	0.79322861741637	0.908313938102792	-6.28674985993613
ENSG00000255959	0.18229327577111	-1.91122823686585	0.269013425418866	0.793269188158616	0.908316816051703	-5.97011174739427
VKORC1L1	0.0513567068601608	6.30723094063621	0.268942357430491	0.793322377833097	0.908326455832319	-6.90817084160538
PIK3R4	-0.0631024367076121	5.92122822077088	-0.268856643291611	0.793386530653875	0.908326455832319	-6.88700368499439
ENSG00000274447	-0.22678612556835	-3.9561759710735	-0.268849629129528	0.793391780480846	0.908326455832319	-5.77541290369496
TCIM	0.237807690298744	-3.48928522856509	0.268693353009148	0.793508749864993	0.908416794561962	-5.81737573895656
NMUR1	-0.117717864628332	0.550446129693333	-0.268528547546078	0.793632109082946	0.908514439420723	-6.24050826537732
ENSG00000279384	0.164820377364233	-2.66595606348078	0.268205584294394	0.793873868896117	0.90868962985053	-5.89500966726592
COPRS	-0.0789915719327663	4.86562483012738	-0.268195217595676	0.793881629448775	0.90868962985053	-6.7982911080192
URB2	-0.094256125756492	5.42319918023846	-0.268097455278819	0.793954815871925	0.90868962985053	-6.85174276937745
CCDC116	0.144032201045975	-2.25267552013154	0.268042908295357	0.793995651519026	0.90868962985053	-5.93565151629349
MTFMT	-0.0608087383559282	4.51039800856895	-0.268036817660272	0.794000211207074	0.90868962985053	-6.75633225864176
MT1X	0.379758343271432	3.80455154078445	0.268018953734682	0.794013584888457	0.90868962985053	-6.65932088635594
NAA80	-0.0949724343995424	3.33605160985085	-0.267930575923368	0.794079749238896	0.908721776711005	-6.59048294632517
ENSG00000304501	-0.24018611239779	-1.80176174477633	-0.267757746532278	0.794209143488504	0.908803247848968	-5.98187407860343
EMG1	-0.0620947445288582	4.3367506167382	-0.26773376597069	0.794227097818485	0.908803247848968	-6.73399483504238
ENSG00000226723	-0.0949262230099972	1.89672539198938	-0.267664511896726	0.794278949290319	0.908806020497589	-6.3960875572578
SHLD1	0.074212540511351	2.04084704405686	0.26762881457194	0.794305676774614	0.908806020497589	-6.41393967073054
ZNF10	-0.0686947036368033	3.40898101912766	-0.267490304047128	0.794409385721119	0.908838202780272	-6.60131807965434
AEBP1	-0.0825576086724267	5.82065294825096	-0.267350644061532	0.794513959560924	0.908838202780272	-6.88107177850482
RAD52	0.0767338088062921	3.09898516226117	0.267320591349026	0.794536462823167	0.908838202780272	-6.55623769028792
CNTF	-0.195481681075864	-1.70636973031607	-0.267291932674821	0.794557922422805	0.908838202780272	-5.99206986788744
ENSG00000284523	0.152190546267486	-1.22735721649176	0.267130529548695	0.794678784342021	0.908838202780272	-6.04389374280483
C2CD4D	-0.169674672437488	-0.665013159497024	-0.267097578919292	0.794703459136912	0.908838202780272	-6.10692523024139
DYNLL2	0.0466579229481425	6.93854316828102	0.267095803232757	0.794704788851196	0.908838202780272	-6.93559290086999
ZYG11B	0.0505401557247094	5.36735821306881	0.267052759885677	0.79473702186404	0.908838202780272	-6.84735284296697
C1RL-AS1	-0.202383784673768	-0.0137063731489549	-0.267013453541258	0.794766456775087	0.908838202780272	-6.17925480295635
ENSG00000284968	-0.158070511894887	-0.217136875429938	-0.267000592329449	0.794776088082849	0.908838202780272	-6.15697120819942
ENSG00000291008	-0.195634860602329	-0.140301047890636	-0.266981429030289	0.794790438868367	0.908838202780272	-6.16540848959508
SNHG19	-0.0961418870741007	2.74029515791163	-0.266981005831249	0.794790755789577	0.908838202780272	-6.50576081853859
GPR137C	0.092096209938402	2.43558628869934	0.266800108821004	0.794926227769732	0.908949565380166	-6.46476577753229
ENSG00000293337	-0.445225409137569	-1.60757444579514	-0.26664845862531	0.795039802592922	0.909035880448657	-6.00276654296056
IFT70B	-0.0644203287001157	2.65964740354616	-0.266494653516869	0.795154996401277	0.909085802277486	-6.49486304283262
RCN2	0.0682960482385635	7.46680497712044	0.266444267705467	0.795192734456605	0.909085802277486	-6.95403217188023
ARPC3P1	-0.121180481793262	0.441012105481107	-0.266437593940269	0.795197733026651	0.909085802277486	-6.22906451972701
ENSG00000245261	-0.230474183053279	-4.00987929177735	-0.266207576782445	0.795370019038489	0.909239210862708	-5.77139836979074
TMED7	0.088598006616186	6.07352131447166	0.265742999134922	0.795718029146371	0.909593476777452	-6.89680172608853
FRMD3	-0.139545754233814	0.760939042163791	-0.265638575408405	0.795796258285114	0.909639334123123	-6.26460983262117
SNX18P7	0.167784911144859	-1.17196107904481	0.265564890955624	0.795851460490104	0.909658867272511	-6.05043788810154
FBXL3	0.0622351089933955	3.94952554616335	0.265498932589643	0.795900875539152	0.909671784143901	-6.68096698877915
ENSG00000274460	-0.138314838525772	-1.50707436317403	-0.265327412553371	0.796029380273382	0.909766702837212	-6.01391019050228
SPATA31C1	0.259281614358142	-3.43287558553792	0.265286331905938	0.796060159301644	0.909766702837212	-5.82345929557346
TDRD10	0.285427797970502	-2.49028581284792	0.265189241858029	0.796132903944807	0.909806273327781	-5.91292363199326
ADAMTS5	0.129598178854795	0.991433965072329	0.265133217169365	0.796174881328595	0.909810681445446	-6.29059660942939
AGAP1	-0.0465250504642043	6.18188351044266	-0.26498743530281	0.796284113882823	0.909891939773129	-6.90290539753616
ENSG00000307452	-0.217936283515306	-3.17596221123408	-0.26482022809122	0.796409405848443	0.909991540089275	-5.84740714735568
SCD	0.0959973291996334	10.97291152497	0.264732664496827	0.796475021549608	0.910022946973263	-7.03325643171748
SCN9A	0.0866546988036707	2.39986285881222	0.264638543844733	0.796545552625449	0.910044429708315	-6.46068198930048
ENSG00000257199	0.159133064601888	0.546540924944396	0.264605809162951	0.796570083422148	0.910044429708315	-6.24117852083641
RCOR1	0.0491279837736229	5.84532725887947	0.264471027539074	0.796671088848843	0.910102120488738	-6.88348601705311
DOCK8	-0.125502229760998	1.3149144988993	-0.26443665916372	0.79669684515738	0.910102120488738	-6.32779017920386
EIF5A2	-0.0781352156127979	2.58307238139887	-0.264166072715928	0.796899636656061	0.910290209058592	-6.48515361664429
CLDN10	0.068985161120704	5.05468518911471	0.264108655827428	0.796942669879426	0.910295798134112	-6.81931617951917
HSPA1B	-0.109407716669659	3.4008342422032	-0.264047954378888	0.796988165612272	0.910304199304561	-6.6010966017985
RBBP4P1	-0.0573265242323169	4.82732988949062	-0.263995037587133	0.797027827393919	0.910305936565568	-6.79520422092132
NCK1	0.0485680993926465	4.89990451133008	0.263805837530937	0.797169640087354	0.910424337255473	-6.80328466557634
PRKAG2	-0.113238952780744	4.01506287494627	-0.26374039268876	0.797218695301644	0.910436796055521	-6.69084999976947
MIR670HG	0.160711861789452	-1.0643988597961	0.263621579343161	0.79730775607932	0.910494938485413	-6.06294338660307
NGDN	0.0561254685287249	5.10945087407499	0.263544465807553	0.797365560906053	0.910517383959847	-6.82486162922614
ENSG00000289109	-0.0781170990274753	1.10637614450246	-0.263427933567772	0.797452916689863	0.910573570119461	-6.3041190569927
LINC01164	0.198372934466447	-3.43621139796525	0.263215876955032	0.797611887681673	0.910682144117426	-5.8237012965923
SRBD1	0.048762602730088	5.56720604827526	0.263199299480291	0.797624315608609	0.910682144117426	-6.86448528537724
WASHC1	0.0932945009935295	2.02728911682413	0.26298759787768	0.797783030868709	0.910819784632551	-6.41356152781174
ENSG00000251095	-0.178385927150725	2.59641067306952	-0.262670952544339	0.798020441699319	0.910931925383087	-6.4873719033086
CFLAR	-0.0977980210340776	3.11077521335656	-0.262643470330421	0.79804104802514	0.910931925383087	-6.55926610581898
ENSG00000291029	-0.237921426804761	-2.63567494193827	-0.262623262263548	0.798056200256151	0.910931925383087	-5.89944654128492
SHPK	0.10369471727825	3.05346123324205	0.262547146010979	0.798113273847409	0.910931925383087	-6.55104218872749
PCDHGA7	-0.193076025221857	-2.83622744529959	-0.262491619223957	0.798154909802423	0.910931925383087	-5.88016851455538
HSPH1	0.0922772612684009	7.20354791605323	0.262256487616482	0.798331227156897	0.910931925383087	-6.94649579267047
LHX6	-0.101608884378808	1.12613424708094	-0.262252672599312	0.798334088008874	0.910931925383087	-6.30669837791178
NBR1	-0.0480250485381468	6.33603116230241	-0.262234418572167	0.798347776606358	0.910931925383087	-6.91150173146967
ENSG00000273784	0.0800844980787852	2.21275210656239	0.262180299746087	0.798388360444984	0.910931925383087	-6.43717619790221
ENSG00000299595	-0.138311177347994	-0.876600954144252	-0.262157818410397	0.798405219437625	0.910931925383087	-6.08441061957389
ZBTB6	0.0610740444005549	4.12520481452609	0.262091602263795	0.798454876259446	0.910931925383087	-6.70672869193736
ADAMTS8	-0.130072563362977	3.51841741820725	-0.262091425874755	0.798455008538394	0.910931925383087	-6.6189788290726
HUS1B	-0.223611621193329	-3.3934935525162	-0.262087484775345	0.798457964077991	0.910931925383087	-5.82793030718523
CEP20	-0.0514735469966894	5.70000915093945	-0.2620830653261	0.798461278349336	0.910931925383087	-6.87442030036161
ZFAND5	0.0625227125600798	7.51081828213472	0.262023100477523	0.798506248117448	0.910931925383087	-6.95670495051277
ELOVL4	-0.0648153712705968	4.31839375630665	-0.261932490044468	0.798574201558706	0.910931925383087	-6.73317717041609
ENSG00000279668	0.288704482672058	-2.41754036497464	0.261884050809773	0.798610529362787	0.910931925383087	-5.92096079628205
ENSG00000305635	-0.139894627722585	-1.66147490211517	-0.261862256079928	0.798626874844323	0.910931925383087	-5.99831214927124
ZNF30	0.0800798955908686	2.87491739204695	0.261842927388548	0.79864137094615	0.910931925383087	-6.52592380583737
ENSG00000263571	-0.21418377665607	-0.00612619449748493	-0.261719168267722	0.798734189514493	0.910931925383087	-6.18155230061924
ENSG00000299865	-0.207843976267764	-4.30970379738896	-0.26171079329857	0.79874047080755	0.910931925383087	-5.74850561740372
ENSG00000289210	0.189984061696818	-2.08513503043002	0.261675121589817	0.7987672250392	0.910931925383087	-5.95425390415225
KNSTRN	0.0516154499428039	6.30304254834492	0.261637221604931	0.798795650804448	0.910931925383087	-6.9100563226325
PROKR2	0.0774065276794311	1.98857093285192	0.261631227185131	0.79880014677028	0.910931925383087	-6.4091294171736
ADA	-0.108368687977946	4.63669166174803	-0.261584185347598	0.798835429600202	0.910931925383087	-6.773701360611
HDAC4-AS1	0.183252053773113	-1.44683763325965	0.261451264679995	0.798935126761699	0.911002086399192	-6.02147598292872
MED4	0.046603002937383	5.68742038293793	0.261268389662784	0.799072298363436	0.91111496966559	-6.87377299545718
ENSG00000249863	0.105683126047667	-0.444699457918251	0.26114579766868	0.799164256643432	0.911176291659523	-6.13335247707936
ZDBF2	0.0983228619763707	5.53193531306896	0.261075045517038	0.799217330462434	0.911193275348568	-6.86236021576483
CTSK	-0.125299653806109	4.00178919606653	-0.260832502719232	0.799399278943843	0.911357181301776	-6.68978804948145
ENSG00000261114	0.20647172911334	-3.95748990833981	0.26073794617532	0.799470215886673	0.911394518655294	-5.77743217225672
POLR1C	-0.0618444591033143	4.77215801390053	-0.260646101295146	0.799539120347517	0.911414592059124	-6.78991404170004
DIP2B	0.0531189078301644	5.83713327682075	0.260596979919308	0.799575973242599	0.911414592059124	-6.88405710470984
SLC4A1APP1	-0.0704431423334282	2.5430815580916	-0.260561774865372	0.799602385851846	0.911414592059124	-6.48080599060484
SRPK2	-0.0411764761864983	6.35655072550165	-0.260498929223554	0.799649536482735	0.911424808368359	-6.91297190169878
TAS2R19	-0.19752817593985	-2.67088425684353	-0.260428610629215	0.799702294775991	0.911437823605502	-5.89661865800831
ENSG00000270248	-0.146329798200403	-3.96170855836192	-0.260362516243244	0.799751884711347	0.911437823605502	-5.77715789805463
PTPRH	-0.139283430524803	0.392967327212002	-0.260324883847934	0.799780120324798	0.911437823605502	-6.22549546816903
RSBN1L	0.0584017368118701	4.63071861948972	0.260280118265013	0.799813708366934	0.911437823605502	-6.77334812843971
CCDC144CP	-0.220533014233656	-2.26791745876692	-0.260186149263903	0.799884215589362	0.911474651395145	-5.93624569078674
TRIM23	-0.0775130156509554	3.71441282342338	-0.260108684029862	0.799942341048524	0.911490483289438	-6.64834197563638
ARIH2OS	-0.133201520876956	0.0929321629407805	-0.260065839024505	0.799974490026558	0.911490483289438	-6.19282054472771
C14orf132	-0.0888386071321499	6.10446130323098	-0.25988617706212	0.800109304590351	0.911528063341226	-6.90019447745099
ELMOD3	0.059624577478111	3.18123805361691	0.259874045845363	0.800118407848131	0.911528063341226	-6.5702038022585
PPP1R2B	0.106180208161381	1.10166643775732	0.259869194492294	0.800122048309326	0.911528063341226	-6.30456681088145
XPNPEP1	-0.0606067488937319	6.22769623386809	-0.259703522639922	0.800246371670707	0.911616102533676	-6.90678467948089
ENSG00000260949	-0.171287877583505	-2.48411584987694	-0.259613146509873	0.800314194125631	0.911616102533676	-5.91501636041827
CIZ1	0.052137420094069	6.64884375646221	0.259537839818392	0.800370709097968	0.911616102533676	-6.92630989906688
ENSG00000227486	-0.124391263665069	0.259383209334954	-0.259522492663215	0.800382226735539	0.911616102533676	-6.21112006477687
OPALIN	-0.174105950990133	-0.683238104381788	-0.259500741087102	0.800398550808807	0.911616102533676	-6.10695174648833
KC6	-0.130316009306859	2.138020823052	-0.259460832634532	0.80042850147466	0.911616102533676	-6.42844519935
ADAM19	-0.0522939885884508	5.4658885592271	-0.259298814975967	0.800550096652058	0.911711082540185	-6.85768437230287
ENSG00000272572	0.122920244747459	0.174767086327961	0.259217679099596	0.800610991684157	0.911736928071656	-6.20198541737338
MAPKBP1	0.105385832937531	3.91281913630798	0.259036658093399	0.800746858688043	0.911848145250609	-6.67750628775365
ATOSA	0.076122592259309	3.09165671947083	0.258798026235457	0.800925976670667	0.912008601393073	-6.55758132754347
TFDP2	0.0431042362434129	6.06908744304336	0.258729760752718	0.800977219222192	0.912023438346265	-6.89853772993179
CHRNE	0.120618418221843	-0.611809756608225	0.25863800092882	0.801046099034897	0.91205835538908	-6.11524951514503
GBF1	0.0673866149930698	5.97282856331874	0.258421609008881	0.801208541398087	0.912185998450233	-6.89309821167212
LINC02976	-0.148106113834339	0.401843740664449	-0.258337410642718	0.801271750602366	0.912185998450233	-6.22700959406572
ZNF671	-0.0877498583317369	3.0840916721387	-0.258335926856456	0.801272864520432	0.912185998450233	-6.55661990362797
SNX5P2	0.173601755382147	-1.20691747430541	0.258262682449495	0.801327851636227	0.912205086091855	-6.04855565895026
ZBTB44-DT	-0.103052050980796	-1.13772691070909	-0.258181170995756	0.801389046444438	0.912231238207154	-6.05623930849002
GCK	-0.170154124272038	1.65839241308565	-0.258084731876135	0.801461450027254	0.912267514352517	-6.36993556386229
RGPD4	-0.102038264468223	0.103589274329472	-0.258017674456575	0.801511795874243	0.912267514352517	-6.19453978347425
LPL	0.21846432839471	3.05766393041736	0.257985991058745	0.801535583691804	0.912267514352517	-6.55291623792097
ZMAT5	0.0826470140843694	3.73764013931614	0.257790204947356	0.80168258412856	0.912391313499421	-6.65238480538076
LRRC24	0.235895194030124	-1.38405995096245	0.257642029968068	0.801793842480287	0.912474424874929	-6.02930501711392
SMIM30	0.0499232741061846	5.21033897651566	0.257437327390398	0.801947552645504	0.912605837934022	-6.83617655255406
ENSG00000260077	0.0922612061849319	2.7691705718838	0.257230379850658	0.802102957522973	0.912648628861691	-6.51247556764683
RNF213	0.10254025499601	5.85646205245259	0.257191208529609	0.802132373792342	0.912648628861691	-6.88625364883275
DNAJC11	0.06244869350245	6.89276504893992	0.257159821089569	0.802155944877111	0.912648628861691	-6.93668301746145
TMX2	-0.0740010012854429	6.51416736306409	-0.257155679061157	0.802159055439463	0.912648628861691	-6.92118323760248
NPM1P5	0.208510479086793	-4.17810106726258	0.257132650204875	0.802176349614972	0.912648628861691	-5.75912523092162
ENSG00000279656	0.136309260607948	-0.957684560094603	0.25704361370629	0.802243215160138	0.912681196254684	-6.07666382871258
DOP1B	0.0672185810657937	3.94530592109503	0.2569842300352	0.802287812647955	0.91268433293225	-6.68275040793894
RPGRIP1	0.0979852241654817	-0.607032108787662	0.256916540138286	0.802338649065798	0.91268433293225	-6.11625201220624
SEC16A	-0.0683454128392587	6.40228063451517	-0.256887187748538	0.802360693576255	0.91268433293225	-6.91614744440278
RNFT2	-0.0640354590096091	3.82097591220066	-0.256680368708954	0.802516025913507	0.912765705684333	-6.66492167089355
FBXL20	0.0966384064657859	3.97059758103677	0.256652410458486	0.802537024769153	0.912765705684333	-6.68648564180436
TPP2	0.0548918058501986	6.80488274992776	0.256639180389842	0.802546961653569	0.912765705684333	-6.93343739334246
JSRP1	-0.155683898210424	-0.475754490886087	-0.256571816259561	0.802597558301624	0.912779754311677	-6.1311115154188
RHOA	0.110376231184336	8.69847453284194	0.256498296777664	0.802652779272605	0.912799060508851	-6.99102673870713
NEPRO	0.0450944103904911	5.90476156073299	0.25643403135897	0.802701050385691	0.912810461671207	-6.88950221590481
HNRNPA3P12	-0.15033441729259	-0.42554846353538	-0.256155000995096	0.802910646044476	0.913000591914127	-6.13684020588098
NHP2P1	0.079561849325374	4.02431978707335	0.256109596922604	0.802944753185467	0.913000591914127	-6.69428159842033
CA12	-0.0931537016979695	3.11173252247732	-0.25589515718497	0.803105844280905	0.913140259418434	-6.56127766323842
FASTKD2	0.0693330472273255	6.14136861957063	0.255801553654487	0.803176164007137	0.913176710478198	-6.90335030762604
UQCRHL	-0.0623830678072954	6.20574071611931	-0.255730025852199	0.803229900563144	0.913194304612993	-6.90676229612359
NDST1	0.0721284604202603	7.16089166069809	0.255652668681593	0.803288017744443	0.91321687717951	-6.94686433066163
ENSG00000277687	0.174884210307525	-1.06332007301815	0.255416966104575	0.803465104976863	0.913374692092536	-6.06527016139501
ARHGEF7	0.0502305268781083	6.1278322947132	0.25526640615715	0.803578229235488	0.913420759359565	-6.90276002426719
LINC01977	0.260055004531255	-3.60042465246539	0.255261159573776	0.803582171377751	0.913420759359565	-5.81077171339052
RBMXL1	-0.0700594141558435	5.43631800097554	-0.255143249679232	0.80367076723419	0.913459634785564	-6.85647694675834
ST3GAL5	-0.0795286622342344	1.84822178989797	-0.25511377058221	0.803692917872463	0.913459634785564	-6.39365314760793
ENSG00000280367	-0.242338865299891	-2.46646475547922	-0.254820646093809	0.803913181942071	0.913637498986287	-5.91800398137601
SEMG1	-0.108055095950164	0.81609252923356	-0.254779148519706	0.80394436613228	0.913637498986287	-6.27373335859078
ENSG00000225850	-0.122004431856283	0.904332507419921	-0.254752688872429	0.803964249956425	0.913637498986287	-6.28362717060725
IQCH	0.119504884434862	0.980806067196475	0.254686829313469	0.804013742554446	0.913650240134598	-6.29226343372154
LMNB1-DT	0.208085028010553	-2.9719872702127	0.254579486106803	0.804094411512492	0.913684635469949	-5.86930523483753
PLBD1	0.11219228116914	4.51543613996444	0.254542861960675	0.804121935292217	0.913684635469949	-6.76076666706402
PRRX2	-0.0846354492965529	2.37511092371672	-0.254493732467323	0.804158857530555	0.913684635469949	-6.46025891585847
SNCAIP	-0.0738414686638884	3.55053853411758	-0.254426550645857	0.804209347431892	0.913698505029608	-6.62581561937513
BLOC1S5	0.0483822244867023	4.36530698492045	0.254341918653666	0.804272953194077	0.913727274080495	-6.74153098009056
RHOXF1	0.210719246575881	-0.144677154436834	0.254214952406034	0.804368378361298	0.913792188412067	-6.16841074593109
LYRM4	-0.0461888304438585	5.18524265817458	-0.254131501429788	0.804431100193842	0.913796021535295	-6.83471927965377
ENSG00000293363	0.218118098555158	-3.94383915858586	0.254108582288725	0.804448326495918	0.913796021535295	-5.78033238903292
SNORD3B-1	0.225258051479359	-3.51416253774691	0.253942824488848	0.804572915309444	0.91389404957598	-5.81896298714441
SSTR2	0.0697279850394867	3.70107029350854	0.253742172046174	0.804723739696218	0.91395312940837	-6.64814941795078
POLR2B	0.0503165830666363	7.6573094194108	0.253735776900015	0.804728546872412	0.91395312940837	-6.96357182429244
ABRAXAS1	0.0701934620443074	5.86450732715331	0.253720794945771	0.80473980871148	0.91395312940837	-6.88772153061402
ENSG00000276698	-0.176020162548014	-2.862444742091	-0.253652213534929	0.804791361515001	0.913968187346714	-5.87997183783027
DSCAML1	-0.114035648439684	-0.859806773958881	-0.253591993031823	0.804836630211763	0.913976107592146	-6.0885912224851
CYP1B1-AS1	-0.19143272668027	-2.13928666533716	-0.253308165444092	0.805049998012554	0.91414913304611	-5.95095848743824
FAM219B	-0.0966262959518867	5.13483854945641	-0.253243664130697	0.805098489302924	0.91414913304611	-6.8301698758421
CZIB	-0.0536985305955353	5.10804678465032	-0.253236467354005	0.805103899804301	0.91414913304611	-6.82760056180344
TSPAN19	0.253831430138251	-3.2576721723677	0.253107780109683	0.805200648058347	0.914215383398044	-5.84283396267021
FOXP4-AS1	-0.156583096005626	-0.606639196319667	-0.253007264269147	0.80527621918337	0.914215383398044	-6.11733499892564
TATDN1	0.0499209050292473	4.82929314671347	0.252965463106863	0.805307647293561	0.914215383398044	-6.7984982256908
ENSG00000251468	-0.16264788319409	-0.248042393277901	-0.252955064220524	0.80531546572927	0.914215383398044	-6.15738224298727
ENSG00000255240	0.0832551647550755	1.41972486680595	0.252793654510113	0.805436825008922	0.914309664803231	-6.34317726130512
PGLS-DT	0.118146679229932	-0.69837912800534	0.25266138535051	0.805536278381258	0.914342711450252	-6.10706945127451
ENSG00000263427	0.183932093675248	-4.02572422460433	0.252653035985261	0.805542556402751	0.914342711450252	-5.77350265067911
BACH1	0.0455855242679055	5.84213240240815	0.252536304669658	0.805630330061924	0.914380371276364	-6.88661295887345
DHPS	-0.209974372658875	-0.246422550909773	-0.252488771171979	0.805666072685258	0.914380371276364	-6.15768437029666
ENSG00000287987	0.169647706978159	-2.17551403440479	0.252431392273863	0.805709219141487	0.914380371276364	-5.94753627691744
KLHL18	0.0757785737868408	4.93584697883475	0.252405112069549	0.805728980949144	0.914380371276364	-6.81027605906411
KIF19	-0.17725376395804	0.946645274247005	-0.252299054869269	0.805808733760538	0.91442739866217	-6.28904789518315
HMGB1P6	-0.050189118534008	5.88847483075448	-0.252208707594503	0.805876674870828	0.914449959906672	-6.88963991475194
TMEM106C	-0.0889258315859456	4.24599593165801	-0.252036417337067	0.806006241748665	0.914449959906672	-6.72614547619145
CDK4	-0.0567612024902964	7.72995593180312	-0.252021022373617	0.806017819471403	0.914449959906672	-6.96624495046782
CENPQ	-0.0625132324542079	4.28439456780582	-0.252005980456898	0.806029131734048	0.914449959906672	-6.73134779214253
TPST1	0.0567864871167032	4.32318037044907	0.251991667048766	0.806039896165774	0.914449959906672	-6.73657226956502
SNORD3B-2	0.248277418704238	-2.13121756565582	0.251966927698962	0.806058501550952	0.914449959906672	-5.95212005034345
NTAN1P2	0.174644193337969	-3.2962524073734	0.251766497051461	0.806209241356867	0.91457749719399	-5.839587812674
PPP1R14B	-0.0908051924278146	5.5899724243097	-0.251645462523797	0.806300272978297	0.914637291595676	-6.86940406824066
ATP6V1C1	0.0726772878030495	5.74120134025776	0.251534302465453	0.806383880549618	0.914686571614871	-6.88021773357875
TMEM79	0.0890433415398242	1.7989296071127	0.251485796439185	0.806420364516702	0.914686571614871	-6.38863847554901
ZNF774	0.0904596906541175	1.25686913401501	0.25143429935121	0.806459098752089	0.914687036540232	-6.3246317420142
ENSG00000271155	0.138422597500182	-1.74474282456405	0.251381663280377	0.806498690254419	0.914688473688568	-5.99225111375837
NEIL1	-0.0964539466611058	2.26806976101975	-0.251067592028198	0.806734938470401	0.914881874449037	-6.44729696535156
ENSG00000286797	0.0820443815590286	1.63161315615531	0.251027875822166	0.806764814931843	0.914881874449037	-6.36864788081777
ENSG00000273314	-0.0708922592619126	2.22473351371971	-0.251002089283635	0.806784212994045	0.914881874449037	-6.44175756581793
CAMK2G	-0.0750687043972977	5.3285090440208	-0.25093988627495	0.806831006105399	0.914891468202088	-6.84852337574557
CHRNA10	0.159759971644206	-1.70690813562675	0.250813157779733	0.806926341911135	0.914956102541359	-5.99640229809854
ENSG00000280311	-0.289912355969115	-3.41843372030291	-0.250666739535092	0.807036494114894	0.915037529930649	-5.82857133477184
UBR4	0.108833373755281	7.37049641783053	0.25053753491283	0.807133699967648	0.915104271394606	-6.95536004008686
ENSG00000272707	0.166562553416031	-2.1966338312204	0.250358798122905	0.807268176529088	0.915213260935766	-5.94594712876906
TPM4P3	-0.126674328299905	3.73888669977297	-0.250263188842574	0.807340112973183	0.915230630045798	-6.65462133181776
AGER	-0.116216100391336	1.55511542818153	-0.250236503631068	0.807360191267618	0.915230630045798	-6.35976800342657
RNPEP	0.0650901161933906	6.59773012620614	0.250151084230169	0.807424462900898	0.915260016910744	-6.92672721359327
MRI1	0.0563996023128053	3.75186381291786	0.249864822298519	0.807639864258508	0.915391590031663	-6.6566299576518
RPS4XP13	0.223138983913916	-1.93345719084434	0.249836148965742	0.807661440791652	0.915391590031663	-5.97290473598678
TMEM185A	0.0992301036322445	3.94346794451003	0.249754051658537	0.80772321951918	0.915391590031663	-6.68445559969801
SMARCA2	-0.243853468394508	3.63004921063241	-0.249748379082921	0.807727488218201	0.915391590031663	-6.63880936743292
CEP164	-0.0853561124702527	4.10907693847906	-0.249703233579113	0.807761461128439	0.915391590031663	-6.70788564997269
ANO8	0.0926887619713792	4.33042014486083	0.24969101318588	0.807770657294878	0.915391590031663	-6.7381698694581
PCCA-DT	0.0872396333474965	3.75862738732258	0.249480758800481	0.807928884028669	0.915527416975417	-6.65772488414135
ACTR2P2	0.0969541662168896	0.593067662127011	0.249429799966172	0.80796723441376	0.915527416975417	-6.25041848489521
C12orf43	-0.0514465476513433	4.89078052372634	-0.249028027868326	0.808269616988928	0.915826573712246	-6.80638452990655
SOX7	0.13380518268463	0.318626031866813	0.248912943808053	0.808356237885254	0.915834949874593	-6.22042110997661
RBMXP2	-0.0746643489778207	2.16941546021882	-0.24882537338292	0.80842215177003	0.915834949874593	-6.43530128949455
ENSG00000267729	-0.21690953927366	-4.23992255043195	-0.248821118684201	0.8084253543035	0.915834949874593	-5.75663843451661
CTNS-AS1	-0.177191718387867	-2.3702498332247	-0.248795587474434	0.80844457185328	0.915834949874593	-5.92903468740184
ICE2	-0.0428816451734928	6.46199072659504	-0.248761858513227	0.808469960121636	0.915834949874593	-6.92113523362987
ENSG00000300780	-0.130562787782884	-1.03463859485557	-0.248662984296249	0.808544385488994	0.915834949874593	-6.07023071410479
UBE2QL1	0.167117847204248	2.07396669604851	0.248661348929521	0.808545616491706	0.915834949874593	-6.42328825820347
ENSG00000296483	-0.156233981950106	-3.21433803213531	-0.248486418689362	0.808677296287969	0.915940633566104	-5.84804184713493
FAUP1	0.0606262491999763	5.50143076709749	0.248430830250171	0.808719142129737	0.915944562483292	-6.86346865274042
G3BP1	0.0482194110922407	8.93154364359189	0.24837722035914	0.808759499158187	0.915946804897431	-6.99873269746229
SNORD53B	0.186795212452816	-3.73556481215074	0.248260044160204	0.808847710354696	0.916003240950677	-5.8003329307763
TSC22D3	-0.130462175492084	6.18377090033607	-0.248042079352716	0.809011803484222	0.916010120117028	-6.90770197369153
NBN	0.0649535479839454	5.84618535122104	0.248000983529247	0.809042743243939	0.916010120117028	-6.8881003959168
CFL1	-0.0699111289987169	9.77880002396757	-0.247972346695689	0.809064303223395	0.916010120117028	-7.01684809909213
STXBP5-AS1	0.204519445623908	-2.83204102923073	0.247949277303008	0.809081671732758	0.916010120117028	-5.88432722315666
POLR1D	0.0654559611464975	6.99096464958498	0.247908152563686	0.809112634039954	0.916010120117028	-6.94288879647586
FAM21EP	-0.1897133205155	-2.66469720819387	-0.247865569643702	0.809144694556322	0.916010120117028	-5.90045822485371
RAB40A	0.279138532860606	-2.4617493621323	0.247775842290464	0.809212251143571	0.916010120117028	-5.92027023480523
ENSG00000284060	-0.241096685641252	-3.10951397973157	-0.24773832573061	0.80924049820826	0.916010120117028	-5.8580505705017
TUFMP1	0.187182923959154	-3.24705902647688	0.247707204730604	0.809263930128986	0.916010120117028	-5.84518359270169
CEL	0.0998097096276692	0.422182583358809	0.247694699301921	0.809273345891375	0.916010120117028	-6.23207056243211
CALR	-0.0738386088388303	9.75045088750255	-0.247679692457538	0.809284645096695	0.916010120117028	-7.01636841729589
PYCR1-AS1	0.189598959728301	-3.02170738208889	0.247640251185344	0.809314342100296	0.916010120117028	-5.86635694951124
NRAV	0.0694937681587549	3.57612593156342	0.247504327528923	0.809416687200344	0.916039836665643	-6.6314436983293
F3	0.141039035482557	2.61865131578084	0.247452941440309	0.809455379857426	0.916039836665643	-6.49452109286603
MKRN2	-0.0479650187579006	4.72081989885448	-0.247452462669459	0.809455740364453	0.916039836665643	-6.78764016940338
CDH12	-0.169386182975369	-2.94941036671187	-0.247368369980711	0.809519061578289	0.916068059489309	-5.87327805483843
ENSG00000305128	-0.196312106759276	-2.6122329784429	-0.247266911238869	0.809595461223464	0.916079162726962	-5.90569894121075
ENSG00000270426	0.154255815580975	-2.42774074842037	0.247242509493672	0.809613836341283	0.916079162726962	-5.92375227260799
TNRC18	-0.100962740084158	3.895081290194	-0.247123642351839	0.809703347969593	0.916079162726962	-6.67819647399027
ENSG00000304661	0.181290459743744	-3.55571675386065	0.247121371434603	0.809705058087439	0.916079162726962	-5.81688475426429
PDS5A	0.0469199676017853	7.36245949725026	0.246949857837688	0.809834219700931	0.916079162726962	-6.95606043033403
HSPA6	0.205714063395846	-3.60396208202435	0.246828583723415	0.809925551108955	0.916079162726962	-5.81256891099779
SLC35F5	0.0462959518149306	4.91109745783962	0.246774287761622	0.80996644230771	0.916079162726962	-6.80918036443855
CPQ	-0.144927023735327	0.556069750397192	-0.246768330445406	0.809970928898792	0.916079162726962	-6.24703084116761
ENSG00000233542	0.259515607210956	-0.265182931929474	0.246721287383869	0.8100063583571	0.916079162726962	-6.15711946726221
MTX1	0.0801529599601207	3.94218527585226	0.246706304719856	0.810017642318757	0.916079162726962	-6.685084672576
LINC01569	0.0782215590091899	1.05609725240861	0.246681919010472	0.810036008135924	0.916079162726962	-6.30291509640579
ENSG00000214248	-0.280338605360858	-3.29268274386118	-0.246658179256058	0.810053887575337	0.916079162726962	-5.84119967596126
ENSG00000183171	-0.085214353079603	2.6812484494679	-0.246628952477196	0.810075899687928	0.916079162726962	-6.50325148338338
LINC02525	-0.119193602263974	1.28316692370826	-0.246584643730715	0.810109271096133	0.916079162726962	-6.32894703291171
GOLGA6L9	0.0929972654408258	3.07154054587793	0.246582936029577	0.810110557269838	0.916079162726962	-6.55799097621627
RGP1	-0.0506866251151257	5.55100861812175	-0.246539866049207	0.810142996089915	0.916079162726962	-6.86782097161061
C7orf25	-0.169158123301998	-3.9561759710735	-0.24633553253115	0.810296898151904	0.916205526244412	-5.78117970825532
ENSG00000278600	-0.130207870163051	0.325209238430834	-0.246289563504266	0.810331522750798	0.916205526244412	-6.22182344045449
RASL10B	-0.090318386950714	5.08477480051785	-0.246165809049787	0.810424738691296	0.916267514843447	-6.82724678808976
CFAP70	-0.137818307260494	-0.721681612412023	-0.246036698763638	0.810521992124209	0.916324788533475	-6.10616868883789
ENSG00000261819	0.168422446650628	-1.22678082430172	0.245996620211894	0.810552182323657	0.916324788533475	-6.04956665292331
LINC02021	0.0822226604810414	1.67752087525777	0.245930154329072	0.810602250174634	0.916335083600052	-6.37547358917307
LRRC25	0.183213532093684	-1.17786328142721	0.245850563567849	0.810662205994191	0.916335083600052	-6.05500392290962
PTPN11P2	0.268745109599246	-4.00720757244772	0.245831629562681	0.810676469192403	0.916335083600052	-5.7768157341361
SCFD1	0.0416917357618241	6.18595761534841	0.245647330099089	0.810815307827233	0.916448614885043	-6.90845591248755
ENSG00000289727	-0.133846745615533	-1.47977871311176	-0.245562519739059	0.810879200468001	0.91647742944404	-6.02206362298557
FMNL1-AS1	0.125465236690226	0.188244374730994	0.245456841735106	0.810958815966451	0.916524010828264	-6.20709963475513
ENSG00000290928	-0.0712508017718294	2.54565496020625	-0.245359035584429	0.811032502991014	0.916563887915457	-6.48525524467341
TRIM66	0.115176405568881	2.38529411317997	0.245238302626021	0.811123465703633	0.916623283899081	-6.46405402058237
PCSK1N	-0.246975136953391	0.841530976863615	-0.245079842047078	0.81124285764781	0.916675377160063	-6.27913488347658
LINC01902	-0.252976885087805	-2.80002038389975	-0.245075169128356	0.811246378529973	0.916675377160063	-5.88811489435055
ZNF724	-0.0890058610434252	3.28482104423994	-0.244926392522243	0.8113584788419	0.916758642925703	-6.58932251555138
INPP5D	0.0693253382525683	3.91015338881904	0.244806529282379	0.811448796731257	0.916804309506947	-6.68097694575018
IPO7P2	0.0742168451282312	3.0207194530212	0.244770797831288	0.811475721219016	0.916804309506947	-6.55118800807861
ZSCAN2	-0.0994053496080802	5.16860797333361	-0.244684335416806	0.811540873742713	0.916834518300546	-6.83569354481188
MT1M	0.276477813783947	-3.1454619775749	0.244529103077833	0.811657850640396	0.916863391475585	-5.85547073576667
LINC01387	0.166173331937172	-1.81009251806491	0.244513683519593	0.811669470468977	0.916863391475585	-5.98711563539184
TINF2	0.0487258713582515	5.19841683597364	0.244447237705125	0.811719543071276	0.916863391475585	-6.83856926896193
SETD9	-0.0701584500474981	2.77603689536735	-0.244446507837064	0.811720093094193	0.916863391475585	-6.51685497708181
EGR3	-0.393873581795212	-1.52969029760044	-0.24431418929502	0.811819809091882	0.9169270420229	-6.01699486553786
TTLL3	0.185407982053103	1.0609475360172	0.244261978709985	0.811859156250614	0.9169270420229	-6.30409438667602
ENSG00000275457	-0.157531295037944	-0.418066029904511	-0.24421879764361	0.811891698959649	0.9169270420229	-6.1407958023818
HAUS7	-0.169242975791151	-2.07877354147289	-0.244009382325416	0.812049526723376	0.917018289267186	-5.95947352741022
UEVLD	-0.0562650068797121	3.39219528543336	-0.243870854856266	0.81215393405117	0.917018289267186	-6.60532079750626
SEC22C	-0.0548500940943999	5.40435959271527	-0.243817491526886	0.812194154701701	0.917018289267186	-6.85689533498148
EAF2	0.0770316432674036	2.3238038422973	0.243764460460609	0.812234125486958	0.917018289267186	-6.45643488642615
WDR33	-0.0654392104485462	6.76790232631079	-0.243753152374248	0.812242648735539	0.917018289267186	-6.93545303560879
UTP4	0.068644888749132	6.9275275035918	0.243697286577873	0.812284756861443	0.917018289267186	-6.94164252954713
SDC3	0.067944464356561	6.91427155448183	0.243680510618628	0.812297401647245	0.917018289267186	-6.94115042881812
PPIC	-0.0851025918996822	2.89947655582581	-0.243675796743525	0.812300954714491	0.917018289267186	-6.53428973554997
ARSJ	0.0850627782881537	2.03427696402573	0.243634753389138	0.812331891190803	0.917018289267186	-6.41964788189297
OGDH	0.0591161407092136	7.10741037077964	0.243575583906032	0.812376490852043	0.917018289267186	-6.94823768911664
ENSG00000289521	0.204989569687847	-4.26941823301288	0.243550848182258	0.81239513588911	0.917018289267186	-5.75581385433332
PKHD1	-0.135017304600048	-1.07038501112007	-0.243448705215785	0.812472129452218	0.917061826135544	-6.0675796716391
ABCE1	0.0609021458353736	7.78763801254742	0.243325854533485	0.812564734893641	0.917122979651306	-6.97028844510225
ENSG00000297244	0.185889671632806	-0.409030844092787	0.243232331950852	0.812635234696676	0.917153432621621	-6.14205870950802
ENSG00000253553	0.130042528321617	-0.0968838739973829	0.243116843238796	0.812722295565966	0.917153432621621	-6.17653617122616
GPD1L	0.0723716619837118	3.05694713770687	0.243095424470711	0.812738442342671	0.917153432621621	-6.5568077876742
CARMIL1	-0.0563365014243349	5.79575132065299	-0.243086159678745	0.812745426737641	0.917153432621621	-6.88615417015595
TBX3	0.414187887876987	-2.03463436799496	0.242953067230675	0.81284576226388	0.91722329005494	-5.96424212082001
UBL5P2	0.187339468504882	-1.95766646843419	0.242776147422988	0.812979143773495	0.917330428538294	-5.97218103955069
ENSG00000305983	-0.186959016862656	-2.77651101487758	-0.242698631792693	0.81303758550776	0.917353002094914	-5.89096024883122
TFB2MP1	-0.135820148804191	-2.79768546791913	-0.242587432379369	0.813121424715085	0.917391125178158	-5.88895386933183
SET	0.0583732877322269	10.4572666255729	0.242532836403535	0.813162588455803	0.917391125178158	-7.03082126204974
HOMER1	0.0472149690529449	5.97663984377559	0.242500875372017	0.813186686398337	0.917391125178158	-6.8976324772092
ENSG00000270557	-0.139114388148224	-1.82926963058739	-0.242206703656724	0.813408495227065	0.917597984382679	-5.98568577920091
HCFC1	0.0787978862474894	7.34237457541391	0.242111756876173	0.813480089866067	0.917635376918112	-6.95667648955655
LINC02724	-0.160780046462431	-1.44880771071963	-0.24185193426958	0.813676018337404	0.917813012413574	-6.02635242789039
ENSG00000279837	-0.231416074470761	-3.56655192118445	-0.241621688426502	0.813849654631107	0.917928054004037	-5.81724379904013
SRPRB	-0.0578534195530729	5.16131461063273	-0.241571004827999	0.813887878288885	0.917928054004037	-6.83582322366499
ENSG00000271993	-0.200937722709293	-4.04227968711408	-0.241563699844917	0.813893387473643	0.917928054004037	-5.77477700478838
ENSG00000306832	-0.432688098505256	4.31941929900181	-0.241393100712078	0.814022050904026	0.918029782588781	-6.73888164445496
JCAD	-0.119497864193819	3.16867236364239	-0.241332034383652	0.814068107663008	0.918038344622614	-6.57336503317292
PODNL1	-0.19192434098939	0.44519927890981	-0.241127025254058	0.81422273275945	0.918169334409157	-6.2362816942406
ENSG00000278875	-0.141401351026643	-2.39371327989034	-0.2409502386203	0.814356078157047	0.918237703011241	-5.92867517105792
NUP37	0.054753147293356	5.53578917112944	0.240944631547601	0.814360307522476	0.918237703011241	-6.86811623706345
DNER	0.132176141655703	2.29208542013828	0.24080930778729	0.814462382931462	0.918289165987979	-6.45308726232445
ERP44	0.0541763576929126	5.72473869621296	0.240720066306173	0.814529700227037	0.918289165987979	-6.88194765715172
PLAC9P1	0.234770980692195	-1.94065989083643	0.240689404555689	0.81455282959035	0.918289165987979	-5.97445930251123
MET	-0.127997423033526	4.67950638033224	-0.240680098283131	0.814559849714313	0.918289165987979	-6.78452901452323
UQCC1	0.0533940339723529	5.68628038075693	0.240562701121704	0.814648408945333	0.918311280044443	-6.87930645924302
ENSG00000224738	-0.0921650564426139	0.196316585694883	-0.240491850121688	0.814701857130123	0.918311280044443	-6.20924524991747
BLTP1	0.0805012887141885	5.60083336486232	0.240460614597597	0.814725420727474	0.918311280044443	-6.87318537436341
GOSR2	-0.0535374783926583	4.83842894044409	-0.240450076497681	0.814733370551015	0.918311280044443	-6.8028544205673
COLQ	0.152076761669013	-0.107762121795492	0.240287363250229	0.814856122377382	0.918406265242773	-6.17606433263979
JUN	-0.0623370754249386	4.33421380697808	-0.240203795305991	0.814919168560299	0.918433951741448	-6.74118501163229
ENSG00000301100	0.245259530960968	-3.47931254477147	0.239863549826592	0.815175874292132	0.918675668041114	-5.82563754010591
CCDC159	0.118751072529161	0.6751890140239	0.239787325806332	0.815233386328026	0.918675668041114	-6.26198402701929
IARS2	0.0530476853945281	7.37740664426215	0.23976647876584	0.815249115896878	0.918675668041114	-6.95844439462244
ENSG00000274677	-0.168818608576784	-2.6248087103893	-0.239541755738596	0.815418680008525	0.918783351527905	-5.90638829365837
PARD6B	0.0673052106893404	3.56803248713249	0.23953779577109	0.815421668079947	0.918783351527905	-6.63233593436839
ARHGAP28-AS1	0.122140171562148	-1.60990436512072	0.239419890543009	0.815510637207792	0.918795327378441	-6.00961177130552
RPS29P3	0.216603815151999	-3.10204460137893	0.239347520826302	0.815565247429896	0.918795327378441	-5.86081521909254
KIF23	0.0414286350762723	6.69424898624402	0.239333920495786	0.815575510360947	0.918795327378441	-6.93363634239529
ACOX1	0.0565272132217265	4.94365114381588	0.239319645341648	0.815586282559167	0.918795327378441	-6.81456482710506
FAM86B2	0.0986683447750569	0.343072956910114	0.239111133843959	0.815743632351281	0.918929214769813	-6.2256088412064
IGSF9B	-0.0793234929774647	5.72120845675643	-0.238845086975749	0.815944412704517	0.919103897684899	-6.88218731238026
ENSG00000284720	-0.15640745889292	-0.578375604793087	-0.23880360563811	0.815975719111967	0.919103897684899	-6.12417479083335
ZNF174	0.0544682650527091	3.58896627819724	0.238731688432293	0.816029996595661	0.919121657798426	-6.63562786444438
ENSG00000278291	0.117156558066895	1.93074125592469	0.238620670630902	0.816113786148896	0.919172655090166	-6.40809317290114
EBI3	-0.171506108954388	-0.127038291626548	-0.238447714969425	0.816244327498274	0.919216206919849	-6.17441168489023
OSMR-DT	0.169126238677996	-3.63852205744042	0.238429329077637	0.816258204921487	0.919216206919849	-5.81147486401972
GFM1	-0.0555172735618168	6.15129614460917	-0.238416355540944	0.81626799721202	0.919216206919849	-6.90852973488784
CSAD	-0.120840626610092	1.49244841399387	-0.238157718940849	0.81646322032548	0.91936680210247	-6.35551528920998
ENSG00000256034	0.144192408050072	-3.91706048086322	0.238137122756285	0.816478767225205	0.91936680210247	-5.78660988301595
IFNAR2	0.0722031026520966	2.13032350959876	0.237866236678771	0.816683251613646	0.919553671097933	-6.43319028593747
UBR7	0.0547133539778075	5.96885706315042	0.237631897307502	0.81686015951251	0.919709473869472	-6.8984360130839
ENSG00000260274	-0.113416663398071	-0.798683817614021	-0.237492566780049	0.816965348263676	0.919784516581402	-6.09960037931798
NOP14	0.0649484901958619	6.13300429694644	0.237378130897047	0.817051745436506	0.919838396619485	-6.90780600746915
RSPH9	-0.129987918135086	-0.189500298913253	-0.237316724546936	0.817098107257653	0.919847201826254	-6.16784148495168
ANKRD50	-0.0715841151733088	5.30844192242674	-0.237193094793535	0.817191450012771	0.91989008647083	-6.85039260651632
NDRG3	0.0628396027604845	5.68286099444376	0.23716417387789	0.817213286271463	0.91989008647083	-6.8799441308156
ENSG00000307844	-0.230144064227761	-3.66539217308966	-0.237104808211035	0.817258109847986	0.919897156562059	-5.80935914257853
ENSG00000251661	-0.109920431443137	-0.472649889771778	-0.237040302463362	0.817306815182706	0.919908595046718	-6.13649201911718
SMPDL3A	-0.128208387116895	1.17666536668107	-0.236947458856618	0.817376918563802	0.919944115597579	-6.31915819471061
GTSF1	-0.164281336167377	-1.4633506575921	-0.236864121239512	0.817439845695547	0.919960071306239	-6.02600659662767
N4BP1	-0.0426085912842042	6.12288174588025	-0.236794700842656	0.81749226515388	0.919960071306239	-6.907403748544
SLC39A10	0.0604184195712785	7.79191216661926	0.236775543383629	0.817506731149035	0.919960071306239	-6.97211717594726
LINC03062	0.153653501662224	-0.722342483053887	0.236603527763454	0.817636625129293	0.920045749891573	-6.10846498156822
LINC01122	-0.0740106733121442	0.956727410558315	-0.236572619213898	0.817659965682749	0.920045749891573	-6.29424731118554
LGI4	-0.0944123847759775	1.60212741448033	-0.236433656830809	0.817764905258484	0.920109119580265	-6.36891469104613
ENSG00000287516	-0.148698363290142	-1.48689626676537	-0.23639594255943	0.817793386418744	0.920109119580265	-6.0235742614266
LMOD1	-0.127088439610477	1.05016435480892	-0.236317009799059	0.817852995960588	0.920132811096038	-6.30488873634579
DUSP5-DT	0.167998167186253	-4.20104005364784	0.23624577982899	0.817906789444024	0.920149957278366	-5.76245121152253
CLTA	-0.045972239126475	7.17106345854953	-0.23619017831881	0.817948780867588	0.920153825083274	-6.95239844443223
ABHD3	-0.0674818620818027	3.06203865297578	-0.235954728919758	0.818126603850494	0.920292950640087	-6.55937177833475
EBLN2	0.133468610238052	-0.909967872614056	0.235924319068613	0.818149571654643	0.920292950640087	-6.0874500411213
MAGT1	-0.0552798304718776	6.36936964856051	-0.235788806205381	0.818251923336412	0.920364704004436	-6.92021469440249
GPX2	0.26346695397852	-0.724732347248902	0.235623953273948	0.818376440129426	0.920423984621518	-6.10843701942031
ENSG00000301499	0.200580595833779	-2.97030750456489	0.23561691512926	0.818381756301723	0.920423984621518	-5.87416353965697
NXT1	0.0702696316335838	3.91720715467659	0.235486091985316	0.818480573637196	0.920433798909927	-6.68440015472732
ADORA1	0.139376598383524	2.63381956609996	0.235479509628052	0.818485545712308	0.920433798909927	-6.49966424104368
PPP4R2P1	-0.0786697765843447	1.24493241532509	-0.235444177250428	0.818512234658985	0.920433798909927	-6.32737789888509
MBD1	0.0382320311445703	5.59403555675324	0.235215132789087	0.818685253388741	0.920433798909927	-6.87402983536385
WWP1P1	0.169527255781582	-1.15002085669575	0.23521243893715	0.818687288367941	0.920433798909927	-6.06074299260682
SMIM45	-0.129922307799063	-0.694049006862083	-0.235191085028607	0.818703419504669	0.920433798909927	-6.11199545118727
BORA	0.0559977044127722	4.85491856585275	0.235183528729831	0.818709127693451	0.920433798909927	-6.80605814143142
MTRR	-0.0412156757389921	5.78284045579431	-0.235148878641216	0.818735303249077	0.920433798909927	-6.88734368600095
YPEL3	-0.0792871798628672	3.64866007884679	-0.235145879820403	0.818737568645316	0.920433798909927	-6.64535999897772
ZKSCAN3	-0.0495346046371159	3.7491908170647	-0.234737266651595	0.819046263189216	0.920737467078188	-6.66017801468051
CYP26B1	-0.175340091543351	-0.620440569491043	-0.234671995131149	0.819095576789601	0.920749535193924	-6.12043519617722
ZFHX4	0.181260342372934	2.1236862270464	0.234599144566444	0.819150617444165	0.92076803968068	-6.433173198407
CDC27P3	-0.175901017514037	-4.12416475313255	-0.234453144039106	0.819260928048589	0.92078849299808	-5.769322578333
DNAJC4	-0.0692921638147865	4.18587923300512	-0.234434370765528	0.819275112482572	0.92078849299808	-6.72257868861354
C16orf95-DT	-0.166586454980207	-2.05583984886169	-0.234421875572097	0.819284553454864	0.92078849299808	-5.96416246566508
PAQR6	0.183396691263101	2.66160769462695	0.234325910807269	0.819357062397262	0.920826623733834	-6.50373575387441
ZNF793	0.0838288869464758	3.3340675960205	0.234172237960307	0.819473178051467	0.920886576719203	-6.59928067313812
ENSG00000309833	0.188409305283102	-4.07966053873436	0.234071523097109	0.819549280972986	0.920886576719203	-5.77328317458979
GRM3	0.232482999195106	2.36907308782321	0.234059300246209	0.819558517028723	0.920886576719203	-6.46479686516124
UFD1-AS1	-0.138663896188716	-1.38910204412817	-0.234051057870543	0.819564745300733	0.920886576719203	-6.03474789525927
MAB21L1	0.180669716943515	-4.22781873137049	0.233991142527306	0.819610020148702	0.9208940942891	-5.7610523583744
ENSG00000300966	-0.221365727306776	-2.69163891617568	-0.233748715111419	0.819793216766615	0.921045000384332	-5.90130533925051
AFG3L1P	0.106977294515732	3.37228887783086	0.233678024842812	0.819846637852317	0.921045000384332	-6.60500689841869
ZNF517	-0.0848631481929409	2.53111812150619	-0.233585374096885	0.81991665606953	0.921045000384332	-6.4863236169941
CFL1P1	0.13336405047558	0.10496490714576	0.233578298350866	0.819922003435259	0.921045000384332	-6.2009949237536
TRMU	0.0504727934399218	5.29584592482737	0.233558080747274	0.819937282572837	0.921045000384332	-6.85021644016272
ENSG00000263745	0.144742083679765	-1.38743472081805	0.23347656643013	0.81999888654169	0.921070850201925	-6.03506827444568
MYH11	-0.171862192793702	-0.431696535193947	-0.23334894694553	0.820095336792526	0.92113583713244	-6.14198227427118
UBR1	-0.0524932520872223	5.03034839180747	-0.233186327058054	0.820218243643011	0.921230532754247	-6.8251422488332
SWSAP1	0.0896995615151135	2.13322766121296	0.233008837192486	0.820352394916461	0.921324042684848	-6.43477653064582
PRKRIP1	0.0545478711290874	4.48392123398447	0.232973263976194	0.820379282770789	0.921324042684848	-6.76240227447654
ENSG00000224280	0.203714010191113	-3.59584391955883	0.232881424585505	0.820448700283024	0.921324042684848	-5.81665607712469
JADE3	-0.0448077428142124	5.3467124872262	-0.232834950208371	0.820483828917494	0.921324042684848	-6.85481986284896
WRNIP1	0.0582878210972009	5.44230839505384	0.232820816325349	0.820494512392276	0.921324042684848	-6.86285177623582
ZNF566	0.0616975359234373	3.57786244750178	0.232692538537954	0.820591476355446	0.921389573117023	-6.63551957065977
CCNB1	-0.0505529826731674	8.18515635027331	-0.232340017267261	0.820857960114227	0.921630180537721	-6.98434803927214
NEB	0.109289697776828	0.755370399089855	0.232280687846374	0.820902811743933	0.921630180537721	-6.2727521875843
IDNK	0.103282412016552	0.0889940335005397	0.232232638809024	0.820939136166938	0.921630180537721	-6.19958072395875
SDF2	0.0603889781112992	4.93062817665133	0.232204746170509	0.820960222827835	0.921630180537721	-6.81501274507239
TPI1	-0.0608227474828791	9.84908399418672	-0.231926247535588	0.821170774236475	0.92180586945788	-7.02239410680014
TMEM132D	0.0656902723502295	4.25096250700794	0.231810677401627	0.821258152291835	0.92180586945788	-6.73208781238267
ZNF142	0.0719175531956484	4.87030214817026	0.23179159558423	0.821272579553109	0.92180586945788	-6.80862434599076
ENSG00000272784	0.166393480230587	-3.94383915858586	0.231777861590848	0.821282963508144	0.92180586945788	-5.78573226356836
CCDC17	0.104042682848992	-0.0373371083462289	0.231676813270234	0.821359364918061	0.92180586945788	-6.18590085758432
XRCC2	0.0805909295388627	4.92300396440034	0.231648855917181	0.821380503478701	0.92180586945788	-6.81435434939744
ENSG00000256967	-0.128641007149316	-1.80169520977527	-0.23164015870643	0.821387079472105	0.92180586945788	-5.9911472341151
ENSG00000284052	-0.109855306862413	-1.84818992303994	-0.231533232014399	0.821467928323924	0.921805888295135	-5.98630629205594
TCEAL5	-0.148894591180371	1.98624671592382	-0.231529649587994	0.821470637087313	0.921805888295135	-6.41673981671883
FAM149A	-0.0602691756390623	3.60418909082641	-0.231486896335585	0.821502964094252	0.921805888295135	-6.63970564609996
ENSG00000220960	-0.139352912071849	-1.97751366750202	-0.231340947030173	0.821613323340951	0.921839386842175	-5.97291708721624
ENSG00000251409	-0.154039862067302	-1.78792554351069	-0.231339578335796	0.821614358295461	0.921839386842175	-5.99267054651249
RPL12P1	0.401066069712732	-2.06174787005125	0.231242591449382	0.821687696992669	0.921839386842175	-5.96431796206897
CNOT3	-0.0424926188106491	6.5131408747263	-0.231225008653223	0.821700992790358	0.921839386842175	-6.92798748974624
RPL5P24	-0.266075831461374	-3.53812033926535	-0.23119202090344	0.821725937699219	0.921839386842175	-5.82230754339493
SEPTIN4	-0.105328382764105	3.34352574564215	-0.230982313517063	0.821884520564336	0.921973954329245	-6.60145966021231
KLHL3	0.0593144291334138	4.36059148905359	0.230907899254577	0.821940795405819	0.921983339380288	-6.74703570729693
PUS10	-0.0728967587466936	2.29256686429327	-0.230854202827428	0.821981403303252	0.921983339380288	-6.45565403724469
ZCWPW2	0.108369950273607	-1.53344908371502	0.230772755823967	0.82204299861007	0.921983339380288	-6.01990898100235
FOXO3	0.0520372777725955	4.99104831443094	0.230766926755221	0.822047406964115	0.921983339380288	-6.82168732049772
CCDC194	0.266417734680422	-1.89473367837157	0.230662079223609	0.822126701188523	0.922028944939922	-5.98165873142717
SCNN1B	0.31240337465877	-0.787067440952979	0.230483691331345	0.822261617422815	0.922136924303653	-6.10262662778038
ENSG00000296173	0.164522675176581	-4.35420801178715	0.23029291474475	0.822405910032686	0.922210041704086	-5.75363225954586
KHSRP	-0.0414216692707221	8.89505932329728	-0.230275170607889	0.822419331045291	0.922210041704086	-7.00258403961089
TM9SF3	-0.048724369442791	7.76181772094382	-0.230207541476343	0.822470483782517	0.922210041704086	-6.97288502714534
ENSG00000286186	-0.278725083016796	-2.17179379196124	-0.230193143954641	0.822481373767678	0.922210041704086	-5.95339936376753
PTPRT-DT	0.148122947717855	-2.59645064771032	0.229807251093645	0.822773269759293	0.922431151969221	-5.91146897149952
LRRC51	0.088580876834334	1.12251459953531	0.229701544215391	0.822853233193469	0.922431151969221	-6.31475664290831
AKIP1	0.0500691610245365	4.6163352307197	0.229681936174034	0.822868066201494	0.922431151969221	-6.77967681142095
SRD5A3-AS1	0.159109948063827	-3.20253647485226	0.229677857948753	0.822871151289237	0.922431151969221	-5.85367596286537
TAF12-DT	0.155260795459973	-3.83822399070107	0.229676977922764	0.822871817009959	0.922431151969221	-5.79558187226068
AMMECR1L	-0.0432298312588069	5.45557489088511	-0.229615844676516	0.82291806335481	0.922439668330324	-6.86471019770751
MED28-DT	0.151120512960399	-2.95956970233343	0.229367227578381	0.823106145604819	0.922607165601381	-5.87665345945174
C2CD4B	-0.172712866112242	-2.81682881320691	-0.229237461939597	0.823204319746699	0.922621724756517	-5.89031047140535
ENSG00000309037	0.186154114770578	-4.42375626531798	0.229181864357913	0.823246383050932	0.922621724756517	-5.74996486696434
MUC19	-0.251320722077673	-2.01426229139346	-0.229046218803764	0.823349010478069	0.922621724756517	-5.96969088238453
RTL9	-0.151112715898036	-0.0513895248119743	-0.229039859779393	0.82335382170766	0.922621724756517	-6.18499978103893
TTLL10	-0.299416834907541	-1.79224845127374	-0.228991793198748	0.823390189067793	0.922621724756517	-5.99277046717627
ENSG00000288739	0.149278629241756	-2.35551519759871	0.228972201326997	0.823405012478877	0.922621724756517	-5.93532450910422
GAS2L3	-0.0536957067312844	4.10250265582738	-0.228959887453993	0.823414329318642	0.922621724756517	-6.71231252466935
ENSG00000283355	-0.16986386360795	-1.75047116635566	-0.228935586864748	0.823432715551193	0.922621724756517	-5.99719087706736
ENSG00000277855	0.217372340292762	-3.5084369487869	0.22889021396759	0.823467045743635	0.922621724756517	-5.82555036243028
LINC00487	-0.166676244539953	-3.6215467580151	-0.228590843187828	0.823693566416706	0.922832199674578	-5.81531300734524
ALDH6A1	-0.046790450625255	5.57830490064972	-0.228401751865603	0.823836652211309	0.922938105733576	-6.87456190707882
CLBA1	-0.0784841291136349	2.17934424719095	-0.228352103715181	0.823874222188398	0.922938105733576	-6.44176836340995
E2F5-DT	-0.143276724165683	-2.1438504666803	-0.228271358708476	0.823935324915344	0.922938105733576	-5.95666664418212
TMEM229A	-0.15082595097833	-0.415447122391881	-0.228261513367127	0.82394277533269	0.922938105733576	-6.1450283898072
ADK	0.0391178559380698	5.23517277211381	0.22820932401055	0.823982269696616	0.922939029043041	-6.84613263489217
METTL25	-0.0768912551428862	2.0865706337102	-0.228093952457758	0.824069579093341	0.922992285802034	-6.43009344639121
SP100	0.210960265802114	-2.14401177639043	0.228008747046744	0.824134061357239	0.922992285802034	-5.95671169309856
CLN8-AS1	-0.0875625976864347	2.97206920131557	-0.227993192097583	0.824145833273019	0.922992285802034	-6.54851549546723
GYS1	0.0549255181982593	6.47227099116727	0.227783514431754	0.824304520839333	0.923126689136278	-6.92701231613932
ENSG00000205041	0.138331298740813	-0.68347964761405	0.227638547515537	0.824414239068242	0.92320624237985	-6.11500872555897
ENSG00000287265	0.140187468353983	-1.8230250416537	0.227463044993301	0.824547073466312	0.923280567707774	-5.98989809713384
ENSG00000290902	0.15042063083808	-1.71689924603059	0.227448635921287	0.824557979666116	0.923280567707774	-6.00109390547017
ZSCAN22	0.0652760012963185	2.07682444942618	0.227111128371496	0.82481344966497	0.923493791289407	-6.42910750969165
CD2AP	-0.0624487084226555	6.52104392341726	-0.227094824923434	0.824825790795504	0.923493791289407	-6.92935722299257
ANXA9	-0.077505666885608	1.4296090333804	-0.226834482352995	0.825022867624623	0.923630344308958	-6.35093665016935
CINP	-0.051967694734306	4.88931400545191	-0.226798735771594	0.825049928436851	0.923630344308958	-6.81193332524686
LINC01376	-0.100998309657531	0.593114817087853	-0.226780344085855	0.825063851370804	0.923630344308958	-6.25610903184516
ENSG00000262198	-0.0831242333371738	1.52700823194984	-0.226507144122253	0.825270677565474	0.923808256703374	-6.36245546971074
AIMP1	0.0428122627947989	5.77871171295081	0.226468161377225	0.825300190615885	0.923808256703374	-6.88923344735139
CLIC4	0.0389832246278417	9.12911550977885	0.226336442674704	0.82539991429548	0.923856814112597	-7.00885764287982
PPP2R5E	-0.0367983900379514	6.66059338009348	-0.22623048799817	0.82548013449553	0.923856814112597	-6.93555332099158
ENSG00000286271	-0.150082426141151	-4.16445031750863	-0.226172767022465	0.82552383697304	0.923856814112597	-5.76772319221377
TRDMT1	0.0483543976039282	4.42744497868773	0.226159899522311	0.825533579471898	0.923856814112597	-6.7568496312463
PCDHB2	-0.0650328853921813	4.5908029822866	-0.226014276330883	0.825643838770774	0.923856814112597	-6.77746636115078
ENSG00000286570	-0.235211060527818	-3.58661550403355	-0.225935871036171	0.825703205358162	0.923856814112597	-5.81909185691739
ENSG00000234841	-0.202654900998132	-3.35453646098381	-0.225934795989583	0.825704019365347	0.923856814112597	-5.84039168058056
RPS9P2	-0.0957291457987304	1.90486729758776	-0.225934620141212	0.825704152514795	0.923856814112597	-6.40803965863278
ENSG00000261338	-0.116265587806572	-1.30788738890054	-0.225930588938097	0.82570720487601	0.923856814112597	-6.04555579609012
ZNF593	-0.0711046173332774	3.81729465197679	-0.225899618007512	0.825730655660532	0.923856814112597	-6.67237205662112
LRRC57	-0.0564334621508538	2.89458091427397	-0.225705487698898	0.825877652678661	0.923977965428285	-6.5381156055572
ENSG00000285473	0.176467969306777	-4.17810106726258	0.225529911097384	0.826010606741249	0.924040777041992	-5.76668625221679
ENSG00000259408	0.131144375326283	-0.882072354474867	0.225509010638301	0.826026433840016	0.924040777041992	-6.09308556955754
GNAO1-DT	0.100042370730006	-0.501164579533175	0.225477964213812	0.826049944231279	0.924040777041992	-6.13608390616477
ZMYM1	0.0418143657176611	5.30308993756651	0.225145091607919	0.826302028518827	0.924260053572558	-6.8529348090575
ENSG00000285531	-0.133038382105872	0.0942359542265026	-0.225067437150119	0.82636083917775	0.924260053572558	-6.20187355054305
LINC02253	-0.0681559515177272	2.10150255362516	-0.225065714684423	0.826362143678921	0.924260053572558	-6.43270632764612
BLNK	0.14213742678556	-3.41265745705335	0.224848661056289	0.826526532627466	0.924365363954273	-5.83526891912368
MTMR8	-0.0664501646866644	1.79883434577159	-0.224839119525922	0.826533759255379	0.924365363954273	-6.39537495771189
ZNF589	-0.0587420221936439	6.61964423334663	-0.224766310136643	0.826588904673927	0.924383721668663	-6.93418895363075
ENSG00000285816	-0.164656768467079	-1.70316507395604	-0.224631946605393	0.826690673438653	0.924413029248046	-6.00320593596006
HTR3C	0.187414793451148	-3.60396208202435	0.2246294355654	0.826692575366418	0.924413029248046	-5.81780931508622
ZNF12	0.0461169214765018	5.24600396892553	0.224486270398532	0.826801014368738	0.92449097259024	-6.84803378934403
ENSG00000268650	-0.152212430779214	-2.03086790772393	-0.224266846224215	0.826967222370569	0.924631988022636	-5.96910242184386
ITGAE	0.0552945468937027	3.44123249615362	0.224169387810538	0.827041047404412	0.924631988022636	-6.61751242668069
LIAT1	0.0905827164580523	0.924987526175351	0.224166345593139	0.827043351921365	0.924631988022636	-6.29369125256388
PARN	-0.0606475266493254	6.18124923626594	-0.223990926019529	0.827176237300602	0.924737236200921	-6.91371017930288
CHN2	-0.0658801022989235	1.8353348220297	-0.223840821397633	0.827289950403752	0.924774910748143	-6.4000495516358
ALDH1A1	0.0877071963031019	0.69473539784542	0.223783957505258	0.827333029245893	0.924774910748143	-6.26806592656037
SEMA6C	0.124357370754796	4.97778979399899	0.22373696100599	0.827368633218673	0.924774910748143	-6.82203884211352
LINC02236	-0.153609707000755	-2.89089576744356	-0.223655411537981	0.827430415068279	0.924774910748143	-5.88450473144934
ENSG00000273855	0.159890797906644	-3.38543521115671	0.22364355659542	0.827439396471281	0.924774910748143	-5.83805296802345
ENSG00000277534	-0.109268010104854	1.79205942543209	-0.223639566773771	0.82744241919917	0.924774910748143	-6.3948389417527
PCCA	0.0454586355496076	5.83218281563585	0.223564610860206	0.827499207079702	0.924795072830645	-6.89342966813357
ENSG00000294595	0.221625235641869	-3.62247873418096	0.223497972894577	0.82754969401376	0.924808191554357	-5.81638154590737
ITPRID2-DT	-0.164540370758646	-3.7089299975286	-0.22332193317131	0.827683070972187	0.924840176595274	-5.80860583135546
RBM39P1	0.10334006415487	0.017070969982902	0.223244204115399	0.827741964418776	0.924840176595274	-6.19387430331536
ANKRD11	0.0667531399002055	7.37034041628854	0.22323800724328	0.827746659688625	0.924840176595274	-6.96235625360943
GDF9	0.107315280040473	-1.80903989125906	0.223209032017437	0.827768613843096	0.924840176595274	-5.99234879451405
DPYSL4	0.109472691870997	5.30140254666885	0.223180023319623	0.827790593514234	0.924840176595274	-6.85326355478189
SLC33A1	0.0737810316314955	3.50526981622877	0.223113441116934	0.827841042933974	0.924840176595274	-6.62720790729146
ARFGEF1	0.0748659009796358	7.33655619242265	0.223102195899376	0.827849563530458	0.924840176595274	-6.96127142205527
CBARP-DT	0.14654526759798	-2.9177950958062	0.223000521565751	0.827926604093277	0.924882951551333	-5.88208696352196
IL18BP	-0.0929012276861552	2.9262248999568	-0.222944035312022	0.827969405619183	0.924887475611394	-6.54323949104356
TSPAN6	0.0472803238664081	6.72924871981264	0.22277843559543	0.828094889462824	0.924938219440018	-6.93920003267123
USP16	0.0518574177997833	5.11561179899289	0.222605335728062	0.828226061981879	0.924938219440018	-6.8361967579232
CDC42BPB	-0.0409745675958808	7.35928098125833	-0.22252894330359	0.828283952787668	0.924938219440018	-6.96216243913081
FAM91A3P	-0.0827999540747371	0.0396879847388175	-0.222512536537218	0.828296386110046	0.924938219440018	-6.19651633797099
NT5C3A	0.0538097795410293	4.75016363785666	0.222493786281376	0.828310595428719	0.924938219440018	-6.79736051616282
ENSG00000273230	0.158354084693297	0.120164768863304	0.222480797058355	0.828320438959537	0.924938219440018	-6.20531445267261
ENSG00000274964	-0.0792231524474483	0.907281329230349	-0.222331387698119	0.828433667030265	0.924938219440018	-6.29213123225294
CYP2A13	0.0792846736866971	0.913371864042089	0.222252407068208	0.828493523202725	0.924938219440018	-6.29283518204154
UBQLNL	-0.145744153639583	-3.29756634463971	-0.222187409143617	0.82854278331874	0.924938219440018	-5.84651968043678
ENSG00000280422	0.097980557076306	-0.676706599304981	0.222177104137378	0.828550593267226	0.924938219440018	-6.11705367244064
XRCC6P2	-0.103040371942547	3.30253821325371	-0.222130864286186	0.828585637722865	0.924938219440018	-6.59762569581228
KDELR1	-0.0601578679625785	8.10609180673608	-0.222116698203181	0.82859637405297	0.924938219440018	-6.98471271677059
MEIOB	0.210250248644392	1.52796884533362	0.22211638477989	0.828596611593709	0.924938219440018	-6.36361471180541
RN7SL751P	0.169985182372523	-3.0992292213458	0.222041847640337	0.828653103145262	0.924938219440018	-5.86511153444263
IMPDH2	0.13817280263147	-0.00857379379989978	0.222009384665036	0.828677707089768	0.924938219440018	-6.19135597853191
CTDP1-DT	-0.0976591921135304	1.39907135062001	-0.221885155564773	0.828771863091677	0.924938219440018	-6.34854277895676
FSIP1	-0.127118194478081	0.0509936270612276	-0.221871884723632	0.828781921525406	0.924938219440018	-6.19790232785663
ENSG00000280195	-0.192057982290122	-2.22705029770761	-0.221809537415607	0.828829177159499	0.924938219440018	-5.94978704487807
LINC00390	0.134178915771627	-3.38917103114816	0.221776311704019	0.828854360608507	0.924938219440018	-5.83812602504726
PPA2	-0.0411686723675651	5.16916399280739	-0.221726431066671	0.828892168049621	0.924938219440018	-6.84152993324555
TEP1	-0.0977038619530601	3.89951572712807	-0.221697511511968	0.828914088074217	0.924938219440018	-6.68524696562404
SLC38A9	0.0766620926573038	5.26069716973288	0.221694243852265	0.828916564857176	0.924938219440018	-6.85003699518705
EBP	-0.0762880572423432	5.32514465687044	-0.221624658854038	0.828969308555707	0.924938219440018	-6.85571328012639
MSRB3	-0.174221593165702	0.313239514379367	-0.221557511492915	0.829020205428454	0.924938219440018	-6.22660216430999
TTC7B	-0.0583769865473096	4.79084336363233	-0.221537107285701	0.829035671730122	0.924938219440018	-6.80221049573722
KIF5C	0.0555604296477901	7.26069898450212	0.221536013203696	0.829036501041754	0.924938219440018	-6.95909954943218
MPP2	-0.0867699050392981	6.39530505311267	-0.221503447206455	0.829061186092945	0.924938219440018	-6.92497802677241
PCDHGB8P	-0.158320783153594	-3.4939950835519	-0.221438214705712	0.829110632964262	0.924950148497618	-5.82855681634857
CDHR1	0.0474549540195897	4.40915454925142	0.221277121862224	0.829232746252303	0.924985649580463	-6.75568299545463
GTF2IRD1P1	0.120536648334081	-3.03011292514521	0.221253055991219	0.829250989324827	0.924985649580463	-5.87181460114301
DPP9-AS1	-0.188409552674066	-3.43338772478821	-0.221237794062542	0.829262558646176	0.924985649580463	-5.83416815444763
KBTBD7	0.0526630298629511	4.81916180469996	0.221191728526002	0.829297478934208	0.924985649580463	-6.80549178256954
MTERF4	0.0393270202567999	5.02642787974187	0.221030509157508	0.829419695415211	0.92507873594443	-6.82771912301509
BTG1-DT	0.16321198675083	-0.918934210406573	0.220898143188281	0.829520042393501	0.925147422981574	-6.0900106678164
PRKCB	-0.162500421586022	4.60653113553711	-0.220763570622192	0.829622065484853	0.925217972848324	-6.78064890261106
ENSG00000289909	0.100372792013836	-1.23006736046014	0.220671719865959	0.829691701921732	0.925252399297541	-6.05532534824769
ENSG00000298290	-0.17356373375278	-2.94410902196526	-0.220303758321065	0.829970686567552	0.92548024998347	-5.88018646971763
BOC	-0.0896198531674579	3.9109641147089	-0.220299951272735	0.829973573161528	0.92548024998347	-6.68722656765994
REXO5	0.0671302882146656	3.49221528600998	0.220123081942984	0.830107682580801	0.925518995223675	-6.62601058398778
ENSG00000288911	-0.138972608544839	-0.831522956765844	-0.22009099218771	0.830132014931784	0.925518995223675	-6.10002990570547
ENSG00000262663	0.125363952660202	-1.75436392096694	0.220026437788074	0.83018096446561	0.925518995223675	-5.99883811966687
KDM7A	0.0550320857101534	4.83863557550511	0.220013094943797	0.83019108201185	0.925518995223675	-6.80795764388733
ENSG00000287900	-0.165305737499106	-3.1299740592585	-0.219998418342859	0.83020221095	0.925518995223675	-5.86267459262004
WDR49	0.220754132288671	-2.28065171289245	0.219842187070753	0.830320680061414	0.925607831435112	-5.94486405897933
ENSG00000305839	0.135461334308175	-2.57430277680611	0.219594494585967	0.830508512699295	0.925682623578525	-5.91596270112035
GNB1	0.0417428461487592	9.14590483575331	0.219568694096377	0.830528078626309	0.925682623578525	-7.01086327931969
ENSG00000231073	0.140747118612892	-3.66850057005201	0.21954679919466	0.830544682826723	0.925682623578525	-5.81309003429947
ENSG00000256341	0.239523847663524	-3.64331567023458	0.219514557009503	0.830569134143623	0.925682623578525	-5.81537662496001
PRMT2	0.0444432656977449	5.87026310521366	0.219464757411494	0.830606900744325	0.925682623578525	-6.89684689301263
ETNPPL	0.0857734824473128	0.762196553493798	0.21944684786025	0.830620482949583	0.925682623578525	-6.2765729967069
RBM15-AS1	-0.0693440585831393	1.56556137890687	-0.219130214002423	0.830860620650675	0.925907009995315	-6.36875721944062
ENSG00000278192	0.0967743805243604	-0.792301409994155	0.218974636167731	0.830978618821891	0.925958765436752	-6.10472561523311
LZTS1	-0.0877882841272291	4.90155314476217	-0.218966675774554	0.83098465650856	0.925958765436752	-6.81514332260034
PGAM4	0.148887910482351	2.49108028886534	0.218854029337329	0.831070096220976	0.926010736998414	-6.48454877212715
CCNDBP1	0.052105490149791	4.68690563868932	0.218649101342693	0.831225535257722	0.926084143988616	-6.7908824769623
BCAP29	0.100545219432323	-2.03939807445108	0.218600830252315	0.831262150259035	0.926084143988616	-5.96951693816795
NKAIN1	-0.0615954338445999	6.46949835629152	-0.218566993279896	0.831287816821143	0.926084143988616	-6.92911277018268
CRIM1	0.0437987143608734	4.64853726256756	0.218549213636069	0.83130130340439	0.926084143988616	-6.78627268350484
SUDS3P1	0.0747807717883329	3.906984062289	0.218437191947032	0.83138627773017	0.926084143988616	-6.68709379323493
NOTCH2NLR	0.0982614209774861	-2.57672976410502	0.218422912724492	0.831397109432587	0.926084143988616	-5.91598727858925
NR6A1	0.0940298874643286	8.84807360652309	0.218404499669629	0.831411076965371	0.926084143988616	-7.00437438164588
ENSG00000259345	-0.110662554772675	0.576980902951643	-0.218357945115417	0.831446391980059	0.926084143988616	-6.25630409041872
NARS1	0.056493784883612	8.34971098195682	0.21830622458222	0.831485626225445	0.926084625559881	-6.99212780107479
B4GALT1-AS1	0.132072618907415	-2.26340239732768	0.218122397854399	0.831625077717679	0.926115951174195	-5.94697442851522
LINC03026	-0.0880738668948267	-0.43047736185037	-0.218115944582374	0.831629973299712	0.926115951174195	-6.14571321307182
ZNF681	-0.0711904367985192	3.88508317772126	-0.218115696442483	0.831630161543778	0.926115951174195	-6.68402069698571
PLTP	-0.0870414024220914	7.43809765478907	-0.21768470245841	0.831957139307403	0.92639846117372	-6.96588434484695
SLC47A1	0.0773518074883284	2.21739745850058	0.217662746039464	0.831973797655397	0.92639846117372	-6.44915340635961
LCA5	-0.0826880551402791	2.75582652552507	-0.217627823044721	0.832000293931315	0.92639846117372	-6.52068596062205
RPP38	-0.0452362014367722	4.48787682889022	-0.217513880231038	0.832086744526005	0.92645149895513	-6.76666573875493
EEF1DP1	0.187126474353547	0.119746597221287	0.217385251485109	0.832184340432093	0.926490485948886	-6.20644656987377
TRPM7	0.0452980872081401	5.84401437030218	0.217358279365702	0.832204805663801	0.926490485948886	-6.89567177205506
LINC00412	0.175994214563675	-1.75064115518282	0.217252463221272	0.832285095463347	0.926490485948886	-5.99985624294749
RPL36A	0.0942276299090716	1.46915581060921	0.217241185937569	0.832293652413137	0.926490485948886	-6.35783564796943
IRF2-DT	-0.101525924902468	-0.610325088003573	-0.217211925196127	0.832315854913901	0.926490485948886	-6.12569527776758
FRRS1L	0.113383483911579	2.68568608176684	0.217106204095355	0.832396075383487	0.926536569871172	-6.51117767886386
NEUROD1	0.16999567728033	-3.65766540272821	0.21696710335492	0.832501627167257	0.926610844359508	-5.81463407504834
MEX3B	-0.0692805420634057	4.31166497744085	-0.216792140379817	0.832634396709719	0.926695199389322	-6.74391232628502
ENSG00000284747	0.122313013027068	-2.14297535392875	0.216740757514767	0.832673389316142	0.926695199389322	-5.95938275161209
TAF15	-0.0492121787946571	7.9045877804438	-0.216713733223446	0.832693897268337	0.926695199389322	-6.98033847982344
ZNF846	-0.0617169483595133	2.23048470933116	-0.216580922790018	0.83279468516792	0.926752198124766	-6.4510731839563
PLEKHM3	0.067836223368082	3.46854273162677	0.216543910354382	0.832822773929694	0.926752198124766	-6.62336310907903
EMC2	0.0431382972906347	5.2468217976368	0.216362461949439	0.832960478802205	0.926862219570714	-6.85004373063646
ENSG00000279253	0.139861336791692	-2.09278136604375	0.216277826313151	0.833024712522981	0.926890480829184	-5.96458527569742
WDR89	0.0388466141497563	5.30075111681891	0.216020024243287	0.833220377810711	0.927028068837019	-6.85490674799486
ENSG00000286707	-0.0771805554814309	1.77921957716797	-0.216012551136328	0.833226049888622	0.927028068837019	-6.39506578652471
HAVCR2	0.184302035410125	-3.20209335238905	0.215947111124137	0.833275719195344	0.927040115137057	-5.85680290033863
KLHL7-DT	0.0866480704314194	1.78220651836397	0.215797135563646	0.833389554312201	0.927114859733052	-6.39547745442656
MTNAP1	0.0484139402610975	5.50119746037952	0.215756242375659	0.833420593940279	0.927114859733052	-6.87164816678648
ENSG00000287377	-0.194323629124229	-3.55342399321576	-0.215656780716403	0.833496090719635	0.92715562999653	-5.82439208514185
ENSG00000273044	-0.173362962745304	-3.76131938096615	-0.215602826724281	0.833537045458508	0.92715797473823	-5.80558916846041
MIR130AHG	0.173180899246343	2.36252043971799	0.215493012714262	0.833620403347157	0.927207482835614	-6.46839869567034
ENSG00000280239	0.135447043271336	-0.374810986086474	0.21536073452143	0.833720816265143	0.927275955161013	-6.15255465368566
FBXO36	-0.071485720106149	3.44085140366897	-0.215078447393381	0.833935112032009	0.927466711871835	-6.619601184962
OTULIN	0.0426487598892447	4.80087462754133	0.214930533019369	0.834047405594185	0.927466711871835	-6.80490888775949
DCAF12L2	0.10800227160446	0.773709405176213	0.2149076308324	0.83406479281417	0.927466711871835	-6.27889623096039
MYG1-AS1	0.119750756271262	-1.16756343477247	0.214894589827565	0.834074693518293	0.927466711871835	-6.06353607059849
TAF1D	-0.054500739321302	5.99981365200054	-0.214878872611665	0.834086626036664	0.927466711871835	-6.90580629109281
GOLGA5	0.0490818593336764	5.78344927114207	0.214395631418938	0.834453524477055	0.927831459058648	-6.89243102439916
ENSG00000300014	-0.105932075413332	0.106737677851049	-0.214293876020478	0.834530787048626	0.927866638359069	-6.20572593285065
PCNX3	-0.0703346766515045	5.97098762405095	-0.214251562136152	0.834562916397291	0.927866638359069	-6.90427835685899
SSBP3	-0.0415916414880382	6.96388697290514	-0.214138369327963	0.834648866374803	0.927918972133754	-6.95033171942039
ELOCP19	-0.176295998001848	-2.47370375372509	-0.214037684457637	0.83472532069257	0.927960744746824	-5.92703409102695
YY2	-0.141779486302678	-1.37600666429502	-0.213727310315091	0.834961012348735	0.92817952872507	-6.04088094923289
XDH	-0.130118445272656	1.1332526280751	-0.213450439510821	0.835171276689322	0.928341223511363	-6.31979724116825
ZNF160	-0.0778211704392318	5.55635583176017	-0.213433343016843	0.83518426074647	0.928341223511363	-6.8764675331698
ENSG00000255983	0.238625377977171	-3.78576001251525	0.213347287225258	0.835249617231769	0.928370633561711	-5.8038811655417
FZD4	-0.0598771213847291	3.88212918457897	-0.213295137790291	0.835289223615462	0.928371421255017	-6.68471610919349
ENSG00000289937	0.148887734728864	-1.65135752631877	0.21318398924343	0.835373640172995	0.928422010244883	-6.01129813473121
CDA	0.0937378959515578	3.39338972508834	0.21304481029191	0.835479348712805	0.928496257018463	-6.61305811044889
MRPL20-DT	-0.0783559922057562	1.13118557805226	-0.212976384223837	0.835531320613076	0.928510780326502	-6.31966819381366
ENSG00000287642	-0.0759248687021714	0.223794554724502	-0.212852023763319	0.835625778685013	0.928572514194767	-6.21882709409914
SYTL5	-0.0908101958219494	0.639462039786794	-0.212649531247883	0.835779587858979	0.928673209703907	-6.26450661497311
TMEM263	0.0673809208946956	4.24639435729504	0.212580533166269	0.835831999044694	0.928673209703907	-6.73607606450538
ZCCHC24	-0.058010998897676	4.61600827636527	-0.212562122338144	0.835845984116577	0.928673209703907	-6.78372317791732
ENSG00000289108	-0.174487023157742	-2.81527014390988	-0.21252782578861	0.835872036320414	0.928673209703907	-5.89420469164966
LNROP	-0.181333540071703	-1.22129598770997	-0.212419235514205	0.835954524586585	0.928721623530607	-6.05814387086471
SH2D1A	0.148968863816839	-2.53024631247954	0.212343130472052	0.836012337384396	0.928742620385095	-5.92186042684665
RHOB	0.0711147526708489	4.91544026109499	0.212062641856772	0.836225417910458	0.928848761105407	-6.81824736403201
TCTN2	0.0536194479023848	3.78201151891561	0.212048058871477	0.836236496636343	0.928848761105407	-6.67044944633458
DDX41	0.0391693731601501	6.66345316335958	0.212021813188376	0.836256435633643	0.928848761105407	-6.93904500155072
ENSG00000275441	0.146388702562554	-1.74519327382505	0.212007624735455	0.836267214733918	0.928848761105407	-6.0015919653605
LDLRAD3	-0.0474627639397722	5.31651418577978	-0.211878627967491	0.836365216409518	0.928848761105407	-6.85724296978864
WDR82	0.054069276287529	7.11002336938075	0.211835009193294	0.836398355211973	0.928848761105407	-6.95615709447822
MRPL3P1	0.181492980774463	0.256681168800225	0.211789017858384	0.836433296899382	0.928848761105407	-6.22265252757184
CKAP2-DT	-0.102867848675806	-0.0918579946947979	-0.211760055671655	0.836455300967254	0.928848761105407	-6.18456423355726
LINC00327	-0.120456688148082	-2.51230282754253	-0.211756319167593	0.836458139792957	0.928848761105407	-5.92374333518894
FN3K	-0.0598156102426559	3.41115091022365	-0.211564566667836	0.836603827908749	0.928967319284364	-6.61601481698815
CCNYL5	-0.0727411110536802	1.30376679320888	-0.211421584868099	0.836712465633394	0.928983261360731	-6.33986698466031
ENSG00000295652	-0.116921664537847	-3.34597007148131	-0.211410342910935	0.836721007436734	0.928983261360731	-5.84438099698259
LIN28B	0.0601989298830397	7.49225947046482	0.211391986522531	0.836734954936592	0.928983261360731	-6.96908962820866
FUCA2	-0.0495366447618952	6.40070605519369	-0.211109188266228	0.836949837392162	0.928994298204007	-6.92766476213676
P3H1	0.0456151921674577	6.11165286255962	0.211084772927022	0.836968389890134	0.928994298204007	-6.91301924073019
CMYA5	-0.0814724075447135	1.39389902981009	-0.2110405513777	0.837001992810541	0.928994298204007	-6.35043029271867
NRBF2P3	0.248285628965379	-3.60396208202435	0.211004617532375	0.837029298351076	0.928994298204007	-5.82078380956807
TXLNB	-0.150625406995045	-2.59567780012028	-0.210993526727851	0.837037726117492	0.928994298204007	-5.91576478533514
ENSG00000294501	0.133722866615276	-2.31561388568144	0.210987725775638	0.837042134198561	0.928994298204007	-5.94332560138685
ENTREP3	0.0811199787328372	6.03241563595232	0.210894052769505	0.837113316122751	0.928994298204007	-6.90861100219931
ENSG00000229273	0.204240744771671	-3.41912747069162	0.210832836495649	0.837159835073512	0.928994298204007	-5.83774190877918
PGK1	-0.102603085909262	9.91951382973676	-0.210795550029045	0.83718816981005	0.928994298204007	-7.02882266206719
TRMT10A	-0.0568686244409622	3.07985180176337	-0.210788209599593	0.837193747978832	0.928994298204007	-6.56796132061792
OSBP	0.0413704581208583	6.50697794572992	0.210767988506774	0.837209114522105	0.928994298204007	-6.9326136021138
CYGB	-0.0718659066431322	1.84825658698241	-0.210764215944556	0.837211981399841	0.928994298204007	-6.40464806740316
DQX1	-0.122243950570815	-0.984287403503164	-0.210597040061618	0.837339025627125	0.929092074599842	-6.08494656413306
LRBA	0.0548083341170385	6.90636232319	0.210479167808465	0.837428604820026	0.92914827349912	-6.94901488259746
NFATC4	-0.124589367365015	5.08792036966511	-0.210427478603272	0.837467887751192	0.929148664789777	-6.83637248931971
PLXNA3	-0.0742356426909856	4.21382218248521	-0.210342151598545	0.837532735869014	0.929177418629933	-6.73218117560596
MYCL	-0.0660153898422315	5.3736905945093	-0.210047815713966	0.837756439501852	0.929216487926877	-6.86258739476287
ENSG00000229591	0.148761371519766	-4.16445031750863	0.210047678191293	0.837756544026525	0.929216487926877	-5.77121479386553
ENSG00000268189	-0.148246084239271	-2.92518646282169	-0.210033637535093	0.837767215702346	0.929216487926877	-5.88422706472493
MNS1	-0.0899533985189693	2.41697880888516	-0.209993194384567	0.837797954927396	0.929216487926877	-6.47676962075344
RREB1	0.0470069786099989	5.44808632921753	0.209873949988278	0.837888589496076	0.929216487926877	-6.86881091844067
MRPL44	-0.0533170962260217	5.92732293612965	-0.209841097309114	0.837913560399984	0.929216487926877	-6.90264825220782
ENSG00000249593	0.110550645035646	-1.85101324701243	0.209827991131004	0.837923522291908	0.929216487926877	-5.99093666472095
ENSG00000273384	0.144472256011732	-1.91368115948294	0.209765586838783	0.837970955662066	0.929216487926877	-5.98441505232226
CEP83	-0.0565136554597787	4.09959060187667	-0.209763826145562	0.837972293971095	0.929216487926877	-6.71644180188234
ENSG00000268401	0.157009171604326	-2.07826408653075	0.209717265298943	0.838007685228271	0.929216487926877	-5.96749842165955
PRPF39	-0.0467538609572209	5.06897037752365	-0.209632757993341	0.838071920845357	0.929216487926877	-6.83467921915589
ENSG00000263551	-0.0860336486628074	0.869497199152745	-0.20959965171647	0.838097085897876	0.929216487926877	-6.29079351605017
ZBTB11	-0.0493375039653676	4.51075752487887	-0.209568446652835	0.838120805957177	0.929216487926877	-6.77143108689087
MTMR2	0.0423933274623938	6.77453354335873	0.209552871542914	0.838132645205924	0.929216487926877	-6.94411096619549
GXYLT1	0.0421079589891908	4.83903081390043	0.209527477388106	0.838151948384372	0.929216487926877	-6.81043506347793
LIMD1-AS1	0.103912848782048	1.37368387607527	0.209450166429395	0.838210716427423	0.929223473622086	-6.34842648387256
ENSG00000205740	0.107853740201448	-1.33948791985399	0.20941675266563	0.838236116272825	0.929223473622086	-6.04581240953228
B3GAT1-DT	0.136037961563076	0.295502065314354	0.209232757077869	0.838375986051794	0.929334347003446	-6.22746010123811
NAPB	-0.0611307330406934	3.81226980944479	-0.209182739693862	0.838414009288063	0.929334347003446	-6.67554948265424
GALR2	0.184791283212653	-0.427086280698138	0.208957572616073	0.838585186778905	0.929479734807058	-6.14813829597187
TROAP	0.0519929835714006	5.52891238532657	0.208817603725243	0.838691598973199	0.929479734807058	-6.87539697861799
ENSG00000306426	0.16760425828577	-3.13769572504619	0.208743916553356	0.838747621456738	0.929479734807058	-5.86438551644505
ENSG00000275936	0.157860172337545	-3.66160490692621	0.208739058327338	0.838751315075579	0.929479734807058	-5.81603165417629
MAP7-AS1	0.133372174358575	-1.45114985328998	0.208725274091041	0.838761794996232	0.929479734807058	-6.03380962454774
SP140	0.120640919572546	-2.35386689236154	0.208600375449167	0.838856754813649	0.929479734807058	-5.94004025287492
MGARP	-0.115797375055746	1.14823197733611	-0.208515658710015	0.838921166069347	0.929479734807058	-6.32261311579479
ZNF419	-0.0512398130668208	3.7979175887411	-0.208470885841548	0.838955207975002	0.929479734807058	-6.67359903670506
ENSG00000296790	0.126104672290842	-1.40218623048857	0.208422316097757	0.83899213713049	0.929479734807058	-6.03918777561455
CCT6P3	0.0891535158477319	0.255139192383311	0.208401606768392	0.839007883231263	0.929479734807058	-6.22323346375855
ENSG00000280177	0.0980605570137642	-0.862166307889992	0.208391007867559	0.839015942012541	0.929479734807058	-6.09918706687702
TUBD1	0.0580194271103345	3.98146479632477	0.208284368967026	0.839097025047731	0.929479734807058	-6.70015659283278
LRCOL1	0.234898749164196	-3.6471630416912	0.208268150036921	0.839109357306129	0.929479734807058	-5.81743786608846
ENSG00000268945	0.170761053145138	-3.86195409256739	0.208242290057888	0.839129020346114	0.929479734807058	-5.79815255906101
NUB1	-0.0361059935192403	5.87425139366455	-0.208241875829839	0.83912933531184	0.929479734807058	-6.89969532988378
ZNF35	0.0637770326772214	3.85965351995899	0.20807846695996	0.839253588492637	0.929574224826144	-6.68267367773462
ENSG00000290721	-0.151840780320779	-2.26217321569477	-0.2079322665915	0.839364760551537	0.929585628737469	-5.94931808226647
ENSG00000287806	-0.105068911275342	-0.153535149693316	-0.207917254044623	0.839376176434747	0.929585628737469	-6.1786506241943
ENSG00000303418	0.1221289949842	-3.13769572504619	0.207842165459042	0.83943327609325	0.929585628737469	-5.864575263653
SARDH	-0.131422308131695	3.62593342021587	-0.207822606036463	0.839448149836721	0.929585628737469	-6.648510740525
VIM-AS1	-0.139269181491784	0.272213034867227	-0.207808827995126	0.839458627233363	0.929585628737469	-6.22522714588664
RELN	0.173454737409404	-1.86007944222883	0.207657839253627	0.839573447511155	0.929605957776352	-5.99045539957906
VWA1	-0.0737362135471571	4.75723414916548	-0.207612727641191	0.839607753666248	0.929605957776352	-6.80161954075717
PLSCR3	0.135863307177979	-3.01693326681738	0.207575709671071	0.839635905088724	0.929605957776352	-5.87602921160895
FYTTD1	0.0518934111982761	5.3111238521108	0.207539978183929	0.839663078391035	0.929605957776352	-6.85775589409392
HSPB6	-0.14033146161709	-1.89554244077481	-0.20752859864014	0.83967173242312	0.929605957776352	-5.9867835216601
MYO7A	0.0859865928246846	2.43118250633851	0.207469868499923	0.839716396477228	0.92961228418396	-6.4792042373222
FBXL4	0.0527568867843788	4.42509302157449	0.207319071013129	0.839831080131958	0.929696121962405	-6.76095403968398
DNAJB1	-0.0457805615091793	6.40788605776339	-0.207221982443349	0.839904919458165	0.929734739237884	-6.92888049958395
ENSG00000227040	-0.210678986308865	-2.55845784397913	-0.207117229016165	0.839984590003681	0.929777024070418	-5.92022046578277
CD7	-0.156882732576703	0.483790236231182	-0.20705211610469	0.840034112783841	0.929777024070418	-6.24856638633154
PDE12	0.0672002104050469	4.66925220015366	0.207018094822636	0.840059988563895	0.929777024070418	-6.79142372064585
ANKRD18CP	-0.148806937413225	-1.04738948885407	-0.206854255779759	0.840184603442638	0.929871826124065	-6.07869365366565
ENSG00000293132	-0.147608877257595	-4.02994287462644	-0.206795321145986	0.840229429859675	0.929878317836449	-5.78361006038121
PPP1CC	0.0503831277638884	9.04835042992546	0.206720649889459	0.840286226605862	0.929884037606899	-7.01166046982398
TASOR2	-0.0469334904701215	6.37804279558551	-0.206685354412804	0.84031307352439	0.929884037606899	-6.92760028208708
LINC02731	-0.115158619972039	-1.22028543901391	-0.206634860275871	0.840351481423857	0.929884037606899	-6.05951217802296
LINC01545	0.115010969689098	-0.873714276368193	0.206578392962144	0.840394433284056	0.929888453369984	-6.09827932473241
PPP2R5A	0.0414610459836258	5.69020424614074	0.206451907327141	0.840490646565278	0.929946838083304	-6.8878270917923
TSHZ3	0.11337215184342	3.76207353794528	0.206406579741502	0.840525126372524	0.929946838083304	-6.66879144104796
SPATA9	0.155121726809917	-4.18753316699441	0.206222078724682	0.84066547632347	0.930059005396202	-5.77001438654035
ENSG00000287814	-0.151316992075416	-2.917784123813	-0.206052823846384	0.840794233669094	0.930125306294575	-5.88577217856531
ENSG00000269867	-0.22948407291234	-3.32907251184849	-0.206040844355438	0.840803347019125	0.930125306294575	-5.84707570738836
MTSS2	-0.0590457714859713	5.00919054969352	-0.205949179428984	0.840873081560805	0.930159336188902	-6.82941729305565
SH3BP5L	-0.0769499173282897	5.62142392732933	-0.20572546831186	0.841043276929955	0.93030448581764	-6.88308745021658
SS18L2	0.044746177421934	4.69463505521048	0.2056305397215	0.841115499471904	0.930341256182034	-6.79478587488963
SLC12A5-AS1	-0.134743844648228	-0.393295554482614	-0.20557359589861	0.841158823594112	0.930346060647883	-6.15265112508495
CHST3	-0.0521256589102368	3.86419745822454	-0.205317518183256	0.84135366004526	0.930518433934209	-6.68394094339725
ENSG00000266373	-0.169124133846617	-2.23465706659077	-0.205260348860912	0.84139715879173	0.930523422866513	-5.95264046472769
IL23A	-0.122173663469778	0.381846593126624	-0.205001213392616	0.841594335660487	0.930574013864044	-6.23782758240803
ENSG00000239906	-0.147752644101644	-1.75202895665208	-0.204997726457382	0.841596988956922	0.930574013864044	-6.00237448655238
TBL1XR1	-0.0438905797310003	6.45114869240264	-0.20496430764936	0.841622418270901	0.930574013864044	-6.93139591260248
WDCP	0.0469519627374702	5.37073370227993	0.204948217441099	0.841634661832291	0.930574013864044	-6.86347879585292
ENSG00000279035	-0.173589724317289	-3.7989332260126	-0.204944022274929	0.841637854077565	0.930574013864044	-5.80445821200374
RPL5P1	-0.125874077638723	2.19662185161098	-0.204810909636553	0.841739145589966	0.930642895622167	-6.4494054705718
FAM133DP	0.0532753716965688	3.30101082870929	0.204693440405694	0.84182853582392	0.930689528362908	-6.60139887845433
ENSG00000289295	0.0777074939085598	-0.0143930217443559	0.204652996063157	0.841859313186694	0.930689528362908	-6.19460529377431
ZFAND1	-0.0597444628348978	5.0488953618039	-0.204575129716166	0.841918568755644	0.930711925914356	-6.83380332981858
ZFAND2A-DT	0.0811950528384882	1.88957004153199	0.20440967668445	0.842044480406201	0.930778017075874	-6.41109589096294
CHKA-DT	-0.132906565529892	-2.20975934450869	-0.204394077709829	0.842056351644625	0.930778017075874	-5.95532148814687
DCAF13	-0.0460545400330741	6.76544235840701	-0.204331134871641	0.842104253254463	0.930787857751321	-6.9449185998253
ENSG00000232176	0.10771344246149	0.322271999642278	0.204202975632167	0.842201788813642	0.930852555969954	-6.23148009950207
TYW1B	0.0699781129795147	1.48449714755372	0.20407830159235	0.842296674640472	0.930914319687156	-6.36258322465693
ENSG00000300229	-0.239178883932285	1.99366137247849	-0.203978664277394	0.842372507633681	0.930955021286028	-6.42405295460742
PCAT14	0.214754705675249	0.776576094894153	0.203556244825464	0.842694025684687	0.931124912575829	-6.28172619622219
SAMD15	0.11925488797713	-0.0197428105037889	0.203555100258697	0.842694896895121	0.931124912575829	-6.19425352418099
LACTB	-0.0501688841196373	4.17380147454874	-0.203550142446899	0.842698670637659	0.931124912575829	-6.72819941141227
ENSG00000307855	0.134194061875179	-1.51346760769979	0.203544928024038	0.842702639709588	0.931124912575829	-6.02816819557747
ANGPTL6	0.147436072408765	-2.18073687097691	0.203520414573439	0.84272129872001	0.931124912575829	-5.95842219287702
ZNF436	-0.0690479655210463	1.95026370500326	-0.20342207853998	0.842796150611721	0.931164509149613	-6.41879373239761
PTPN7	-0.146990740265952	-2.67282104512683	-0.203330754365133	0.842865666649603	0.931171373376219	-5.90988432701728
TTPA	-0.126396708326979	-0.884070085777234	-0.203287306556927	0.842898739652862	0.931171373376219	-6.09781956334028
ENSG00000254639	-0.158001832376771	-2.1627673542895	-0.20325324487698	0.842924668043785	0.931171373376219	-5.9602876058569
CLDN34	0.112387142698663	-2.55190114778348	0.203087160282482	0.843051097569561	0.931171373376219	-5.92170322711739
TAT-AS1	-0.106697480823687	-2.69544929829342	-0.203068933047834	0.843064973075645	0.931171373376219	-5.90774805613868
TRMT13	-0.0604551696445244	3.84812852426851	-0.203041613374551	0.843085770317625	0.931171373376219	-6.68212679141368
ENSG00000300775	-0.132954069180395	-3.42916907476609	-0.203010730691851	0.843109280070757	0.931171373376219	-5.83844395551778
RPSAP70	-0.113999240196286	-1.52119531251849	-0.203003895382689	0.843114483540458	0.931171373376219	-6.02744849865591
ENSG00000308230	0.10252555486235	-1.56018283639018	0.202925991387284	0.843173789547236	0.931193782570167	-6.02326827384155
CDK16	0.0416242478644069	8.31267877914041	0.20276485649617	0.843296460024957	0.931260771089331	-6.99471016579166
PLEKHH2	0.0852345179525695	2.91457049037924	0.202711074789718	0.843337404508066	0.931260771089331	-6.54621045428341
GRM7	-0.137121900018923	-2.50719324917873	-0.202692557048823	0.843351502338995	0.931260771089331	-5.92615892856526
MAP3K9-DT	-0.0543971057919617	3.86458157711954	-0.202552474748966	0.843458150946502	0.93132995572032	-6.68460349252373
NRIP3	0.0661471899809909	3.68164474166826	0.202507753239541	0.84349219939039	0.93132995572032	-6.65788195014202
MRPL45	-0.0491884290087263	6.2137444304846	-0.202445287604541	0.843539757778606	0.931339380991904	-6.9203858621779
RPS7	-0.0524515918420923	7.13770865671189	-0.202267316451653	0.843675260225305	0.931445898593642	-6.95928560233764
RASSF10	0.063282327195626	1.5488445865298	0.202182025251583	0.843740200540685	0.931472537687952	-6.37057281904724
ENSG00000274565	-0.183002338273246	-1.2609160831446	-0.202100658021215	0.843802154305421	0.931472537687952	-6.05600827491131
ENSG00000273275	0.101278728051181	-2.13035044721139	0.202062670638606	0.843831078632736	0.931472537687952	-5.96380958772547
MESP2	0.122232706268082	-0.117919715120097	0.202030597881084	0.843855499639204	0.931472537687952	-6.18382351806239
ENSG00000230551	-0.0749876972654877	2.50346177998565	-0.201820411359475	0.844015545239012	0.931591783405974	-6.49002796895063
ACTR10	0.0432462525552237	5.11278678871591	0.201683765410987	0.844119597676171	0.931591783405974	-6.84072446247245
ENSG00000277159	0.100439703479876	0.315035905464566	0.201673634780579	0.844127312020132	0.931591783405974	-6.23122970666274
ENSG00000290976	-0.160753611004383	-3.68491517187696	-0.201641326120458	0.84415191476185	0.931591783405974	-5.81538248239015
KIAA0825	-0.0879080416694547	2.14647537764941	-0.20163242632159	0.844158691906021	0.931591783405974	-6.4437271246488
ANAPC5	-0.0406645905010592	7.11543035943863	-0.201551895686538	0.84422001611255	0.931616382677929	-6.9586525216603
SPARCL1	0.110495668676307	-0.0800072950772008	0.201282972947612	0.844424809088948	0.931696745460913	-6.18813251621717
TMEM176B	-0.104657412935004	-0.25839058264602	-0.201252859555069	0.844447742122948	0.931696745460913	-6.1685335307564
ENSG00000275484	-0.1307187110662	-3.62437531433856	-0.201247598125777	0.844451749011455	0.931696745460913	-5.82094524147641
DNAH1	0.12127713220606	0.524873448387176	0.201238219592507	0.844458891328804	0.931696745460913	-6.25434600443165
ENSG00000289238	0.0849889575829366	-0.576991061204977	0.201199964443865	0.844488025078809	0.931696745460913	-6.13296781366261
SVEP1	-0.0819204765043522	0.702445777228636	-0.20092100997319	0.844700474215076	0.931888056674273	-6.27405040000974
ARGLU1-DT	0.0631433529440277	1.10671547839105	0.200675519435288	0.844887448302675	0.93200699900379	-6.31957159689823
ENSG00000258559	0.227524267607043	-1.22431162165644	0.200668930705596	0.844892466646025	0.93200699900379	-6.0603282170476
GMCL2	0.195599079149671	-3.41130212275831	0.200524841740216	0.845002214637841	0.93200699900379	-5.84059648756298
MED17	-0.0795138295621356	1.85322543661012	-0.200469184747687	0.845044607731107	0.93200699900379	-6.40750839689075
ENSG00000271992	0.0994520589232695	-0.371617815473748	0.200425218924911	0.845078096202061	0.93200699900379	-6.15616092653095
ZNF250	-0.0591259555831876	3.41166408781156	-0.200386949524847	0.845107246008906	0.93200699900379	-6.6185653279078
ENSG00000278903	-0.205511083256171	-4.05789162651488	-0.200375616559425	0.845115878377008	0.93200699900379	-5.78246371197029
TRAPPC10	0.0512760684319584	5.1758167210674	0.200369301622841	0.845120688500441	0.93200699900379	-6.84703172576232
IL4R	-0.0608055192043464	5.36545996765834	-0.200296195776542	0.845176374127508	0.932025344051252	-6.86404682430889
TMEM221	-0.086593688670462	0.840950831479516	-0.200179794314568	0.845265040400351	0.93208005540728	-6.28963530829834
PGPEP1	-0.0475117647745691	5.07955267706582	-0.20000081123634	0.845401381260648	0.932187330401843	-6.83785883030158
ENSG00000298291	-0.0959211586794355	-2.62679197310428	-0.199821757580066	0.845537781224189	0.932294660652209	-5.91507324245728
BMP8B	0.109860202377867	0.825452410625884	0.19956506759845	0.845733332499324	0.932359837077523	-6.28803113347476
EMILIN2	0.0760275149158516	3.4852696380288	0.199562240936412	0.845735485964846	0.932359837077523	-6.62962843233989
BOD1	-0.0315171726411787	7.08178649219251	-0.199542320727847	0.845750662023471	0.932359837077523	-6.95789489434391
ANKIB1	0.0342835793488234	5.95082131489394	0.199496760842987	0.845785371721448	0.932359837077523	-6.90636867566291
SKIDA1	0.0778988099002977	3.08903242916857	0.199440111986133	0.845828530009476	0.932359837077523	-6.57178134383695
SVIL	-0.0626377854592972	4.97313282091837	-0.199436500622472	0.845831281367685	0.932359837077523	-6.82710789049254
DENND6B	0.121629946738151	1.62696106840187	0.199355789959807	0.845892772263298	0.932384556209677	-6.38045940333422
GALNT1	-0.0384386262367054	7.11343614659266	-0.199125873153422	0.84606794452005	0.93252753524669	-6.95910879922754
TP53I3	0.0840452475276523	5.05628813851751	0.199082971959647	0.846100631657396	0.93252753524669	-6.83574166042041
IL10RA	0.163863486249731	-1.88898142929428	0.198884823462149	0.846251608273435	0.932611896448178	-5.98927387630715
POU6F2-AS2	-0.095598251795102	0.180461193704515	-0.198840020684622	0.84628574605688	0.932611896448178	-6.21714113506359
CXCL6	-0.0984750685877234	1.76700990612816	-0.198748942847756	0.846355144464139	0.932611896448178	-6.3973974115171
SRPRA	0.0367290449000652	6.35140849277258	0.198728843518488	0.84637045969714	0.932611896448178	-6.9280748602701
PRPF4	-0.0429550863994814	6.03441364961774	-0.19871505764265	0.84638096426051	0.932611896448178	-6.91142817467907
ENSG00000295539	-0.127656528740956	-3.46172786878072	-0.198674817708877	0.846411626470189	0.932611896448178	-5.83632263171861
MBTPS1	-0.0379930308956444	6.45156711437969	-0.198554495715715	0.846503311574503	0.932669861386237	-6.93281639369287
LIPH	0.100377622503961	-1.50188256677368	0.198401019859439	0.846620263328591	0.932730121611261	-6.03048817091764
PLGLB2	0.152032738193403	-3.54618907897267	0.198380152232231	0.846636165189859	0.932730121611261	-5.82864230732301
CCZ1B	0.0467617131494054	5.27695613704253	0.197739300999135	0.84712455124601	0.933225094142096	-6.85691975429597
ENSG00000261136	-0.114849539025801	-0.740553169651555	-0.197589016316827	0.847239091444017	0.933246754767764	-6.11524183824357
CCT5P2	-0.180926722612239	-2.28973047897291	-0.197569597245994	0.847253892054272	0.933246754767764	-5.94871085642125
LRRN1	-0.0468449585425574	7.79890709790109	-0.197528460838392	0.847285245146517	0.933246754767764	-6.98156012939106
ENSG00000289414	-0.153531340820774	-2.10634324393237	-0.197461805877392	0.847336048403116	0.933246754767764	-5.96719513818367
HORMAD1	-0.144429536840896	-4.12416475313255	-0.197456984381265	0.847339723292305	0.933246754767764	-5.77726042454221
ZNF761	0.059083386894307	5.06640872506119	0.197253586077899	0.847494754636391	0.933315559349638	-6.83714663448075
SYCE2	-0.104881140953226	0.565817748221415	-0.197244958235914	0.847501330977085	0.933315559349638	-6.25970205012344
STRIP2	-0.0660668745964661	3.53008482011838	-0.197221109823034	0.847519508852587	0.933315559349638	-6.63669408698027
ENSG00000299679	0.197167945866791	-2.25359294758219	0.196984667942406	0.8476997360106	0.933386151128075	-5.95244597837278
GRHPR	-0.0362624919792056	6.52723345556322	-0.196968600601945	0.847711983628885	0.933386151128075	-6.93654697465542
MATCAP1	0.0659107920456945	4.18122997873743	0.196942017716438	0.847732247002961	0.933386151128075	-6.73065386608148
ENSG00000255621	-0.113217756993296	-1.37907460943681	-0.196931790887739	0.847740042653173	0.933386151128075	-6.04411628692531
RBM39	-0.0411381703309814	7.60946976786328	-0.196610525713373	0.847984943624579	0.933612724858743	-6.97603401967605
TIMM9	0.0425248240216334	5.08130706827118	0.196409478305024	0.848138211003208	0.933738395775338	-6.83880233613611
ZBTB22	-0.0809199196600998	3.76732809393811	-0.196291687138027	0.848228011522726	0.933794185932329	-6.67175611899165
ENSG00000307301	-0.169833370144334	-3.07433799371929	-0.19606747520061	0.848398950379994	0.933939290102824	-5.87294902634806
ENSG00000301438	-0.190059941049223	-3.55148636523399	-0.195892936340216	0.848532024244743	0.934042700057618	-5.82865077920155
ZNF569	0.047660837426581	4.3244238483553	0.195508867239214	0.848824868009633	0.934268572016844	-6.75036641946568
ERCC8	-0.0371077041168002	4.50808939568405	-0.195488929778542	0.848840070517152	0.934268572016844	-6.77416917076848
PRMT6	-0.0418302692064767	5.80037413204261	-0.195442891077695	0.848875175721551	0.934268572016844	-6.89776180365904
GPR162	0.133647390910697	3.06284808735078	0.195381955395172	0.848921640630592	0.934268572016844	-6.56887225617172
PIANP	0.0583205051718814	4.03565345405521	0.195367134805824	0.848932941774387	0.934268572016844	-6.7106381839089
ENSG00000295131	0.155926325440343	-3.69935403469626	0.195288864400017	0.848992625899394	0.934291174951164	-5.81534222144183
CHCHD3P3	0.075936872751588	0.778686036894873	0.195235804544042	0.849033086600504	0.934292621969396	-6.28371580399944
ENSG00000272970	0.101467553961951	0.971326710398072	0.195048154267216	0.849176182670152	0.934359572727178	-6.30537917671216
HLA-DMA	-0.074972898168634	2.05352421734813	-0.195038606683272	0.849183463503978	0.934359572727178	-6.43340791647007
MAFA	-0.110697601742355	0.774526943860731	-0.195002007602156	0.849211373511457	0.934359572727178	-6.28330064870823
ALG2	-0.0704279643239731	4.97179513329033	-0.194947564402452	0.849252891626576	0.934362179710113	-6.82792492733105
ZNF586	-0.0610147640725907	4.03577746547303	-0.194861035229173	0.849318879338292	0.934369842367911	-6.71076208295387
ALAD	0.0434787118639299	4.37231924627869	0.194835760340852	0.849338154362586	0.934369842367911	-6.75685898461339
LINC00906	0.151891987271456	-3.36318346890657	0.194774218317429	0.84938508770424	0.934378405615648	-5.8461893088896
UTP15	0.0563038682365207	5.04430789678052	0.194617984530986	0.84950423789356	0.934450467697289	-6.83548969339407
ENSG00000278376	-0.0882966485647808	-0.100919310571557	-0.194585647836902	0.849528899656252	0.934450467697289	-6.18723605753884
ENSG00000310523	-0.0847840910030428	-0.0498114478267029	-0.194385104694914	0.849681848807281	0.934575634152881	-6.19287451341369
H4C16	-0.0990881354902271	-0.945348478861043	-0.19405529827449	0.84993339794977	0.934809235431666	-6.09282335564778
LINC02232	0.159422361639909	-3.71160171685823	0.193939885112997	0.8500214297535	0.934839403620693	-5.81450065914146
ENSG00000295143	-0.235946993858678	-2.85860944902237	-0.193916634599788	0.850039164426877	0.934839403620693	-5.8938893020058
ENSG00000290086	-0.130840545183699	-3.32050533102498	-0.193768540210102	0.850152127668658	0.934920556193515	-5.85034310228969
EIF2AK3	0.0490218502314592	5.04586352984534	0.193694201692204	0.850208832841315	0.934939836593423	-6.8358415643233
INSYN1-AS1	0.107955097855901	3.14356302316855	0.193611062680359	0.850272252059203	0.93496649803718	-6.5808852670169
ENSG00000297847	0.109382143875414	-3.32862349349051	0.19338235129102	0.850446721011226	0.935042193531919	-5.84966453646957
ENSG00000290003	-0.248694987882773	-3.26991551185725	-0.193381954573214	0.850447023648614	0.935042193531919	-5.8551259787394
ZNF347	0.0428880613450779	4.14056136384508	0.193329085713572	0.850487355046679	0.935042193531919	-6.72574458347203
TAFA5	0.0513928792275733	5.73167671376382	0.193234396583927	0.850559590471904	0.935042193531919	-6.89358081810976
ENSG00000299021	0.096785566458558	-1.86278547625171	0.193230325740092	0.8505626960259	0.935042193531919	-5.99314858027909
HADHA	0.0386946450851884	8.06774198769649	0.193157408129717	0.850618323661759	0.935042193531919	-6.9901807754529
ENSG00000261056	0.112429371890857	-2.28957230172236	0.193108824969982	0.850655387424463	0.935042193531919	-5.94961838350789
FABP5P9	-0.242884744777683	-3.7101000716944	-0.193076034073418	0.850680403591811	0.935042193531919	-5.81480349784386
SLX4	-0.0524806587641491	4.47299122074036	-0.193044873175674	0.850704176393973	0.935042193531919	-6.77018179110733
ENSG00000237741	0.143959539832073	-3.85426731396053	0.193007272114806	0.850732862636512	0.935042193531919	-5.80188980340537
BAALC	0.0967012201758963	1.47386033433757	0.192874575761829	0.850834099891354	0.935093111089537	-6.36369718298482
ENSG00000305133	-0.0806193137029538	-1.48917671698378	-0.19284384202286	0.850857547807914	0.935093111089537	-6.03298608750885
SNRPA1P1	0.0438502276614203	5.46953385486167	0.192606680158873	0.851038492556333	0.935248904219633	-6.87426428939327
GALNT4	0.144004044021085	-2.44014306873791	0.192439321802937	0.85116618554067	0.935313291542464	-5.93482032812618
GDF5	-0.160358492806503	-2.7818083011389	-0.192427167273236	0.851175459517422	0.935313291542464	-5.90155437596266
LRFN1	-0.0716782557802445	3.78635482482911	-0.192223016344849	0.851331231406261	0.935441393120632	-6.67540379588234
KLRK1-AS1	0.159996710485814	-2.10222606381128	0.192065383132821	0.851451513774793	0.935530488871328	-5.96869305185392
MTMR1	0.0431086636587459	4.99961099924197	0.191978454962518	0.851517846210257	0.935560301776928	-6.83143381699786
CERS5	-0.0338881335658305	5.65989719740823	-0.19188501900472	0.851589145905076	0.935572465058627	-6.88881532211645
LINC02861	0.109270750574794	-2.64232478813294	0.191841690066989	0.851622210096373	0.935572465058627	-5.91515435874915
RPL29P24	0.145623484190126	-3.84460751457659	0.191794834584841	0.851657965722192	0.935572465058627	-5.80298456951292
ENSG00000291038	-0.145946975742477	-3.66349080454884	-0.191670197267258	0.851753078721677	0.935572465058627	-5.81928531456694
B4GALT1	0.0532922427956883	5.50259841403795	0.191664094150974	0.851757736184344	0.935572465058627	-6.8770707760819
FAM90A2P	0.158836582025849	-3.36158445865039	0.191633810776241	0.851780846382255	0.935572465058627	-5.84694855343794
PLLP	0.100528383596908	2.66167678292402	0.191604371236916	0.851803312763396	0.935572465058627	-6.5134815011547
ICAM1	-0.0968967456857426	3.67418483100672	-0.191518557565129	0.851868801082331	0.935601337970272	-6.65912287518088
ANGPT4	0.208115768517672	0.166470044986193	0.191384165939623	0.851971363814372	0.935670924910621	-6.21714156523413
ENSG00000226439	0.134400306818821	-3.9430480431048	0.191053915403491	0.85222341109772	0.935904668139202	-5.79438462447732
SPIRE2	0.0670489024359711	3.30818288613743	0.190887978808607	0.852350060512576	0.935993809439578	-6.60538235358847
ZW10	0.0418027596727182	5.71622002862352	0.19083420765942	0.852391101735771	0.935993809439578	-6.8930011875576
GRPEL2	-0.0839137280445961	5.85951289875365	-0.190793420302251	0.852422233291937	0.935993809439578	-6.90254021015028
MAP3K2	0.0417378097295096	4.54933534604799	0.190692805088367	0.852499030481443	0.936035072020086	-6.78033688034786
ENSG00000261187	0.155348543887462	-4.36981995118795	0.190473983106047	0.852666057637505	0.936175397811865	-5.76104553735805
DARS1	0.0543046623606154	7.59077920117343	0.190240316167296	0.852844424379568	0.936328160295651	-6.9767906714196
ENSG00000230896	0.0919684751205585	-1.07594818341321	0.190132260591581	0.852926910188575	0.936375646985774	-6.0789625440142
DLL3	-0.0834746192491291	2.96395324721716	-0.190012089800996	0.853018646501831	0.936407515934962	-6.55587833026679
PSD4	-0.0799822429949524	1.43553975439698	-0.189947048348925	0.853068298982751	0.936407515934962	-6.35979596026677
XRN2	-0.0433217338775442	8.03966251618081	-0.189917603369278	0.853090777426828	0.936407515934962	-6.99007324909031
NELFE	-0.0338962734463069	6.35301366145127	-0.189884677699444	0.853115913209978	0.936407515934962	-6.9300141395208
ZNF396	0.109112108218293	0.769552461115708	0.189797610422589	0.853182382061591	0.936407515934962	-6.28380572129687
C11orf96	-0.151403596636773	-1.0303639708116	-0.189764251394311	0.853207849310645	0.936407515934962	-6.08411997228124
MBNL2	0.118708259501992	0.494612803330588	0.18972202790586	0.8532400841984	0.936407515934962	-6.25338544234945
FAM240C	-0.168963507850988	-2.83567703636155	-0.189680701093624	0.853271634805722	0.936407515934962	-5.89691142229482
ENSG00000280269	0.135397422616492	-3.96982672082745	0.189631694736729	0.853309048647484	0.936407515934962	-5.79228863205261
LINC01416	0.120859179405948	-3.11151516113302	0.189571638405828	0.853354899096715	0.936414775942128	-5.87070887901316
PEX12	0.0622739973420856	2.81926959378594	0.189425048833526	0.853466816385675	0.936494529294143	-6.53563553331059
DNAJC21	-0.0413663951488816	5.85289663931084	-0.189337510048889	0.853533651570398	0.936500207427896	-6.90241389993397
ZNF627	-0.040336470742206	4.85133302381093	-0.189314028383858	0.85355157984611	0.936500207427896	-6.81617468042537
ENSG00000299043	-0.131765280783839	-2.48435407565409	-0.18926409284744	0.85358970597002	0.936500207427896	-5.93108450446415
EFR3A	0.0461284053924018	5.38298744474497	0.189037814112539	0.853762476271932	0.936579904100132	-6.86792205099417
ENSG00000272800	-0.0700026092769508	-0.246160021680125	-0.189022284211881	0.853774334092942	0.936579904100132	-6.17238779185223
VSTM5	-0.0872748463451416	-0.450643495353674	-0.188897493565017	0.853869619095153	0.936579904100132	-6.14967851798316
ZNF268	0.0410093575709265	4.95792048987394	0.188870983853801	0.853889861136132	0.936579904100132	-6.82773165233664
CLNS1A	-0.0403325412864461	7.33106497675231	-0.188745506243125	0.853985673677857	0.936579904100132	-6.96875874574849
ENSG00000236662	-0.194019113665275	-2.82047286694341	-0.188703531471197	0.85401772544473	0.936579904100132	-5.89855842957486
PFDN1P1	0.157092111179864	-3.41945225124894	0.188671708364656	0.854042025625885	0.936579904100132	-5.84216564667369
JMJD6	-0.0533592461376111	3.73631662037186	-0.188568950694415	0.854120492656621	0.936579904100132	-6.66880841140794
RNU2-7P	0.12206352297854	-3.15923164383948	0.188427390496302	0.85422859250256	0.936579904100132	-5.86643893225226
LINC01932	-0.113856856547448	-2.74875891929228	-0.18842140656672	0.854233162090014	0.936579904100132	-5.90551441702248
GJB2	-0.110583429660451	-1.02462911592152	-0.188405769984463	0.854245102887168	0.936579904100132	-6.08502873687935
KIAA1217	-0.0782274535716416	4.87295737033144	-0.188402789210622	0.854247379144441	0.936579904100132	-6.81876639433777
PAICSP4	-0.0651643643841666	2.33537088091948	-0.188362977685166	0.854277781207403	0.936579904100132	-6.47071951138841
ENSG00000306749	-0.184630365008811	-1.61859754236428	-0.188347644513696	0.854289490447073	0.936579904100132	-6.01994691285755
ENSG00000293432	0.177466884707993	-3.7563389246826	0.188332570271694	0.854301001990249	0.936579904100132	-5.81154630357788
ENSG00000296939	-0.138298426615558	-2.73328526503079	-0.188325729736342	0.854306225821458	0.936579904100132	-5.90702603696123
NRSN2-AS1	0.0859897023338689	2.72333759981187	0.18828599538446	0.854336569432386	0.936579904100132	-6.52259351547056
TRGV7	-0.157178341475282	-3.10951397973157	-0.188243926386516	0.854368696194247	0.936579904100132	-5.8711511360238
TTYH1	-0.0983227149194352	6.06618473477085	-0.187814353629873	0.854696763229909	0.936885281344489	-6.9155075250674
B3GNTL1	-0.0610923861364516	2.93662159854468	-0.187776364869	0.854725776846479	0.936885281344489	-6.55245408872062
RPL5	-0.0365696961978337	9.8063355462406	-0.187452044184531	0.85497348342549	0.937026831544598	-7.03167797280914
LOXL1	0.0773636898447441	4.16546531028431	0.187432985382697	0.854988040489363	0.937026831544598	-6.73044195353925
KLHL23	0.0400427271783688	6.54755337472679	0.18740417253282	0.855010047778086	0.937026831544598	-6.93942792413341
H3C1	-0.0906991259294399	-1.77184325576096	-0.18732471058639	0.855070741580114	0.937026831544598	-6.0038548011869
POC1B	0.0595871427002388	4.87249084566277	0.187309286046141	0.855082523107472	0.937026831544598	-6.81893778040093
ARMC9	0.0373517519925182	5.48253334489934	0.187205235717303	0.855161999499011	0.937026831544598	-6.87640098016952
CKLF-CMTM1	0.19900131497733	-3.27688309656286	0.187198963040532	0.855166790789474	0.937026831544598	-5.85566355279352
MARK2P19	0.149302575524798	-3.65274776996641	0.1871960750768	0.855168996719506	0.937026831544598	-5.82110838978197
FAM201A	-0.0649027145569368	1.85848289806822	-0.187107294226452	0.855236811346104	0.937048214121363	-6.41090895894618
ENSG00000285637	0.121418241599344	-3.20393954244423	0.187067728387915	0.855267033829965	0.937048214121363	-5.86250456792354
CARMIL3	-0.0782709462038027	3.1911242865938	-0.186947510088704	0.85535886443792	0.937090160228054	-6.58911203612949
ZXDC	0.0543894745628384	4.44615589349537	0.186880017756743	0.855410420489741	0.937090160228054	-6.76800830991512
ENSG00000275719	-0.0667655809425417	0.152514253457682	-0.186863408481381	0.855423108094382	0.937090160228054	-6.21651473015102
TRPC6	0.132395453633406	0.0574561163412304	0.186588335713892	0.85563323878679	0.937213223722475	-6.20618382453728
RPL7AP50	0.0977416724853084	3.39619754081339	0.18657091783531	0.855646544866631	0.937213223722475	-6.61915796187512
OSBPL1A	0.0328523551475586	6.45991592208738	0.186534344317975	0.85567448471137	0.937213223722475	-6.93570611605897
ECPAS	-0.0389014271687138	7.83285749864676	-0.18649060016936	0.855707902736933	0.937213223722475	-6.98486017646278
TMEM45B	-0.184676051282982	-3.20690188145394	-0.186439184017709	0.855747182114976	0.937213223722475	-5.86234573058204
CNOT7P1	-0.217831717467187	-1.69998089188028	-0.18640793419439	0.855771055624247	0.937213223722475	-6.01164265905451
HIGD2A	-0.0643604732618544	5.64448322681276	-0.186292669987794	0.855859113792869	0.937241722511049	-6.88886071983504
COPS4	0.0358052001511648	5.3828474378778	0.186207816011626	0.855923940839852	0.937241722511049	-6.86848498737644
ENSG00000237429	0.214656124220312	-3.41760261306726	0.186190336190732	0.855937295275733	0.937241722511049	-5.84280451551761
ZFTA	-0.0662921771535263	4.77446892266748	-0.186168267885262	0.855954155343082	0.937241722511049	-6.80814092965298
ARPC1B	-0.0950536854531017	0.737889177994976	-0.185919922873755	0.856143894826772	0.93740647480643	-6.28105364114032
ENSG00000275202	0.090395488916896	-0.125958014818637	0.185841674420493	0.856203679858696	0.937428929179664	-6.18623700341548
MFSD11	-0.0496306727174574	3.79693673361124	-0.185527369091526	0.856443831618375	0.937624828079647	-6.67832355497895
SHCBP1	0.0438857055566295	4.36543289730144	0.185501472003563	0.856463619530078	0.937624828079647	-6.75787567170681
ENSG00000253736	-0.111566318651143	-2.78383806186205	-0.185430915389906	0.856517532221263	0.937624828079647	-5.90270256664422
CRNKL1	0.0360593779927729	5.44963620408272	0.185401843584044	0.856539746370325	0.937624828079647	-6.87416962862004
BRINP1	0.0684759461132698	5.02769333412937	0.185143319810557	0.856737293544337	0.937798063888401	-6.83573129798717
KIN	-0.0436740398717106	4.40702843189914	-0.185054625681193	0.856805070254979	0.937816978518256	-6.76335485733301
ENSG00000295811	-0.214535410838429	-3.14688713486946	-0.185017867064342	0.856833160161272	0.937816978518256	-5.86824230081633
UQCRFS1	0.0619124388667807	6.89627066816066	0.184920896610949	0.856907263270915	0.937843238878826	-6.95410908760835
N4BP2L1	0.0884036831739301	1.2114426434189	0.184883630235119	0.856935741964613	0.937843238878826	-6.33478999988982
TDP1	-0.0297574759526169	6.25394564709038	-0.184795875988194	0.857002803970569	0.937855324988472	-6.92614872140428
PPP1R7	-0.0343279706142834	5.69170995073583	-0.184766340224892	0.857025375539388	0.937855324988472	-6.89252602649093
FNDC5	-0.0705802849184549	1.3728460517821	-0.184673951072956	0.857095981258205	0.937889587120699	-6.35351496004884
ENSG00000271964	0.133131072060277	-2.94318585967032	0.184424764244229	0.857286421605282	0.938054970862519	-5.88763256179748
BCKDHB	0.0518739596080069	5.36403759877191	0.184315492560641	0.857369935209389	0.938103344044491	-6.86725190252139
CXCL2	-0.142723244790795	-2.60652470604864	-0.184115969717894	0.857522430255802	0.938123483328687	-5.92011758236219
TUBA1C	-0.0515932685362248	9.30131028858204	-0.184112385100969	0.857525170029875	0.938123483328687	-7.02201139903376
LNCDAT	0.146322890282156	-3.22206480249676	0.184065866843969	0.857560724779594	0.938123483328687	-5.86137029873286
ZBTB4	-0.0447610141787784	4.85276566535815	-0.184051599981584	0.857571629268696	0.938123483328687	-6.81739827305887
ENSG00000274898	-0.117190035563602	-4.24633538352709	-0.18403427288592	0.857584872806189	0.938123483328687	-5.77008155218524
ZNF83	-0.139857028797567	0.541427461747958	-0.18391262764766	0.857677850639421	0.938182192639949	-6.25969439720232
NCR3LG1	0.0843089000914972	1.02363754407649	0.183797752840451	0.857765655678111	0.93821257485088	-6.31356008081735
ENSG00000301612	-0.249688062609086	-2.38219614289361	-0.18377036876228	0.857786587112097	0.93821257485088	-5.94221334347557
CPSF3	0.0299084632354907	7.27870275768295	0.183676138533923	0.85785861429174	0.93821257485088	-6.96802292847137
POM121C	-0.0389220226250373	6.23156616287325	-0.183670576354269	0.857862865922435	0.93821257485088	-6.92522677149173
MIGA1	0.0462538364278911	3.1876417777934	0.183217503800616	0.858209202431071	0.938506053273597	-6.58934935390417
ENSG00000286602	0.118088388528246	-2.52989308149448	0.18321664997102	0.858209855142928	0.938506053273597	-5.92776965525241
ENSG00000290241	0.0984876890287145	-3.1240556578272	0.183149167526654	0.85826144259483	0.938519465335416	-5.87073827679422
SELENOK	0.0352688785818129	4.47163596365918	0.183033296274904	0.858350022854394	0.938573326406095	-6.77204214728135
CLDND2	0.0915016192778924	0.00491655322571653	0.182874505087251	0.858471417516565	0.938647885252019	-6.20116039755413
POU2F2	-0.0859369633628084	3.12933595068057	-0.18280707121084	0.8585229713722	0.938647885252019	-6.58101691174288
ZBTB40	-0.0644994039705802	4.33639754521842	-0.182733486183213	0.858579228636321	0.938647885252019	-6.75458765338343
FNDC1	-0.0814328823337081	-0.156671766741698	-0.182684872614969	0.85861639516122	0.938647885252019	-6.18347875395031
ATAD5	0.0601386403453823	5.00443942986343	0.182644743532662	0.858647075315336	0.938647885252019	-6.83382431987263
GTPBP2	-0.0361728793223657	5.83625154924656	-0.182635452717949	0.858654178518764	0.938647885252019	-6.90269295195765
ENSG00000241860	0.130361328583949	-3.39438448085788	0.182412626797246	0.858824541892604	0.938791121249005	-5.84565040930654
ENSG00000270171	-0.165560857032138	-2.65014382416351	-0.182287531304352	0.858920187992927	0.938852673543723	-5.91621476114275
CACNA1B	0.0781456312739417	3.85095703508774	0.182106411884491	0.859058673359631	0.938953735738716	-6.68687927880083
TPI1P2	0.0859710859819556	-1.22302862214409	0.181986686805216	0.859150218863493	0.938953735738716	-6.06417877067127
EMC3	0.0393066332410026	4.94818593150128	0.1819613720099	0.859169575619653	0.938953735738716	-6.82809775705877
ENSG00000287250	0.150623567313346	-3.69818396053046	0.181810122890372	0.859285229084004	0.938953735738716	-5.81799421729346
TMEM126A	0.05039563218789	4.01268801856479	0.181772482992794	0.859314011177927	0.938953735738716	-6.71017614926095
RAET1K	0.0843918987650855	-0.0134589581838266	0.181749682961612	0.859331445778598	0.938953735738716	-6.19935817419928
CLEC4D	-0.204020836881249	-2.24500092584001	-0.18164017144644	0.859415187534811	0.938953735738716	-5.95628243620666
ENSG00000309420	-0.112264951404058	0.245465639882022	-0.181626131158022	0.859425924057335	0.938953735738716	-6.2276778816624
GLI2	0.0433060544734962	5.50380959772127	0.181620350303357	0.859430344650183	0.938953735738716	-6.87919676865929
CHORDC1P1	-0.119335150165984	-2.55224787251496	-0.181612014209353	0.859436719231688	0.938953735738716	-5.92588150065868
GLDC	0.04839131827078	7.19680193534816	0.181600665103865	0.859445397869359	0.938953735738716	-6.96565106312006
MSLN	0.213700314632845	-2.61384248778305	0.181513264324745	0.859512233721429	0.938973876986615	-5.91988980132301
ENSG00000277368	0.110461188670835	-2.39012696479701	0.181473662979698	0.859542517467783	0.938973876986615	-5.94185724303954
NPC2	-0.0445484602101214	6.53772959486801	-0.181251166930811	0.859712667981444	0.939053041120675	-6.9402283857559
METTL13	-0.0496870679027754	6.11915924711636	-0.181231105576277	0.859728009970369	0.939053041120675	-6.91977605836368
ILF3	-0.0336978265245751	9.59530702024615	-0.181178158805491	0.859768501486028	0.939053041120675	-7.02872830633355
CRYBB2P1	0.0384914271850674	3.95580858160222	0.181159349673484	0.859782886039981	0.939053041120675	-6.70215016200306
ENSG00000291296	-0.148681073926308	-0.975355597840134	-0.18112165852448	0.859811711049152	0.939053041120675	-6.09196033952862
PARP12	0.057773692658686	3.04343311426297	0.18103099659367	0.859881047333499	0.939085794669562	-6.56898492363089
CUX1	-0.0333997695661079	6.10299968556329	-0.180866624966613	0.860006758374869	0.939180109912285	-6.91896128367483
SMC5	0.0346348730580051	5.46175707785876	0.180773379133659	0.860078074391242	0.939187697461904	-6.87604331942223
ANGPTL4	-0.0888471356772151	2.33904847482281	-0.180754638026856	0.860092408070761	0.939187697461904	-6.47269903976827
ZNF780A	-0.0460478289439674	3.64728357613025	-0.18063168292274	0.860186448607922	0.939199058006291	-6.65735083782307
ZNF600	-0.0755847626851489	2.75210267098464	-0.180621915957479	0.860193918836318	0.939199058006291	-6.52806589648679
NDUFV2-AS1	0.0917949675570611	-1.35010581361634	0.180566708026145	0.860236144695974	0.939199058006291	-6.050479658192
SETD1A	-0.0483313033316888	5.62298095922115	-0.180535234680306	0.860260217332532	0.939199058006291	-6.88846974212239
ENSG00000255856	-0.0879867296866321	-0.389336847691148	-0.180439048271946	0.860333787192482	0.939236414734378	-6.15817223995364
TUBA4B	0.166799185431211	-3.32513858561169	0.180235252161514	0.860489668834468	0.939363624665977	-5.85246411690027
ENSG00000303109	-0.12463262215919	-3.99276570721272	-0.180071277539036	0.860615095960973	0.939443196519352	-5.792029427506
KRT86	-0.133238064726704	-3.21117790481382	-0.180037043629261	0.860641282603412	0.939443196519352	-5.86313027366814
ENSG00000289629	-0.145392362526016	-3.24121652271858	-0.179977683153557	0.860686689800363	0.939449795365648	-5.86033068054525
MEN1	-0.0403564193610784	6.13889284445476	-0.179471786927219	0.861073691538493	0.939829231076472	-6.92119731579415
ENSG00000232855	-0.212118587003066	-3.20399716869814	-0.179400578817085	0.861128167583205	0.939845709516569	-5.86391840180353
HMGN2	0.069786253520701	7.95680860925876	0.179319123479753	0.861190483955418	0.939870743086742	-6.98985847126354
ENSG00000280069	0.22422970632441	-3.02394680152391	0.179122531002804	0.861340888637665	0.939976732652362	-5.88093568035237
ITGA6	-0.0321861278123876	7.82936494719547	-0.179060614618193	0.861388259474586	0.939976732652362	-6.98623111880509
ZDHHC1	-0.0869085215993559	1.86339328870395	-0.178938089570711	0.861482002333708	0.939976732652362	-6.41310201254374
ENSG00000274859	-0.10780099625295	-2.14690928016555	-0.178933740582563	0.861485329748447	0.939976732652362	-5.96665336856404
PTH1R	0.128619975905286	1.0085237303054	0.178875661720525	0.861529766209547	0.939976732652362	-6.31279274733023
ERCC6L	0.0383420776108885	5.55322155082986	0.178843660111845	0.861554251034626	0.939976732652362	-6.8835704108808
CLSTN3	0.054060301803653	5.7365409795606	0.178831848387753	0.861563288369006	0.939976732652362	-6.89682344022084
UTP3	-0.0500650276690697	5.54934953545757	-0.178750699919381	0.861625376892887	0.94000150250503	-6.88328845148235
LINC01220	-0.111104733275198	-1.86919513195198	-0.178615103648501	0.861729126858053	0.940071719111489	-5.99527663047355
ENSG00000297070	0.144990714209731	-3.22628345251887	0.178552433184344	0.861777079389821	0.940081061922248	-5.861985166011
RALBP1	0.0359882798607947	6.82076573803606	0.178488183974397	0.861826240514233	0.940091722228209	-6.95247599049831
ZDHHC16	0.0467341590338224	5.58420122007881	0.178380271418549	0.861908812607875	0.940131032910251	-6.8860151829124
ENSG00000250999	-0.0855380813991465	-0.804006505406176	-0.178275264323008	0.861989163183029	0.940131032910251	-6.11182318128518
TRAPPC11	-0.0327488143569319	6.05414568441667	-0.178183149898771	0.862059649746436	0.940131032910251	-6.91673721608217
PPY	-0.138711428118816	-3.39817174702133	-0.178116543013235	0.862110618562225	0.940131032910251	-5.84608033469646
GID4	0.0338783252790771	4.45843433883155	0.178096592553925	0.862125885150005	0.940131032910251	-6.77131552989452
CAAP1	-0.0453723695885868	5.44309439542197	-0.178050734267213	0.862160977276877	0.940131032910251	-6.87509071245331
HSPBAP1	0.0437871193833894	3.37577113519973	0.178033933123596	0.862173834090884	0.940131032910251	-6.61782770017249
AUTS2	-0.0849296279699008	6.62836382913836	-0.178021323499946	0.862183483437034	0.940131032910251	-6.94476023740169
CAND1	0.0380946055299543	8.11394959601692	0.177955336079921	0.862233979815807	0.940131032910251	-6.9945098475009
ANKRD36BP2	0.198833916017252	-0.806881087004095	0.177921538475042	0.862259843431042	0.940131032910251	-6.11156238945807
RAB3IP	0.0488345407656139	5.11891761554171	0.177874848741325	0.862295573027121	0.940131032910251	-6.84620255419504
ENSG00000280068	-0.104881215372353	-3.85383593010187	-0.177640453223075	0.862474950495671	0.940283648980458	-5.8047746592656
ANKRD31	-0.107301460433191	-0.750841341262579	-0.177479707794623	0.862597969979765	0.940374811561095	-6.11801622014754
LRRC32	0.103470694942253	1.94303989514258	0.177383431614914	0.862671652583076	0.940397692625175	-6.42318717652306
EML1	-0.0506390229623106	5.39057009681885	-0.177349316908169	0.862697761764286	0.940397692625175	-6.87088766175445
LINC00858	-0.0594569766249625	0.838655562110531	-0.177243829763384	0.862778495868444	0.940442745747723	-6.29395960450773
ENSG00000310466	0.159181175391103	-3.4760658626698	0.177149447687571	0.86285073215916	0.940469756631555	-5.83907296883713
SNX14	0.0509326702283133	2.18076330222669	0.177108482972069	0.862882085336146	0.940469756631555	-6.45303851075714
ENSG00000261094	-0.0640362055260235	0.895264615405954	-0.176854023113994	0.863076846930543	0.940531851149069	-6.30038691079932
TGFBR1	0.0314244894998614	6.34418266225137	0.176827236505214	0.863097349750654	0.940531851149069	-6.93218816596793
ENSG00000289102	0.0877778641014836	0.0560880192428969	0.176817037929259	0.863105155901791	0.940531851149069	-6.20790188430223
ENSG00000303311	0.131239607971192	-2.90212526786406	0.176800410676733	0.863117882696557	0.940531851149069	-5.89294730760362
LINC01273	0.0801291167391164	-0.715663941869576	0.176758397840749	0.863150040250768	0.940531851149069	-6.12211758710794
ENSG00000230623	0.0420206365215545	5.02112521755212	0.176725135222648	0.86317550037999	0.940531851149069	-6.83670041676839
PPFIA4	0.198327488921727	3.68847697374955	0.176611182308761	0.863262724338221	0.940583950777463	-6.66416617097487
ZNF497-AS1	0.109609659193315	-0.939526608087207	0.176459611128202	0.863378745746701	0.940663815797735	-6.09687627575882
RTN4RL1	0.0876166345818382	0.400153746287347	0.176412445855737	0.863414849485942	0.940663815797735	-6.24558433735523
HNRNPKP2	0.0885966032163195	3.48790513281341	0.176257047777623	0.863533804833584	0.940735840324041	-6.63472967843362
LINC00581	0.111779107102539	-3.42415930926292	0.176223101539206	0.863559790742842	0.940735840324041	-5.84401782570127
ARHGAP12	-0.0295462805329221	6.01500610673259	-0.176162932810285	0.863605850435841	0.9407430776975	-6.91488620092446
SDHB	0.0636530341685688	5.59683302126633	0.175991171512433	0.86373733816444	0.940806323230507	-6.88741693632236
ENSG00000307459	-0.122743724564005	-3.940143330349	-0.175984105462857	0.863742747501859	0.940806323230507	-5.79740184815463
TTC9C	-0.0341327179240905	4.63941968002221	-0.175932020061659	0.863782621141508	0.940806818727895	-6.79425557805242
NBPF19	0.219524557560401	-3.5419076054288	0.175829943547803	0.863860766311586	0.940848996511756	-5.8332722050267
ACAT1	-0.0315691214572817	5.55635403084448	-0.175766937681812	0.863909001524004	0.940858596366571	-6.88440420192845
ZNF44	0.0678832234302202	3.18559117239403	0.175680785748908	0.863974957547882	0.94088749369389	-6.59050586427016
TEC	0.0592893834292865	1.61419632644498	0.17559761748491	0.864038630377001	0.940913902048997	-6.38367921402073
TTL	0.030434278375389	6.39505328634153	0.175277988734318	0.864283344565482	0.941090376964495	-6.93490428809875
VCAM1	0.239561907800757	-1.87556363293198	0.175235093991478	0.864316186784393	0.941090376964495	-5.99522737864432
UCN	-0.0944081731765758	-2.33157689248616	-0.175231447613503	0.86431897863417	0.941090376964495	-5.94880170664394
POLR3B	0.0527301632267481	4.49569589624144	0.175091533072997	0.864426105694949	0.941111058525041	-6.77666286088146
ENSG00000293269	-0.091410453118489	-1.84625099435093	-0.175052805375752	0.864455758477227	0.941111058525041	-5.99832435236194
KIF1B	0.0394336191562426	7.45772067672986	0.175033995102494	0.864470161089616	0.941111058525041	-6.97559826787099
ZIK1	-0.0353130155166994	5.60877793580364	-0.174957475451608	0.864528751037745	0.941111058525041	-6.8884985009295
ZAP70	-0.153565181529557	-2.81284315661098	-0.174922357930289	0.864555640284145	0.941111058525041	-5.90183777657641
JPH4	0.0643903046590602	6.45745051391396	0.174897646305739	0.86457456191478	0.941111058525041	-6.93787426112065
CIMAP1D	0.0919240429141096	-0.792533112015631	0.174836871915053	0.864621097098205	0.941118790734841	-6.11376052237894
ENSG00000307919	-0.164869854338622	-3.14630957991747	-0.174780685404987	0.864664119805356	0.941122699169756	-5.87015897030233
PNKD	-0.0423221273905883	4.67842766806318	-0.174711514517992	0.864717085445919	0.941137428899528	-6.79919792505878
RPL18A	-0.0905513597099148	6.03759474609136	-0.174647389651035	0.864766187865872	0.941147952840618	-6.91647784878448
ENSG00000296303	0.132712940139455	5.28777017697344	0.174556872375144	0.864835500804753	0.941180470462224	-6.86253619177997
DDX42	-0.0450751564569618	7.56751354369587	-0.174397644384451	0.864957431377191	0.941224541985859	-6.97920348856241
ENSG00000295725	-0.072395276834007	-1.09889302949183	-0.174388004283896	0.86496481350846	0.941224541985859	-6.0793811892236
NUDCP2	0.105969005462671	-0.30262578710501	0.174349490970633	0.8649943061096	0.941224541985859	-6.16893986358035
PLEKHH1	-0.0329089051281191	5.24343723573182	-0.174146848116666	0.865149488872079	0.941341674444792	-6.85865640698723
R3HCC1L	-0.032880965966636	4.70813461257944	-0.174105917244935	0.865180834232243	0.941341674444792	-6.80284694802836
ENSG00000231827	-0.21297254741156	-1.94095171796378	-0.173765497406818	0.865441541358677	0.941582407239256	-5.98867956230754
ENSG00000294305	0.081927430476589	0.104062092966734	0.173483595500463	0.865657445891298	0.941756040275699	-6.21375745873318
PDPR	0.031116106808736	6.73320056354012	0.173430076149847	0.865698436882399	0.941756040275699	-6.94995767238753
HTT	-0.0496093660915467	7.04032253104153	-0.173402563698798	0.865719509098288	0.941756040275699	-6.96169516115353
TERF1P4	-0.085470995741225	3.33619365603246	-0.173126721877476	0.865930786736178	0.941929582417341	-6.6129488293767
IFI16	-0.115855406021682	1.60910749990707	-0.173085542482924	0.865962328532953	0.941929582417341	-6.38353948371536
MRPS17	0.0789145723280287	2.87346855925654	0.173039707103279	0.86599743692059	0.941929582417341	-6.54640203904384
PXMP4	-0.0561140715685036	3.05178963619922	-0.172896529134271	0.866107108480856	0.942005940490001	-6.57172860481971
RASSF8-AS1	0.067012783901379	2.55485755113125	0.172826883909807	0.866160456452809	0.942019900564013	-6.50270722092759
XRCC4	-0.0566531371648553	3.92132172544342	-0.17277671917147	0.866198882883388	0.942019900564013	-6.69878455441136
CHAT	0.159322543663852	-3.58350710707119	0.172400570067553	0.86648702651249	0.942248758853882	-5.83007320560147
ETFBKMT	-0.0646133373774045	0.568554045342254	-0.172398934858412	0.866488279185696	0.942248758853882	-6.26485529471087
CDC42P3	0.102542647540754	-4.01629212487249	0.172201947761312	0.86663918653766	0.942345539529345	-5.79134085637377
GPR173	-0.063452713188592	3.45006958138546	-0.172179681305785	0.866656244717355	0.942345539529345	-6.62990056833552
NAP1L4P3	0.0816991256749662	0.151693453147508	0.172090702186308	0.866724411728361	0.942376727015662	-6.21921689822787
ENSG00000249001	-0.143677416207446	-3.31089795681496	-0.171686112456046	0.867034382810703	0.94264222433677	-5.85530529038739
RAP2A	-0.0345369462218681	5.91249086791874	-0.171668878813648	0.867047586662132	0.94264222433677	-6.90962583990397
TRAK1	-0.0296083926453754	6.15377349439199	-0.17147147650718	0.867198832882313	0.942761809202764	-6.92351953263437
DDX19A	-0.0467884167118378	4.4940708035268	-0.171422207553874	0.867236582773146	0.942761809202764	-6.77714167011298
GPR155	0.0757333444809001	1.18189775359776	0.171242161796508	0.867374536868492	0.942868831820017	-6.33397698861754
CHST12	0.0435313151006183	3.72947611517733	0.171133232107384	0.86745800289404	0.942916616799747	-6.67118572964358
M6PR	0.0397184633925924	6.71836153973322	0.171070693281069	0.867505923265062	0.942925761479517	-6.94979505760316
PRR14	0.0486531423705201	3.94461661585224	0.171013814519945	0.867549507098878	0.942930191990934	-6.70246511709317
ENSG00000290739	0.0869617077490759	-2.09804988136974	0.170759516244463	0.867744370985833	0.943072476447548	-5.97308653737705
ENSG00000293211	-0.105095232229927	-2.47848397137773	-0.170739846104329	0.867759444222759	0.943072476447548	-5.93506660451693
SGPP1	-0.0485515424908853	3.73207171517547	-0.170604401920289	0.867863236664	0.943100107559057	-6.6716632470551
ENSG00000308554	0.115862963461939	-1.42571122710521	0.170603538440743	0.867863898366764	0.943100107559057	-6.04405866894412
ENSG00000296113	0.15646633672909	-1.83241079505728	0.170365176717834	0.86804656410976	0.94325566133708	-6.00060761087705
ENSG00000272217	-0.0794129991423747	-1.33765910300819	-0.17014910082539	0.868212158382215	0.943371550943357	-6.05373550594921
ZFAND3-DT	-0.0934635364104439	-2.45688815379631	-0.170122864219105	0.868232265807256	0.943371550943357	-5.93730221640786
RBM33-DT	-0.0646990660578932	1.11040629445009	-0.170045071958769	0.868291885453831	0.94339265695126	-6.32601482695745
DHRSX	-0.0424390045461687	4.71473199790138	-0.169994368438355	0.868330744873896	0.94339265695126	-6.8043892812754
ACAA2	-0.035534586567894	7.10870137063266	-0.169848860801192	0.868442264657152	0.943452636844669	-6.9648004044194
ENSG00000232995	0.080985595979073	-0.567594789606728	0.169818177034366	0.868465781657053	0.943452636844669	-6.14011386593268
ENSG00000293569	-0.181023221947571	-0.591804152628558	-0.16976760600518	0.868504541170412	0.943452636844669	-6.13738572876591
SLC29A3	0.0360948136328023	4.34735257139012	0.169572549960115	0.868654042772777	0.943572093521658	-6.75854795232116
TRIM5	0.0504329693310259	4.32904225009669	0.169379134838371	0.868802292027199	0.943639645264701	-6.75613830542308
DDRGK1	0.0378716296280075	4.86562218192383	0.169257750623444	0.868895333587115	0.943639645264701	-6.8216629344813
NTRK1	-0.183145881254319	-1.33807481891835	-0.1692519496523	0.868899780110625	0.943639645264701	-6.05384781522894
ZC3H18	-0.0323821283701724	6.61797911520993	-0.169207820839843	0.868933605603765	0.943639645264701	-6.94598092601595
ENSG00000305418	0.0988233497500387	-0.701349081291755	0.169184383934304	0.868951570507069	0.943639645264701	-6.12509910743217
TRIM59	0.0335111346526693	5.54178524981207	0.169181924723593	0.86895345555066	0.943639645264701	-6.88450641589617
DUSP3	0.0441474302862765	5.51088166373177	0.169122165048884	0.868999263028763	0.943646453919991	-6.88212545800299
TMEM161B-DT	0.0630166431232531	3.39926520837756	0.169051249627222	0.869053622359466	0.94366254799151	-6.6229613998244
PHB1P4	-0.100196888357682	-3.24564609309874	-0.168976812009191	0.869110682353245	0.943681572982343	-5.86185510073549
DDX25	0.0401091041975947	4.15073797573732	0.168825453937555	0.869226707975729	0.943764618290271	-6.73195976696983
IL18	-0.0728876585675637	-1.23791320169504	-0.168665603241181	0.869349247261097	0.943854727943438	-6.06496636006537
GTF2I	-0.0450525949002198	6.94862365489425	-0.168575106915362	0.869418622069521	0.943887111214213	-6.95921430814755
FOXS1	-0.219542205743312	-0.630390040726327	-0.168451223710264	0.869513593258063	0.9439472790671	-6.13324811412044
KMT5AP2	-0.0848633135011006	0.743359728232035	-0.168385194500924	0.869564213374872	0.943955031887364	-6.28494868815852
SRSF3P1	-0.0941065795086842	-0.540165444297055	-0.168338728582863	0.86959983601238	0.943955031887364	-6.14346747825816
LRR1	0.0365830873159041	4.88156863328589	0.168226516281397	0.869685863723549	0.943963767526192	-6.82359728804695
CALM1	0.0504494073128363	8.67668909761369	0.168225053014937	0.869686985550485	0.943963767526192	-7.01082601803603
SAP30BP	0.0335475582205911	5.97395597930523	0.167966678528774	0.869885075507387	0.944104368704092	-6.91403888834222
ENSG00000275329	0.088359561507023	-0.322479968171983	0.167899256162521	0.869936768281093	0.944104368704092	-6.16789778671882
ENSG00000288961	0.110867119715264	-1.45979540039403	0.167860764762964	0.869966279950394	0.944104368704092	-6.04083176001193
TRUB2	0.0467215509281118	5.2184721647613	0.167800475350114	0.870012504753425	0.944104368704092	-6.85754087313093
ENSG00000298000	-0.117937362531904	-2.69018411822456	-0.167732696695714	0.870064472282318	0.944104368704092	-5.91492649057833
ENSG00000286909	0.0889357969221144	0.525960104285498	0.167631614115002	0.870141975936206	0.944104368704092	-6.26101159004
ENSG00000260011	-0.0973420225535282	-2.72363104360804	-0.16761058979834	0.870158096217373	0.944104368704092	-5.91171054194955
NEDD4L	-0.0314194902523237	6.69978456827088	-0.167598613715876	0.870167278841675	0.944104368704092	-6.94967768733276
ENSG00000296329	-0.0679858002963895	0.485225588451851	-0.167584288383804	0.870178262772376	0.944104368704092	-6.2565282660234
XPC	-0.0344710526804937	5.93255353415105	-0.167540167863515	0.870212092308263	0.944104368704092	-6.91161522439896
ENSG00000302272	-0.117673805945688	-4.35130329903134	-0.167375384235878	0.870338443049027	0.944198528193233	-5.76619241679168
ENSG00000302738	-0.151208996702657	-3.92954115645137	-0.167145013391368	0.870515090334754	0.944257878341429	-5.79985497243183
ENSG00000290569	-0.0717113659597252	0.670180793573405	-0.167123858223004	0.870531312392351	0.944257878341429	-6.27704606133147
RAD51-AS1	0.0727377647890701	1.86088017976777	0.167113933493683	0.87053892282521	0.944257878341429	-6.41497761921001
LINC00491	-0.0568457113617216	2.90751108077677	-0.167097657123819	0.870551403822215	0.944257878341429	-6.55227991070984
ENSG00000259314	0.105288746981554	-2.35649565484872	0.166699111952729	0.870857026619543	0.944546451003346	-5.94782074894523
LGALS3BP	-0.0729549732525188	6.51305500444296	-0.166561293220727	0.870962717547785	0.944596291178141	-6.94192138030194
C1QBP	0.0565092473528832	8.07239631500935	0.166535975622605	0.870982133487969	0.944596291178141	-6.99550739849736
TXNDC2	0.138163686159186	-3.48977643352978	0.166418787611646	0.871072005558546	0.944647585481633	-5.8396679983652
NPHP3-AS1	-0.100314951588036	-2.56302321873273	-0.166371084794237	0.871108589636957	0.944647585481633	-5.92753413064197
LGMN	-0.0327626680919897	6.53208233593173	-0.16617727297742	0.871257230388254	0.944729626545342	-6.9428222015427
ATP6AP1	0.0453856737176883	6.24901615340716	0.166152365926641	0.871276332817028	0.944729626545342	-6.92944393086611
IRS2	0.0427904867011542	4.56098751481755	0.166117604443501	0.871302993234008	0.944729626545342	-6.78651592930808
LINC02447	0.147893206335674	-4.18870324116021	0.165963074469697	0.871421512470398	0.944781466705602	-5.77737451107045
UBE2O	0.0526692785520293	6.79249359775304	0.165952041149412	0.871429974779282	0.944781466705602	-6.95370633876864
S100A2	-0.15311303307286	-2.24044673739871	-0.16586477713536	0.871496904915964	0.944811111952274	-5.95954852070723
ELOA-AS1	-0.0568262125169936	1.66463583440108	-0.165661475077099	0.871652838534299	0.944929608593576	-6.39150536798313
EFS	-0.0659710665739857	5.3842689458657	-0.165592006401955	0.871706122647632	0.944929608593576	-6.87253517014155
ENSG00000279900	-0.139297432384722	-3.28983957427826	-0.165567420180705	0.871724981020378	0.944929608593576	-5.8583069097492
DUSP8P5	-0.0773828376655108	-1.00791199582687	-0.165428913643848	0.871831221278933	0.944972479735311	-6.09113166919486
STK24P1	0.150616740507239	-4.16174399518531	0.165401203944941	0.871852476087309	0.944972479735311	-5.77978074721167
ALKBH3	0.0433939611930549	3.96731189281126	0.165361005402428	0.871883310690547	0.944972479735311	-6.70676204442661
LSM2	-0.0436669935022609	6.22646161140553	-0.165201631180379	0.872005562129449	0.945052674776433	-6.92845920049051
PIERCE1	0.052441494482379	2.99466442880687	0.165152699351613	0.8720430970527	0.945052674776433	-6.56497356894117
ATOSB	0.0423940698259933	3.29200095279953	0.165109685175642	0.872076092901335	0.945052674776433	-6.60795039864916
ACOX2	0.0612752723498844	1.49135717289999	0.164921044306425	0.872220800912579	0.945166576861772	-6.37107308556819
ZNF252P	0.0460755162261677	4.73767652775414	0.164855394800275	0.87227116236222	0.945178236270731	-6.807996415021
HMGN1P38	-0.0311807124997623	5.41347554933905	-0.164760780185427	0.872343744752477	0.945213971762263	-6.87512463948083
EIF3M	0.0500816607673258	7.93426479604876	0.164552461041332	0.872503558482029	0.945344217826883	-6.99197276384785
ZNF137P	-0.059627610159267	1.03118704285568	-0.164398772634494	0.872621465641578	0.945392397353456	-6.31799845881363
MRPL37	0.0621598432634247	7.33936570431628	0.164391236397067	0.872627247400035	0.945392397353456	-6.97370124996488
ATP8B3	-0.117503825637812	3.61702820637553	-0.164204577620071	0.872770453453121	0.945479348667299	-6.65592923325166
ENSG00000302968	0.0953771940612582	-1.4738683589983	0.164151683872381	0.872811034818345	0.945479348667299	-6.03994379649332
GUF1	-0.0372714325502219	6.26290286677679	-0.164131722538774	0.87282634973757	0.945479348667299	-6.93051778701533
TCF25	-0.0321698273142674	6.22947126021134	-0.164015652316522	0.872915403296662	0.945532900539232	-6.9288251558623
DHRS2	-0.13680962961955	3.36260192065608	-0.163857558454262	0.873036702001812	0.94559120031256	-6.61850086790708
C2orf92	0.0728541720607335	0.318257481352274	0.16384222878149	0.873048463991603	0.94559120031256	-6.23887153764365
SERINC4	-0.13538134829679	-2.97555694578742	-0.163769306923648	0.873104415149135	0.945608888522231	-5.88819874220462
ENSG00000289993	-0.135308530879121	-3.04521358970385	-0.163648769295866	0.873196902326074	0.945666143380361	-5.88160792266875
CMTR2	0.0366628483245757	4.2479151461372	0.163380815642265	0.873402507328814	0.945845893299006	-6.7462657929856
COX6A1	-0.089537246629634	5.54723855718232	-0.163114123800371	0.873607153910142	0.946024589036904	-6.88602154667939
TBC1D10C	0.119643447105068	-1.20711330533368	0.162986144965637	0.873705362217376	0.94608743297741	-6.0693409593263
MRPS31	0.0392421476493663	5.07341575284272	0.162935186700432	0.873744467159177	0.94608743297741	-6.84453230054979
CARNMT1-AS1	-0.104473163773283	-1.98888265577509	-0.162797630625808	0.87385002830242	0.946091060066516	-5.98562690549074
EEF2KMT	-0.038330735835423	4.78518343836327	-0.162776857240345	0.873865970115799	0.946091060066516	-6.81377423669107
CCL2	-0.0729341665391148	1.57750022403688	-0.162775857541907	0.873866737301141	0.946091060066516	-6.38162280033064
SKI	0.0343107994656986	6.63420980841164	0.162633354680457	0.873976097784503	0.946162955120593	-6.94785004377084
JMJD8	-0.0453466945667742	5.83421940241187	-0.162578334888845	0.874018322177648	0.946162955120593	-6.90631532290116
CIAO2A	-0.0465283021525398	5.73276972309798	-0.162482340921318	0.874091992785692	0.946162955120593	-6.89958472927694
LPP-AS2	0.0791245407921153	-0.732015260476781	0.162462471175432	0.874107241987162	0.946162955120593	-6.12280633669785
ERRFI1-DT	0.144319302057574	-4.28292511966631	0.162431045966121	0.874131359635022	0.946162955120593	-5.77117755802806
SHLD3	0.0702796533240138	1.28374231404339	0.162193288023572	0.874313834140953	0.946294936950462	-6.34731515009476
ENSG00000290921	0.075753801483593	0.919970698073434	0.16216884904425	0.874332591009829	0.946294936950462	-6.30580667176908
PIP4K2B	-0.0421743637291137	7.00523259697061	-0.161899141337701	0.874539596550975	0.946476059986492	-6.96251322822873
PAX8-AS1	-0.148385750645995	-3.60372908859818	-0.161629634497897	0.874746457809995	0.946630868099458	-5.83003728598492
ZNF445	-0.0522737018681676	5.41030463141238	-0.161609432890157	0.874761964047998	0.946630868099458	-6.87541945363419
ENSG00000295236	-0.0806839778509381	-2.09758021118888	-0.161424806955584	0.874903680766155	0.946741301634286	-5.97472695388413
LRRC28	0.0431321052227758	3.90695173952393	0.161316908893664	0.874986504204015	0.946752475885365	-6.69878050500053
ENSG00000304140	-0.0881750460024146	-0.175725140594873	-0.161291432340768	0.875006060445513	0.946752475885365	-6.18525260936981
ENSG00000275088	0.0909614011929502	-0.0103978359440307	0.161256323598952	0.875033010665574	0.946752475885365	-6.20339115520078
GATA4	-0.192396668506105	-2.13375530806693	-0.161102983814616	0.875150719516951	0.946836909461064	-5.97109627553234
ENSG00000272008	0.0892753558231452	-1.39225050848025	0.16098412831288	0.87524195924688	0.946892699394646	-6.04934488617358
MPPE1	-0.0447558116077622	2.97246621381284	-0.160763591031833	0.875411260318148	0.946998297345878	-6.56259050004126
TBC1D12	-0.0431902919677913	2.50230988824382	-0.160753609615887	0.875418922962337	0.946998297345878	-6.49784409536878
ENSG00000301267	0.108806289547299	-3.16316557007628	0.16060698102679	0.875531489976409	0.947077142461338	-5.870978964728
COX4I1	0.0354100140600702	7.90673986577771	0.160526071394311	0.875593605680124	0.94710140887231	-6.991899427909
ATP11B	0.0365148867599396	5.38684734909224	0.160167239774881	0.875869097470795	0.947356464666703	-6.87371395221241
RPS3AP5	0.103614344700338	1.02151169105076	0.159774716971339	0.876170475412572	0.947579263769884	-6.31769561125595
WASF4P	-0.0485142677850221	1.66951544143174	-0.159768285739016	0.876175413467749	0.947579263769884	-6.39311096322057
PML	0.0344396547057588	5.38499884415106	0.15974382944411	0.876194191651132	0.947579263769884	-6.87362876990882
FTH1P3	-0.0760183896340774	-2.46157348794672	-0.159518381765068	0.876367300062443	0.947705597839865	-5.93862667449305
NXN	0.031539749556992	6.98709763328068	0.159488266968315	0.876390424013226	0.947705597839865	-6.96226570203115
MED15	-0.0287148523297986	5.68699003905357	-0.159414906552135	0.876446755058535	0.947721596252197	-6.89692576712198
ENSG00000303789	-0.11210683184378	-1.73454687558695	-0.159352990247236	0.876494299109433	0.947721596252197	-6.01280162421511
CAMSAP1-DT	-0.0566781496713391	0.725300939941878	-0.159313863469362	0.876524343892027	0.947721596252197	-6.28451490184061
SNORD11	-0.144822659373295	-4.08387918875647	-0.159219735266159	0.876596624167183	0.947739051567606	-5.78756034529955
ENSG00000275481	0.109925633417577	-1.26972646316908	0.15907154334839	0.876710421929001	0.947739051567606	-6.06310096855418
EDARADD	0.0659160224076305	1.80401932873528	0.159058103944916	0.87672074230001	0.947739051567606	-6.40945640212972
TSSK3	-0.134447238151228	-3.09226892134453	-0.159046583108049	0.876729589386824	0.947739051567606	-5.8779095992508
ENSG00000303184	0.169380549495432	-1.48519645920096	0.159034284455299	0.87673903379399	0.947739051567606	-6.03957309371417
MMEL1	0.130349576209942	-0.80411793545022	0.158908870512115	0.876835343086428	0.947770773352338	-6.11521792987148
ENSG00000275764	0.057142577271569	2.3284023806565	0.15885201165467	0.876879007475334	0.947770773352338	-6.47529446170042
ENSG00000255087	-0.116591738458133	-4.43609307780562	-0.158823432543203	0.87690095478078	0.947770773352338	-5.762786460654
ENSG00000289223	-0.0895577811041701	-1.50842649855938	-0.158789229424352	0.876927221181535	0.947770773352338	-6.0371000473571
ENSG00000308072	0.163971240018372	-2.11920024343454	0.158684947530257	0.877007305778771	0.947814407128325	-5.97297339766169
GALT	0.0849427336196552	0.587443718997865	0.158415731106449	0.877214060637837	0.9479591550643	-6.26938867893394
ZBED3-AS1	0.0650025179832143	1.69248059192746	0.158384710543994	0.877237884664031	0.9479591550643	-6.39609559380656
LINC02091	-0.125381627841442	-2.13705258701577	-0.158355400082659	0.877260395437433	0.9479591550643	-5.97121302604733
TTLL9	-0.184996058202348	-1.89881114886474	-0.158277313920864	0.877320367071484	0.947968213667532	-5.99571408623256
CX3CL1	0.113697802351756	2.27278866928	0.158241053514965	0.877348216018021	0.947968213667532	-6.46819134566892
GPA33	0.116277663868891	-0.32542740958827	0.158126843988437	0.877435933085175	0.948020073107464	-6.16924260739644
IARS1	0.0301123515554078	9.07898176401118	0.157896947736291	0.87761250702154	0.948101913624964	-7.02201427694122
ZNF169	-0.043843098600997	2.44520655543445	-0.157889165263562	0.877618484544372	0.948101913624964	-6.49074728000989
CD27-AS1	-0.0823715319914857	1.54772522187279	-0.157835298320525	0.877659858617768	0.948101913624964	-6.37893507103845
LVRN	0.0928199741820794	-2.83739907193888	0.157791483312005	0.877693512294409	0.948101913624964	-5.90237636319763
ENSG00000271795	-0.117971246680816	-2.78965386023378	-0.157769624073952	0.877710302155427	0.948101913624964	-5.90697028200198
ENSG00000290879	-0.111856504128337	-1.04751998138409	-0.1576569933026	0.877796813723659	0.948152450812028	-6.0880056498726
ENSG00000283235	0.122815296495044	-2.89973798813261	0.157447419965872	0.877957791243461	0.94828341420137	-5.89645994101845
ENSG00000300585	-0.0791866547335065	-1.1478692555611	-0.157327283121417	0.878050073407773	0.948340171147765	-6.07685383606185
NUP88	0.0458519684916734	6.94096678434554	0.157134736078114	0.878197980875597	0.948456998486714	-6.96094976410659
LINC01126	-0.0906308603738029	0.708337396994623	-0.157067439165387	0.878249677013778	0.948469911370491	-6.28300769506751
SDR39U1	-0.0345034317149651	5.27290338595698	-0.156923106081097	0.878360552811137	0.948512919027594	-6.86440439708905
HCG24	0.148192304327818	-3.45788817744334	0.156912131149049	0.878368983799719	0.948512919027594	-5.84414763356396
PELO-AS1	-0.0842319072729385	-2.95760822849944	-0.156753761554671	0.878490645752428	0.948584619061199	-5.8910480372717
TMEM70	0.06247085189354	4.60818985545138	0.156722227970513	0.878514870730663	0.948584619061199	-6.79391413059542
LINC01572	-0.0524462381479975	2.14641414541395	-0.156523072709446	0.878667870380831	0.948675259283678	-6.45234875419483
PPP1R8	0.0271510291646075	6.22232132074467	0.156509480897974	0.878678312386349	0.948675259283678	-6.9297641559026
ENSG00000309392	-0.0937209382463093	-2.50495820748183	-0.156453232721724	0.878721525705127	0.94867756842339	-5.93485435730278
ESRRB	-0.0540255300327426	1.31159762565583	-0.156360913307292	0.878792452076881	0.94867756842339	-6.35152916597998
LPIN2	-0.0581579460596284	5.07607148229163	-0.156351483666813	0.878799696663709	0.94867756842339	-6.84593339362935
APOL3	0.0839128519229706	-2.63666937513946	0.156254700118696	0.878874054025927	0.948714927518625	-5.92201680116246
ENSG00000255176	-0.0879237777870321	-2.94794871330263	-0.156136649531652	0.878964752205328	0.948757898948159	-5.89206639207999
ENSG00000305244	0.117850527639126	-3.50332737042311	0.15609940725424	0.878993365799711	0.948757898948159	-5.84009831887956
ENSG00000274904	0.0938464669556764	-2.2894457551876	0.156038412674789	0.879040228906155	0.948765574246063	-5.95625873603811
HERPUD1	-0.0479938284497514	4.72548465631685	-0.155733521763766	0.879274488766874	0.948968132164052	-6.80815971611788
ENSG00000261596	0.0706208141514777	-1.60629735808963	0.155690660087903	0.879307422081033	0.948968132164052	-6.02707600112582
ABCA12	-0.129836327127469	-3.78950112628076	-0.155465949413533	0.879480085324873	0.949111557083051	-5.81422536346591
CPNE5	-0.0918245273542464	1.32817939423742	-0.155326719391753	0.879587070238937	0.949152005296074	-6.3536242468007
POLR2MP1	-0.0652085970674559	1.13506865537386	-0.15531366316627	0.879597102825599	0.949152005296074	-6.33137645408475
ASXL1	0.0469375936059837	4.8860683923138	0.155145526776361	0.879726303174627	0.949248504808935	-6.82637750905129
ENSG00000289570	-0.104854029548358	-2.90240970746224	-0.154845340653009	0.879956983128417	0.949429246447558	-5.89661726774434
SLC7A6	-0.0354640505493196	5.10392019860702	-0.154775869398954	0.880010370433852	0.949429246447558	-6.84892426696135
LINC02614	0.091016988386767	0.368492401406516	0.154753657923244	0.880027439652907	0.949429246447558	-6.24589979487103
JMY	0.042230024574673	4.52269674846847	0.154720491868151	0.880052927437857	0.949429246447558	-6.78373414705468
HM13-IT1	0.140973648473042	-3.16729803180464	0.154657210670199	0.880101558809286	0.949438795159159	-5.87153961926322
LINC01145	-0.0670916800984021	1.04254683410657	-0.154567824407823	0.880170252716318	0.949469985156174	-6.32095310070882
GDPD2	-0.0767829525151882	4.54253866056055	-0.154484257359246	0.88023447546099	0.949483704609174	-6.78625367113884
JAGN1	0.0312426274778392	5.0924588419054	0.154447745984518	0.880262535378857	0.949483704609174	-6.84787200895525
GOLGA1	-0.0424949666551409	3.36244858530584	-0.15439128456628	0.880305927752545	0.949487598412418	-6.62009980585772
PITPNM2	-0.0504518098753546	2.89428417572247	-0.154237741788407	0.880423932295743	0.949557557419046	-6.55263443622572
ALKAL2	-0.0811079430376603	-0.521169280944865	-0.154183875734215	0.880465331510914	0.949557557419046	-6.14799604820271
OSGIN2	0.0486720883663798	4.526498535277	0.154151589535336	0.880490145524821	0.949557557419046	-6.78430412181171
OBSCN	0.110379540132686	5.1422417981827	0.15407593352654	0.880548292548149	0.949577358496596	-6.85272124313981
HNRNPA1P26	0.114814061583076	1.75685676116919	0.153974036488678	0.88062660884174	0.9496189072076	-6.40458337459263
HES7	-0.0973031172439971	-1.10826528855015	-0.153727372821368	0.880816195822756	0.949766028897184	-6.08185481751312
RPL19	-0.0266283195096992	9.9958409052978	-0.153621963115838	0.880897216674236	0.949766028897184	-7.04158833239387
ZBTB7C	-0.106550721169219	-0.365603833123435	-0.153621488097165	0.880897581790144	0.949766028897184	-6.1655154462712
SPEG	-0.0770467211719836	5.11637437440602	-0.153589436025966	0.880922218196546	0.949766028897184	-6.85031764354988
GPR20	0.200232496122714	0.0401082720372314	0.153410780366166	0.881059541971822	0.949871175726871	-6.2102201529265
MICOS10P2	-0.140867260227822	-3.49389527069127	-0.153311457159655	0.88113588859469	0.949871828705304	-5.84139856218389
TPMT	-0.0377331078263685	5.19870863533906	-0.153306440557455	0.881139744732703	0.949871828705304	-6.85820458614057
IGF2R	0.0612914131269067	7.38832392657148	0.153170646704441	0.881244127341944	0.949915805063531	-6.97724722315609
IDH1	0.0477363694012887	9.2715844925642	0.153116439460685	0.881285796265936	0.949915805063531	-7.02704932457881
GARS1	0.0521084708609028	8.86614404756299	0.153098039748323	0.881299940148396	0.949915805063531	-7.017964825685
CAPN11	0.0923487881630614	1.08238083845428	0.153042890950553	0.881342333361273	0.949918599635725	-6.32573487606859
FAM13A-AS1	-0.0821009333693785	-1.83933097666591	-0.152902804719461	0.881450020252282	0.949984681832319	-6.00279238859463
DRG1	-0.0395680813856707	6.40947058378341	-0.152859575961171	0.881483251512906	0.949984681832319	-6.93956794545979
TNFRSF10A-DT	0.0813814823880796	1.24172403666273	0.152559212423274	0.881714156733097	0.950146725433066	-6.34407160310873
RAPH1	0.041860948062781	4.43992710790897	0.152519919216499	0.881744364341677	0.950146725433066	-6.77351119595173
ADIPOR2	-0.0347780305806511	6.39374840716632	-0.152508633343511	0.881753040667741	0.950146725433066	-6.93889252364787
MYCL-AS1	-0.151411157517139	-3.81594293923131	-0.152394246102671	0.881840979936166	0.950165162271416	-5.81232945040838
SNAP47	0.044099100554722	5.62274477602381	0.152296710856553	0.881915964959288	0.950165162271416	-6.8935466508817
GRIK5	0.0414209387172457	6.11731052768091	0.152294110954626	0.881917963778612	0.950165162271416	-6.92490875168938
GOLPH3	0.0380263487292272	7.05870031436711	0.152279243842675	0.881929393715117	0.950165162271416	-6.96608832615601
SPATC1L	-0.0542038074110902	5.546560838415	-0.151887913319508	0.882230261459075	0.950415289341116	-6.88788608749362
DNAJC14	0.0401052656103547	5.31220865499446	0.151798129044959	0.8822992933192	0.950415289341116	-6.86869614760233
GNAT1	0.114317451580206	-2.97580010009872	0.15178052601205	0.882312827771216	0.950415289341116	-5.89009491162051
ENSG00000259969	-0.0891802768536201	-0.194592762479319	-0.15177010102629	0.882320843253492	0.950415289341116	-6.18473843418432
BUB1B	-0.0323349851785686	7.55804436327759	-0.151659755917217	0.882405685397451	0.950420916828165	-6.98293517595432
ENSG00000268362	0.0420985870974806	2.78554257030501	0.151659723079035	0.882405710646303	0.950420916828165	-6.53786141166665
ENSG00000294711	-0.116010960997952	0.574793846561123	-0.151564627681441	0.882478828840672	0.950428133055538	-6.26911289050902
H2BC11	0.0765386747838983	1.85161303780838	0.151547427375638	0.882492054160296	0.950428133055538	-6.41649401833669
TPCN1	0.0352507844469416	5.05311339762956	0.151232742502237	0.882734022102369	0.950634359867542	-6.84449715391899
CTXN1	-0.0951163922751332	4.7354369473844	-0.151127979621868	0.882814579325767	0.950634359867542	-6.81008306957438
NIPAL3	0.0350973030517689	3.86079611262981	0.1511052109216	0.882832087460633	0.950634359867542	-6.69387005406249
ZNF567-DT	0.0694527336606263	-0.330417051544667	0.151091199111458	0.882842861962713	0.950634359867542	-6.16983160385622
ZBTB1	0.0362299831146782	4.68577021387125	0.150740015226639	0.883112915990139	0.950826152885311	-6.80430672450488
PWWP3A	-0.0519443977167891	5.65904982564344	-0.150670620026741	0.883166281492204	0.950826152885311	-6.89640597118486
RNF185	-0.0319096502887346	5.47391230984516	-0.150659861147961	0.883174555216708	0.950826152885311	-6.88241073387755
ENSG00000304316	-0.10714037557345	-3.06421864985232	-0.150652349249451	0.883180331977813	0.950826152885311	-5.88187842860927
APP-DT	-0.0927647414372517	-1.67508623394767	-0.15052659449837	0.883277040305241	0.950887375776508	-6.02053286784635
LRP1	-0.0842618502099581	7.3887246249971	-0.150286392256635	0.883461766985604	0.950982801165888	-6.97773556876441
DDTL	-0.13461286965536	-2.38375396704653	-0.15022637188837	0.883507926577613	0.950982801165888	-5.94779021475513
RPL39P16	-0.0999294337764464	-0.479013813042699	-0.150215210610819	0.883516510380921	0.950982801165888	-6.15336360635194
HEATR5A	0.0413796446611414	4.26939983530369	0.150180798002818	0.883542976183294	0.950982801165888	-6.75141299817755
DENR	-0.0327574427429109	7.05182841982109	-0.150152283297565	0.883564906182325	0.950982801165888	-6.96619116915591
ENSG00000231967	0.103464770103078	-3.64978023368886	0.150035260889266	0.883654906481705	0.950997224882379	-5.82766525477746
RCAN3	0.052586357979	5.03485595778228	0.149983636829854	0.883694610374891	0.950997224882379	-6.84285169822274
FBXO46	0.0379334466258676	4.91046026666323	0.149748334598861	0.883875584805442	0.950997224882379	-6.82990763055102
TUBB	-0.0365442595700927	11.9484963378922	-0.149649234806235	0.883951806014637	0.950997224882379	-7.07327415189357
EFCAB11	0.0348885362587543	3.31246777270653	0.149645026060819	0.883955043139289	0.950997224882379	-6.61356349345707
IL21R	0.135252727015811	2.26413152953627	0.149638308971253	0.883960209542467	0.950997224882379	-6.46849206418304
NAMPT	-0.0352454351600198	7.02135841641992	-0.149630739413818	0.883966031622252	0.950997224882379	-6.96518009964626
LINC02934	0.146847005010162	-2.35269543361609	0.149615124998231	0.883978041379342	0.950997224882379	-5.9509642278761
CCDC74B	-0.0772046799727688	3.2226740675531	-0.149511905636519	0.884057432857245	0.950997224882379	-6.60046075052695
ENSG00000280360	0.128042412846891	-3.50332737042311	0.149438996612532	0.884113511857934	0.950997224882379	-5.8411224301878
MRAP-AS1	-0.103679034987041	-3.35025922514443	-0.149420940572629	0.884127400018254	0.950997224882379	-5.85525592565784
ENSG00000276957	0.0861285165369561	-1.80013654047824	0.149383182664003	0.884156442393344	0.950997224882379	-6.0074540449741
F7	-0.0933020550675958	-0.629282936463168	-0.149366155898662	0.884169538985295	0.950997224882379	-6.13654543811209
MTMR7	0.0355314968853246	3.79154014359353	0.149331501151666	0.884196194723501	0.950997224882379	-6.68406423256341
POLR2H	-0.0349371284247608	5.86396442091517	-0.149327019395013	0.884199642012107	0.950997224882379	-6.91046542897029
INTS9	-0.0368673360277034	4.72232550631351	-0.149273822591486	0.884240560253294	0.950997224882379	-6.80885854849518
ENSG00000303238	0.0763024513268104	-0.356299873850813	0.149254160447329	0.884255684191132	0.950997224882379	-6.16724857083579
LSM12	-0.062689436111218	4.79634111767357	-0.149027787013569	0.88442981202485	0.951130621254236	-6.817364002571
ENSG00000287404	0.127771439003213	-2.31742381629567	0.148989294558361	0.88445942129788	0.951130621254236	-5.95456650696466
ENSG00000305992	0.113878008049618	-3.9561759710735	0.148289361588427	0.884997858072271	0.951639060848557	-5.80046778940239
ENSG00000289199	-0.167207907568292	-1.74133787375469	-0.148271023153767	0.885011966086838	0.951639060848557	-6.01384155018876
NFE2L3P1	0.0829510983230526	-1.59038415009384	0.148137659783415	0.885114565658735	0.951706507121549	-6.02996831008296
SNORA22	-0.133036133824022	-4.04375202305829	-0.147983764462013	0.885232963702034	0.951766110583458	-5.79279586811705
FAM72B	0.042962280509574	4.77375827437664	0.147961939973221	0.885249754424192	0.951766110583458	-6.81496725379922
POU2AF3	0.0800893599555844	0.538377156612701	0.147811385471438	0.885365585504509	0.951847767082709	-6.26568632648828
SEC16B	-0.0906068752442684	-4.07966053873436	-0.147603562519795	0.885525481456343	0.951946465292082	-5.78970565726213
UPF3A	0.0384549702493988	5.81581927665373	0.147588382393989	0.885537161034684	0.951946465292082	-6.90765287462437
TGIF1	-0.036110304993441	7.46866578356822	-0.147527306023313	0.885584153441873	0.951954104859577	-6.98076771956816
PABPC5-AS1	-0.12636495213626	-3.7130047844502	-0.147303783658101	0.885756136409392	0.952078507443474	-5.82235007461489
TMEM135	-0.0322914973932482	5.31323605649862	-0.147234813824374	0.885809204551757	0.952078507443474	-6.86952563458052
ENSG00000287825	0.0722377042546049	0.154799319216682	0.147221361056948	0.885819555716671	0.952078507443474	-6.22374057323049
COPS8P2	-0.0380537691027381	3.50841554358098	-0.147013936229675	0.885979160558719	0.952207170038949	-6.64282356832559
MTAPP2	-0.0589980018969894	-0.234582020933238	-0.146875527885153	0.886085663032629	0.952249279989013	-6.18109915694905
LINC03088	-0.0810871553156132	-1.33960087703384	-0.146734386060846	0.886194271307502	0.952249279989013	-6.0573715102907
ENSG00000297778	0.122959791863198	-2.33694786588146	0.146655298679789	0.886255129923464	0.952249279989013	-5.95297759240461
LRRC4B	-0.0911423832205891	4.85656463459848	-0.146642481565815	0.886264992907498	0.952249279989013	-6.8245204846588
PPP1R3C	0.083933345587107	2.56101757291078	0.146555423822715	0.886331985837349	0.952249279989013	-6.50802832585101
SFXN5	-0.0555999143715287	4.90158111640277	-0.146418081351572	0.886437675922272	0.952249279989013	-6.82948441325357
HSP90AA2P	-0.0611543459494319	4.55203087815209	-0.146397212867104	0.886453735192725	0.952249279989013	-6.7887429601112
SLC35E1	-0.0380767133660811	5.31381844662246	-0.146338431792442	0.886498970255469	0.952249279989013	-6.86971921628341
SPOPL	-0.0347495286448218	3.71515705594247	-0.146324189105242	0.886509930800582	0.952249279989013	-6.67333632374193
DPH3	0.0359581557645177	5.5594909034288	0.146316404396168	0.886515921580583	0.952249279989013	-6.88978888239419
PYROXD2	0.10758662984254	1.00227019101753	0.146253964127474	0.886563973218023	0.952249279989013	-6.31770923420338
FAM135A	0.0285379814408326	5.50391635647279	0.14616416586052	0.886633079365041	0.952249279989013	-6.88550368259943
LRFN5-DT	-0.108704483359646	-0.0329584747349184	-0.146150488003154	0.88664360553538	0.952249279989013	-6.20335749242917
HSP90AA1	-0.0389924776737605	10.8870550691425	-0.146119293623602	0.886667612112103	0.952249279989013	-7.05833026476386
DNAJC19P9	-0.0332291072866395	3.60276896396158	-0.146000392092722	0.886759117474567	0.952249279989013	-6.65686391806396
ENSG00000289138	0.0750420458126065	0.587237652553749	0.145951267506986	0.886796923745047	0.952249279989013	-6.2713723086277
NES	0.0708123987369973	7.8760714393583	0.145911106287589	0.886827832031373	0.952249279989013	-6.99344696227377
EAF1	0.0294523595763243	5.95518239613683	0.14585348465813	0.886872178287956	0.952249279989013	-6.9166748987813
GLI4	0.0491428434535428	2.58878061093282	0.145841379778962	0.88688149439153	0.952249279989013	-6.51187014349473
CHMP2A	-0.0264553226026134	6.1054171932717	-0.145799780570405	0.886913509927797	0.952249279989013	-6.92530684745646
ZSCAN5A	0.0540230765821068	2.42872604099077	0.145728305361809	0.886968519094453	0.952249279989013	-6.49054853702756
LINC01607	0.135264144264369	-2.20377573714993	0.145726256792529	0.886970095735538	0.952249279989013	-5.96645250766229
SGO1-AS1	0.11541107358651	-3.70189047130229	0.145714159232032	0.886979406395727	0.952249279989013	-5.82358748887025
ENSG00000290833	0.0501375677052826	0.651562704738257	0.145670810524982	0.88701276906146	0.952249279989013	-6.27853271230651
ENSG00000295372	-0.143707139446637	-3.14106171641437	-0.145633062787959	0.88704182121474	0.952249279989013	-5.8753783561357
C1QL4	0.0971134174112359	0.0483043767556619	0.145586923088753	0.887077332392083	0.952249279989013	-6.21234926301889
ENSG00000206549	-0.171740215228637	-3.59830537980756	-0.145492892121369	0.887149703641518	0.952249279989013	-5.83302154790459
ENSG00000303136	-0.128987652636404	-3.05908823370916	-0.14548850225858	0.887153082340645	0.952249279989013	-5.8831391401364
ENSG00000261655	-0.165824905375915	0.993958127295666	-0.145397247331525	0.887223318087587	0.952249279989013	-6.31690019346363
CMTM7	0.04167428209478	4.67181848020998	0.145367475349162	0.887246232768967	0.952249279989013	-6.8034805582004
BBOX1-AS1	-0.0454710629099755	2.23727650537364	-0.145315729388258	0.887286060479755	0.952249279989013	-6.46572267644917
RNU6-762P	0.122911343298988	-3.84460751457659	0.145253183544454	0.887334201057229	0.952249279989013	-5.81082972641743
KCNG3	0.0687957036280982	3.08795736375487	0.145252170470765	0.887334980808466	0.952249279989013	-6.58165982152163
LAP3	-0.037017225432237	6.03158348792413	-0.145073269797983	0.887472680581448	0.952354231708889	-6.9212625013263
UGGT2	0.0345331116381091	4.73729236726142	0.144971401509126	0.887551090310499	0.952395552218356	-6.8112859644883
ENSG00000217769	0.14608573882472	-1.24025654476236	0.144747350074438	0.887723550916705	0.95248111858034	-6.06860266155481
HMGN3-AS1	-0.049397338488081	0.836626139090321	-0.144734411665768	0.887733510271596	0.95248111858034	-6.2992771747527
ENSG00000273680	-0.0887752970013018	-2.32359118746216	-0.144712269287527	0.887750554440008	0.95248111858034	-5.95459591153989
ENSG00000301386	-0.107416550689299	-3.55424441791644	-0.144641730590975	0.88780485223234	0.952496557054269	-5.83716886834893
ENSG00000291006	0.0581069082254082	4.6185491175497	0.144439611259527	0.88796043875489	0.952508478258287	-6.79717971090248
SYNPR	-0.0856460718677941	0.0290230565070616	-0.144378647854054	0.888007367871928	0.952508478258287	-6.21042336371737
LRIG3-DT	-0.0895410752599544	-2.75026056445611	-0.144343590265948	0.888034355113491	0.952508478258287	-5.9128334790456
ENSG00000289277	0.0673446610597976	-1.49845337519223	0.144340091093913	0.888037048775376	0.952508478258287	-6.04044667116076
BTAF1	0.0401007678468623	6.10344634908024	0.144305130407754	0.888063961585954	0.952508478258287	-6.92543407301594
ENSG00000288907	0.0634387149300737	-0.477079669643593	0.144241418370423	0.88811300763035	0.952508478258287	-6.15450289618258
ENSG00000289304	0.0925559660539261	-3.28411927909231	0.144226266776192	0.888124671523479	0.952508478258287	-5.86217849648342
ENSG00000289305	0.0924284285471075	-3.13245296611684	0.144212543507475	0.888135235897261	0.952508478258287	-5.87639757149202
UGGT1	0.0299206167097124	6.76969767398475	0.144054017195624	0.888257273440076	0.952539444229153	-6.9564799797957
SDHAP3	-0.0603364548708152	3.99872157001013	-0.144022914843533	0.888281217171527	0.952539444229153	-6.71483318108628
UBE2V2	-0.0271931034214923	6.75857582556931	-0.144019507808904	0.888283840038893	0.952539444229153	-6.95604079586297
LTA4H	0.0247512976169109	8.04555668989331	0.143895500269368	0.888379306810619	0.952553416691754	-6.99857950350265
GMNN	0.0346629624036376	6.17848795277535	0.143860579292602	0.888406190939618	0.952553416691754	-6.92954021067304
GHET1	0.0600848831459004	-0.127186494161408	0.143833444142183	0.888427081204423	0.952553416691754	-6.19337912670702
PMS2P3	-0.0542909566214198	1.55220170752575	-0.143795213554554	0.888456513553238	0.952553416691754	-6.38171987017477
KRT18P10	0.127804677857436	-1.39704960453541	0.14371534697123	0.888518000523481	0.95256735365723	-6.05154973766745
DENND3-AS1	0.0620202864214948	-0.167404424804475	0.1436746455439	0.888549335671467	0.95256735365723	-6.18899069462423
TLCD3A	0.0360256889939121	4.67091300568544	0.143463208688852	0.888712119558976	0.952699072831211	-6.80366882717018
CBY1	0.0284359338574722	4.7693383366232	0.143244543613698	0.888880474097431	0.952836751640844	-6.81520878922572
MYOCD	0.102821304411689	0.721016592599175	0.143061615611011	0.889021318400163	0.952944929769904	-6.28664083864225
ENSG00000279140	-0.093871055696833	-2.91711897991681	-0.142491684836576	0.889460159000523	0.95334569497591	-5.89707750968031
IL12A	0.0752351770142881	-1.60106757086391	0.142472296581867	0.889475088436903	0.95334569497591	-6.02967649282111
CIBAR2	-0.128356232943716	-1.97583434746353	-0.142368692512447	0.889554866902328	0.95337684418028	-5.99017734851146
MDN1	0.0553999627162627	7.07759437650434	0.14232025613917	0.889592164909821	0.95337684418028	-6.96835940657384
GSC2	-0.0899755584392836	-1.05194726499617	-0.142257247364748	0.88964068468949	0.95337684418028	-6.08991681988632
ENSG00000300759	-0.0974581503458438	-3.6944881322936	-0.142223709937288	0.889666510312189	0.95337684418028	-5.82476068350714
SNURF	-0.0778929823562167	-1.10525581124981	-0.142175184487446	0.889703877757044	0.95337684418028	-6.08397142701333
PNPLA4	0.0319315436180254	5.08701366573158	0.14207394681186	0.889781837619201	0.953417577375301	-6.84932418944605
CTSA	-0.0470037802045953	5.48407325386257	-0.141717846853398	0.890056068443917	0.953607629325338	-6.88463047565086
GPCPD1	-0.0486521808162559	5.0950473724859	-0.141690175892901	0.890077378349746	0.953607629325338	-6.85017156092401
ADPGK	-0.0290302590610914	5.53950470434067	-0.14168797956977	0.89007906978173	0.953607629325338	-6.88896338102167
ENSG00000287574	-0.0554345457705541	-1.09840122566066	-0.141626525373619	0.890126397110259	0.95360993135886	-6.08482238483854
HDAC4	-0.0394660530624842	4.40819052096363	-0.141540465129868	0.890192674895954	0.95360993135886	-6.77118544457885
MAP3K2-DT	0.0665310331335869	0.652229610936558	0.141529546238455	0.890201083951708	0.95360993135886	-6.27923614069841
RN7SL1	0.245436829659787	1.71826290536821	0.141366971154698	0.89032629092328	0.953675396885458	-6.40191051263626
ENSG00000289038	-0.0870437969028535	-2.22433933229132	-0.141346428214873	0.890342112263869	0.953675396885458	-5.96502945619198
RAB35	-0.0370669134571484	5.88955707455368	-0.14126762599124	0.890402803013072	0.953697603532423	-6.91334394889612
GOPC	-0.0314312155109739	5.09915935927171	-0.14117366374062	0.890475170458655	0.953700096952283	-6.85064870301861
INSYN2B	0.0939910013997873	-3.26933286896596	0.141160837711684	0.890485048836537	0.953700096952283	-5.86400013731744
CAP1P1	0.0980155369458009	-0.695047845247812	0.141052022218309	0.890568857369771	0.953717766117321	-6.13036979570528
MZF1	0.0575830276250766	3.25800684368259	0.141035651316563	0.89058146618581	0.953717766117321	-6.60694095934626
DTNB	-0.0266302841511195	5.28893009486282	-0.14070644160953	0.89083502921199	0.953946502252448	-6.86842006400843
ARMCX5-GPRASP2	-0.152748428949309	-3.2843176695248	-0.140615172459964	0.890905328573749	0.953949603103016	-5.86267961415165
ENSG00000279529	0.0863934619477922	-1.58212392788116	0.140588036000145	0.89092623041427	0.953949603103016	-6.03198080830441
DDX18P6	0.0785560636067628	-3.99777547271589	0.140515581025377	0.890982039239481	0.953949603103016	-5.79791557549762
CLIC5	0.146255628118358	-2.90294496266683	0.140495116183358	0.890997802504396	0.953949603103016	-5.89871935671706
VCX3B	0.0861734154859102	-2.64526228366265	0.140283796674834	0.891160576533749	0.954081078371282	-5.92359584056627
C17orf49	0.0730404064087017	-0.653811420674513	0.140218121256461	0.891211165711279	0.954092441555176	-6.13515415240628
PINX1-DT	-0.110583965553971	-2.66471937776823	-0.140037660484776	0.891350175630219	0.954198458926506	-5.92173969920918
DSTNP2	0.0624444717503119	1.53887674894019	0.139926191232882	0.891436042927737	0.954230466353972	-6.3807294865749
LINC01404	-0.104644558045286	-3.20397395623762	-0.139895043211753	0.891460037218524	0.954230466353972	-5.87029711766499
PEDS1	0.0662847550488843	5.00102477588992	0.139781939747182	0.891547165302974	0.954280930768952	-6.8409545604379
MTMR11	0.0423070614215111	2.44753826630621	0.139650213643413	0.891648641047429	0.954335592551455	-6.49396240338857
LAMP3	-0.134921775578431	-1.36591806828261	-0.13961183731108	0.891678204797312	0.954335592551455	-6.05555123784303
BRINP2	0.0789041545346222	-0.360054730934709	0.139237235601525	0.89196679362584	0.954601652996185	-6.16834518304681
ENSG00000288886	-0.0533243368168441	0.571933014763478	-0.139170781520925	0.892017990805399	0.954613639429309	-6.27070255567853
RPL31P49	0.140581348124241	-2.3043912266386	0.13906216343492	0.892101672858115	0.954660387665544	-5.95733078224402
ENSG00000297808	0.0813083121504401	-1.08263536716048	0.138983969171763	0.892161916504729	0.954682050807854	-6.08697153797973
NSD1	-0.0391014558994938	7.49263628751813	-0.138914216528402	0.892215657032063	0.954696753480576	-6.98287933617412
CCM2L	0.0378010308419388	4.17491087427103	0.138804800460143	0.892299957168891	0.954722272473123	-6.74032026158496
PRKAB1	0.0292933304612122	5.07831615533498	0.138730893026539	0.892356900301016	0.954722272473123	-6.8489724805934
ENSG00000254444	-0.0661265123160504	-1.80642269926141	-0.138727504289169	0.892359511221788	0.954722272473123	-6.00837631121752
TRG-AS1	0.0546222385454912	0.867263223777144	0.138579058922876	0.892473885255324	0.954737720395149	-6.3036377749356
H2AC11	-0.0486324461613512	1.43285424220865	-0.138572914386714	0.892478619546828	0.954737720395149	-6.36845863480148
ENSG00000288823	-0.0526163336335426	1.90061623567702	-0.138538403033851	0.89250521021284	0.954737720395149	-6.42450111032223
LINC02723	0.129539584429016	-0.845923051484965	0.138457173786478	0.892567797117751	0.954737720395149	-6.11366428589714
DENND2A	0.0623791628572166	4.33830974193029	0.138449172441982	0.892573962172747	0.954737720395149	-6.76252936620786
CHD8	0.0370604531386194	7.1971028423875	0.138290724340074	0.892696048353584	0.954825516987317	-6.97318271629208
ENSG00000289440	0.0562257845666011	-0.596041500689062	0.138106974934357	0.89283763316589	0.954894991317636	-6.14200536147636
FAM184B	-0.0803775531462893	-0.260291160765174	-0.138102579444876	0.892841020079791	0.954894991317636	-6.1795677226272
ENSG00000304702	0.136958412082047	-3.63491278398374	0.137795574249804	0.893077586371028	0.955091923196461	-5.83078489154805
ASMTL-AS1	0.116574536792578	0.0787630320267131	0.13772231608646	0.893134037890715	0.955091923196461	-6.21685453358469
KDELR2	0.0369186336672191	6.7562717531779	0.137707823003292	0.893145206093008	0.955091923196461	-6.9569143530346
ORC6	-0.0319906040119404	5.84725389004988	-0.137624713422079	0.893209249846748	0.955117614968294	-6.91121804975051
DHRSX-IT1	0.12999609445185	-3.59454066482748	0.137458545135178	0.893337300556189	0.955211744651878	-5.83450754148181
ANKRD52	-0.046181552759907	5.65279258078828	-0.137312982874752	0.893449474718192	0.955288890471243	-6.89804581473563
MGME1	-0.0281049324106002	5.96374706449792	-0.136983649260851	0.893703277052342	0.955490067662056	-6.918553935935
CYP24A1	-0.0773021422848408	-3.15251654896593	-0.136964938649854	0.893717696840313	0.955490067662056	-5.87554036874075
COMMD2	0.0328552953111911	5.9194825065947	0.136864523044446	0.893795085263425	0.955506396666729	-6.91588292761101
NOTCH2	-0.0277180018969361	6.6826083159404	-0.136841226777272	0.893813039426044	0.955506396666729	-6.95406253264458
ALDH2	-0.0269951582321122	5.47497287239746	-0.136566815787965	0.894024529506942	0.955689678225565	-6.88468948101371
GLYR1	0.029803070413954	7.27985856941181	0.136415474014746	0.894141173173103	0.955729985955661	-6.97627467302326
ENSG00000269825	0.0719559596644566	1.25099851313965	0.136376719905145	0.894171042557948	0.955729985955661	-6.34762775081651
NMNAT3	0.0668289759219791	1.38203678478184	0.136362025232731	0.89418236839108	0.955729985955661	-6.36283452798265
PRELID2	0.0837533813729983	3.77252210334084	0.136137736330728	0.894355240840349	0.95587195079202	-6.68329952780938
ENSG00000281333	0.0772453031037585	-2.23355999001527	0.135880032774674	0.894553875039691	0.956011010349786	-5.96488028635798
MTRFR	0.0302255753924205	4.37839019378412	0.135864999733371	0.894565462527414	0.956011010349786	-6.76818963472718
MYCNOS	0.0545351957893342	0.551557410233237	0.135801287693348	0.894614572138289	0.956016856757457	-6.26894197630133
ORMDL2	0.0387216138507691	4.55905347249488	0.135753969996615	0.894651045195366	0.956016856757457	-6.79123574143878
ENSG00000306994	-0.12671718360585	-3.23285468429191	-0.135524886686266	0.894827629030451	0.956145730256186	-5.86819945277917
RORA	0.0436902772366468	3.31345621176419	0.135493570032441	0.894851769251788	0.956145730256186	-6.61588033106377
ENSG00000279879	-0.120478798121821	-3.55843375871893	-0.135399425639901	0.894924340467434	0.956180465302903	-5.8380875962542
IGFBP3	-0.101477103930379	2.05090534192924	-0.135136906148361	0.895126708999575	0.956312123930991	-6.44364323154405
WDR31	0.0629221935639772	1.39382792269404	0.135135618835008	0.895127701370861	0.956312123930991	-6.36438991580215
GPS2	0.0556575964960998	-0.287803788160576	0.135015779432883	0.895220084664867	0.956368012206095	-6.17697042446905
SACM1L	0.0383646823320074	6.03381916880064	0.134820659369315	0.895370504758826	0.956439179743815	-6.9229493797511
ENSG00000228395	0.0968636724960281	-2.47872225045494	0.134805814080357	0.895381949324648	0.956439179743815	-5.94065475759485
SESN2	-0.0443241943392785	6.57299017172271	-0.134773419603095	0.895406923040005	0.956439179743815	-6.94973148490217
BANF1P2	0.129376599771074	-2.31768399850341	0.134596947273599	0.895542972084467	0.956499100790284	-5.95663208026021
KCNMB1	-0.0809844804966166	-0.486561453526013	-0.134569213037127	0.895564353755053	0.956499100790284	-6.15484970272774
DPPA3	-0.156281704767183	0.375873142330493	-0.134544703965788	0.895583249061905	0.956499100790284	-6.24979567197066
HNRNPKP1	0.064471370274839	1.93529768045973	0.134242657309356	0.895816118005878	0.956704997693139	-6.42940605730854
WDR82P1	0.0832993228360764	1.18667094987388	0.134044149051086	0.895969167576018	0.956781776170823	-6.34055692435527
ENSG00000290762	0.0688261919932851	0.854249582367799	0.13401124731035	0.895994535200233	0.956781776170823	-6.30283710648193
MRPL1	0.0370551846592369	4.83161034985951	0.133970286636183	0.896026116526998	0.956781776170823	-6.82364302208358
CCDC175	0.137942060343467	-3.61377314044093	0.133893831820073	0.896085064905874	0.956781776170823	-5.83324071164491
SEC24B-AS1	0.0577821558784553	0.867907820934414	0.133889441091283	0.896088450276382	0.956781776170823	-6.30438771788485
PEX26	-0.0316177007637473	5.8396126779902	-0.133794010894207	0.896162030074996	0.95681753474993	-6.91129024555097
SMG1	0.0481384563411762	6.70074261248323	0.133667264487413	0.896259757285697	0.956879070773327	-6.95526601474346
ALKBH1	0.0369815790284287	4.60899095091738	0.133557358930594	0.896344500908464	0.956926740167397	-6.79765091715909
ARPC4	-0.0471066070655528	5.93759031696152	-0.133349770546943	0.896504567431295	0.957054815533511	-6.91750253639113
ENSG00000286069	-0.121945961619789	0.574211517969944	-0.133216428697436	0.896607386758749	0.957121768484259	-6.27181251065108
FHAD1	0.0498256218680298	1.52230868060173	0.132894119332596	0.896855926388165	0.957344263835875	-6.37979667276993
ENO2	-0.0477470974834615	7.67081360729427	-0.132809470114479	0.896921203142249	0.957371125017712	-6.98933223691429
SAXO5	0.0791687295153392	-0.399598167498999	0.13268030374796	0.897020810587093	0.957434626639334	-6.16486780549947
KBTBD2	0.0239684844905241	5.32187960104217	0.132432431911075	0.897211963730009	0.957595829458194	-6.87252619388634
ENSG00000233849	0.0520493105133602	-0.827271711856834	0.132301217858053	0.897313155818387	0.95760161752494	-6.11664075751722
LYPLA1	0.0592351148541956	7.60234898785751	0.132300063836841	0.897314045806423	0.95760161752494	-6.98729647423946
ARHGAP18	-0.046207381058101	3.29292112376926	-0.132231825550574	0.897366671844196	0.95760161752494	-6.61334616242394
ENSG00000288545	0.0948702893675497	-3.17356963772857	0.132188601269951	0.897400007103943	0.95760161752494	-5.87421194493398
SLC22A4	0.0621884397023371	-1.0406383320593	0.132136509400647	0.897440181467927	0.95760161752494	-6.0926266932829
ENSG00000289245	0.104988385274577	-3.12054753748786	0.132113247957072	0.897458121288719	0.95760161752494	-5.87921308936768
DYRK3-AS1	-0.0661233925536706	-1.93747411864981	-0.13159665692405	0.897856545069875	0.957983913504524	-5.99567076927739
SNUPN	-0.0301783664724837	4.31715036522142	-0.131408953820876	0.898001319517531	0.95803812523258	-6.76070858795937
ENSG00000305766	0.143303562972622	-2.84942348244107	0.131374824126505	0.898027643997665	0.95803812523258	-5.90510733794814
ARL5A	0.0316307641005702	5.50805168568358	0.131334691382584	0.898058598838822	0.95803812523258	-6.88806215582697
WFS1	-0.0345693446123017	5.53843520216705	-0.131276639480331	0.898103375246682	0.95803812523258	-6.89042210017749
ENSG00000289868	0.117446003914871	-3.10675592704912	0.131252369588553	0.898122095132969	0.95803812523258	-5.88062923209139
ENSG00000279407	0.0770265624470278	0.780041764291086	0.131134815638823	0.898212767931736	0.95803812523258	-6.29494277276655
RNF220	0.026185622818792	6.69940508285586	0.131115158668961	0.898227930076903	0.95803812523258	-6.95557867362618
ADCY9	-0.0423798880545849	4.011413362427	-0.131103262391707	0.8982371061347	0.95803812523258	-6.71855348278702
ENSG00000213252	0.0475436940325054	-0.506787308168977	0.131062405772918	0.89826862054111	0.95803812523258	-6.15306506522497
ZBTB7B	-0.0424561869816422	4.85963067740339	-0.130835211577421	0.898443868229131	0.958182215605017	-6.82724100169415
ASS1P9	-0.186760596408438	-3.1684104785063	-0.130713912829105	0.898537435128681	0.958203899797089	-5.87489302677075
HK2-DT	0.0419083802042786	2.52400889642521	0.130704759559082	0.898544495804192	0.958203899797089	-6.50543132836264
ENSG00000266830	0.115286334729087	-2.77485035287979	0.130602869717013	0.898623092505842	0.958244899867613	-5.91238447822545
LINC01301	0.0741949027146453	0.209467073579517	0.130431633189441	0.898755185058241	0.958342938917261	-6.23217057376654
ENSG00000280187	-0.10565220604079	-2.05923514944949	-0.130292923072567	0.89886218897606	0.958414218383293	-5.98331324768197
ENSG00000272108	-0.0864687636539983	-1.85270949458375	-0.130223630173512	0.898915643777906	0.958428397143055	-6.00470274536544
ENSG00000303186	-0.189761677490887	-2.65661364872204	-0.130097595932762	0.899012872055999	0.958451978274274	-5.92389650943302
ENSG00000299678	0.114216442518875	-2.61384446566973	0.130053625880671	0.899046792871901	0.958451978274274	-5.92806733557425
GTF2F2	-0.026678230846886	5.91272227777368	-0.130020417034802	0.899072412067005	0.958451978274274	-6.91645638296413
SNRNP35	0.0387925581579349	3.53372907878085	0.12996934581255	0.899111811553178	0.958451978274274	-6.64907905472413
FDX1	-0.0306258315730377	4.22722431833913	-0.129928730374898	0.899143145007785	0.958451978274274	-6.74877007033586
HSCB	-0.0488834587067104	3.08816079806133	-0.129882631579645	0.899178708909342	0.958451978274274	-6.58396326427407
SMIM10L1	0.028047302891471	4.92049142086973	0.129800099088755	0.899242380947519	0.958477041178744	-6.83400186540427
ZNF181	-0.0369798689231526	3.42488459241862	-0.129708534882768	0.89931302163401	0.958485142930112	-6.63307626631741
ENSG00000253200	-0.0860953154771832	-0.256494985815716	-0.129686137784881	0.89933030086634	0.958485142930112	-6.18117147438239
UBLCP1	0.0260370614493848	6.171271668579	0.129626381475618	0.899376402784722	0.958491476010849	-6.93127457724452
AHSA2P	-0.0664508211191155	3.62885309017061	-0.129254140839773	0.899663594778792	0.958736940507855	-6.66320907271141
DYDC2	-0.0416434712896705	1.66160239851722	-0.129196128281982	0.899708354132572	0.958736940507855	-6.39687379834954
SAMD3	0.0571109594751069	0.570484186925462	0.129139611654843	0.899751959660704	0.958736940507855	-6.27196642251263
ZNF365	-0.0649561628195259	-0.814688660432573	-0.129027708402274	0.899838299890585	0.958736940507855	-6.11851014718801
CD200R1	0.0832017404126462	-2.3224015716325	0.129003872022898	0.899856691297312	0.958736940507855	-5.95691782041194
ENSG00000279954	-0.135402753487676	-3.39705620018751	-0.128918795768046	0.899922333986855	0.958736940507855	-5.85379759361388
ENSG00000259212	0.100608630177685	-4.13359685286438	0.128915159962564	0.899925139300123	0.958736940507855	-5.78757384332749
FTH1P23	0.101550574231376	-2.07537212212213	0.128911338220689	0.89992808807967	0.958736940507855	-5.98184683530272
ENSG00000267506	-0.081716714936557	0.339215531906935	-0.128858920837673	0.899968532444042	0.958737232808515	-6.24657074608114
TIMMDC1	0.0293418968287407	6.14252992991927	0.12871526164866	0.900079378973985	0.958812521221695	-6.92988232658483
ASCC1	0.0334281194217336	5.48198524945689	0.128553530956825	0.900204172050297	0.95884892066945	-6.88639544561326
KCP	-0.0686725074660139	2.95203777270787	-0.12850931085338	0.90023829323516	0.95884892066945	-6.56470719922099
ENSG00000288964	-0.1005767407524	-4.36364011151898	-0.128459088567569	0.90027704609104	0.95884892066945	-5.77120756562439
NHERF1	-0.0310047860832574	6.74056125642615	-0.128448140179691	0.90028549419566	0.95884892066945	-6.95762517277783
METTL23	-0.0442367116173745	4.01259153322261	-0.128335183535304	0.900372655692016	0.95884892066945	-6.71910870098502
LINC01530	-0.0717274536593586	-1.88511240265745	-0.128329141062584	0.900377318324973	0.95884892066945	-6.00156715652749
FPGT-TNNI3K	0.12719610217226	-3.26414478242765	0.128279173728924	0.900415875429845	0.95884892066945	-5.86623905667047
ENSG00000287925	-0.0837681126996026	-1.88360585445142	-0.128234161308515	0.900450609326482	0.95884892066945	-6.00173708061653
FBXO30	-0.0255961353712495	5.88522756751897	-0.128202396535893	0.900475120789586	0.95884892066945	-6.91498257246949
ERICD	0.0761624348469879	-0.550539962566534	0.12795218866805	0.900668198902359	0.958960365965527	-6.14856357263299
ENSG00000309870	-0.108588518406027	-4.34187119929951	-0.127943681868935	0.900674763470245	0.958960365965527	-5.77250841880163
ULK2	0.0363056366914218	3.95146272780577	0.127910564870231	0.900700319430562	0.958960365965527	-6.71040671911941
C5AR1	-0.101565976400518	-1.75575034154955	-0.127821054564204	0.900769393971696	0.958991128821593	-6.01523001424267
GALNT10	0.025492961861235	5.10114185313495	0.127756219755818	0.900819427127206	0.958996544950265	-6.85279468894525
ENSG00000287089	-0.124312469251479	-3.34728400874762	-0.127681436595568	0.900877138010505	0.958996544950265	-5.85857246255391
AGT	0.123248932267409	-1.07567740011884	0.127658259844933	0.900895023854271	0.958996544950265	-6.08932290230335
ENSG00000226824	0.0512391766129174	1.0317491371098	0.127562044398317	0.900969275367977	0.959032811310655	-6.32377030457736
ENSG00000272447	0.0505571778252054	0.137482102936141	0.127363362943801	0.901122605247012	0.959118173437965	-6.22472118722523
NAA15	0.0300697621820394	7.48977641697265	0.127353986824729	0.90112984125248	0.959118173437965	-6.98445997644121
XPOT	0.0300974680722153	8.38353621807011	0.127286746236899	0.901181734350124	0.959130633388379	-7.01008331079374
STAT2	-0.0253214654306895	5.22324058083681	-0.127202478981709	0.90124676850965	0.959157077678579	-6.86447282618401
GNB4	-0.0323256836852766	6.43351802293337	-0.127048519969071	0.901365590004607	0.959240760540418	-6.94461300170031
CARHSP1-DT	0.0927515106227124	-4.06521867349935	0.126996305582125	0.90140588826643	0.959240874587787	-5.79379252602404
MALAT1	0.188879531241925	5.12056808091391	0.126750470525761	0.901595623920641	0.959352969480437	-6.85479795284172
GLG1	0.0271106653920299	8.08063619218412	0.126718636687304	0.901620193771745	0.959352969480437	-7.00207920479716
FNTAP1	-0.0888705203917488	-3.55711982145262	-0.126693504759116	0.901639591061118	0.959352969480437	-5.83935581543764
UBXN11	-0.046448080082548	3.28741303925124	-0.126651504424527	0.901672007851224	0.959352969480437	-6.61331731491449
REST	0.0394310623955132	6.00816775557227	0.126426649389184	0.901845559169413	0.959494849583042	-6.92265507027152
ENSG00000278769	-0.136476710002823	-3.59715785682514	-0.126355410555338	0.901900545028411	0.959510578059779	-5.83574161357918
MMAB	0.0414287829261433	5.08919230979859	0.126297488749018	0.901945252508732	0.959515370698725	-6.85183464061875
CCT6A	-0.0274227731556564	8.69386896051028	-0.126084394692862	0.902109734205146	0.959647576496444	-7.01798157280541
IWS1	-0.0212332475913621	6.79429591404209	-0.125952954837201	0.902211191588052	0.959712729403754	-6.96011726871187
ALG1L15P	-0.0636043322996911	-1.73582123306302	-0.125796867274633	0.902331676731722	0.959798116077904	-6.01760772589984
IRAIN	0.0535270127726228	0.0645230900443844	0.125565029949282	0.902510638462619	0.959907012662346	-6.21698673163332
ENSG00000295349	-0.10364617384062	-3.48155845820363	-0.125560038827882	0.902514491311981	0.959907012662346	-5.84642984749133
LRIG2-DT	-0.0899421604075963	-2.13501559014112	-0.125352611333698	0.902674615360316	0.960034536999451	-5.97622914741245
EEIG2	-0.029032799422664	5.33745871976777	-0.125214681939801	0.902781092744773	0.960104996904888	-6.87488886107382
ENSG00000273196	-0.116587113029098	-3.62282628148802	-0.125071502644896	0.902891625028685	0.960142856790516	-5.83356476244417
DUOX2	0.102481018664007	-0.388672766873817	0.124994153395964	0.902951338400033	0.960142856790516	-6.16712561859553
LINC03047	0.0666859757133045	-3.00105392019701	0.124832412871324	0.903076203609391	0.960142856790516	-5.89147671454555
KIF23-AS1	-0.0503719540930198	-0.808306259848779	-0.124801968775659	0.903099707047306	0.960142856790516	-6.11979524691499
ZMYND12	-0.0714607433953672	-0.0347313196306542	-0.124717895514295	0.903164613759473	0.960142856790516	-6.20621887092355
ENSG00000307239	-0.0740855019874878	-3.31497274373656	-0.124694884273793	0.903182379156864	0.960142856790516	-5.86195699924946
TRRAP	0.0398271303702806	6.65660431426083	0.124607088069329	0.903250161085911	0.960142856790516	-6.95472104672095
ENSG00000287885	-0.0953081944608929	-2.57709222768283	-0.124606984471077	0.903250241068087	0.960142856790516	-5.93236347745962
RELA-DT	0.0403890486195875	1.11044859157677	0.124570805980735	0.903278172442571	0.960142856790516	-6.33313378944037
MRPL40	-0.0366637925711193	3.74263398361083	-0.124553110552378	0.903291834136285	0.960142856790516	-6.68054213983239
ZNF184	0.0278426400571492	3.93626035532754	0.124507757115449	0.903326849249696	0.960142856790516	-6.70868125682303
C19orf84	-0.0480639266865701	2.23434330661095	-0.124440692487564	0.903378626881632	0.960142856790516	-6.46836071036482
LINC02762	-0.0594331379088222	-0.410809614610822	-0.124428751670942	0.90338784590751	0.960142856790516	-6.16472613449003
PARP15	0.0877148760010624	-3.14562088584013	0.1244046880817	0.903406424485814	0.960142856790516	-5.87785194949525
UBE3D	-0.0340542979121192	3.36182394831113	-0.124386942145201	0.903420125484754	0.960142856790516	-6.62451257257316
WDR43	-0.0305107620385074	7.13250870038726	-0.124288760105162	0.903495928903493	0.960180663244264	-6.97292187748342
CFAP298-TCP10L	0.0649465997166506	-0.0218684916942094	0.124067273933855	0.90366693547925	0.960310067450591	-6.20771603463771
ENSG00000293535	0.110607167767453	-2.61225349056414	0.124026825870901	0.90369816545608	0.960310067450591	-5.92900423184472
B3GNT8	0.0627307139023884	0.733310446957256	0.123921926516494	0.903779159118822	0.960331930623633	-6.29071396582764
ENSG00000285761	-0.0979088709073137	-2.77371325462767	-0.123875365843135	0.903815109371287	0.960331930623633	-5.91336612413267
ENSG00000289574	0.149195033232711	-3.17347227263622	0.12383597480566	0.903845524008873	0.960331930623633	-5.87530371584574
AKAP10	0.0280547307211068	4.78660681633858	0.123758029081157	0.90390570799975	0.960331930623633	-6.81998986670681
TIGIT	0.0874527873513231	-2.65748825155014	0.123739617972157	0.903919923805251	0.960331930623633	-5.92463494880024
ERCC3	-0.0272520903315501	5.88452609647568	-0.123272596518996	0.904280537848226	0.960672286870098	-6.9156114578301
PDE4DIPP2	-0.0625448587175645	-1.17986448880436	-0.123131532184729	0.904389466188406	0.960745243669323	-6.07828617610922
QRICH2	0.0617517780301158	0.883068887205048	0.123075230471679	0.904432942336288	0.96074705681341	-6.30756549019143
GNL3L	-0.0405028536212182	5.5013640405939	-0.123025063677502	0.904471681381846	0.96074705681341	-6.8886806408981
SLC30A9	0.0251240564899531	7.25706247854411	0.122828957998488	0.904623117666785	0.960840565937283	-6.97741865039783
SNRNP25	0.0304482607676331	5.53782336314579	0.122789712198862	0.904653424449998	0.960840565937283	-6.89154461400771
GABRR1	0.0799813068058526	-1.11113586191643	0.122754666910073	0.904680487608104	0.960840565937283	-6.08599070951263
ENSG00000287225	0.0572056187103631	-1.44279359282452	0.122551060556676	0.904837721848701	0.960964798084944	-6.04950103193497
TMEM39A	0.0274818945246391	5.3698433385574	0.122418612501275	0.904940006670552	0.961030663842932	-6.87803927485017
SIK1	-0.0487945113521514	-0.7086580325618	-0.122281715209511	0.905045729386621	0.961100174561535	-6.13142163390056
TRIM11	-0.0498411542768995	4.71492312457589	-0.122166139429138	0.90513498748683	0.961124988328552	-6.81197581686823
MAPK6	0.024184387500414	7.8121283562448	0.122147171970878	0.905149636010428	0.961124988328552	-6.99503486423192
HM13	-0.0304721513060402	5.19872706726757	-0.122009575609716	0.905255902471428	0.961174817791644	-6.86287714452424
FIGNL2-DT	-0.10252760926999	-2.56885633367021	-0.121982118892881	0.905277107685858	0.961174817791644	-5.93349942566263
DUT-AS1	-0.0467304660087452	-0.316963259344251	-0.121866527644396	0.905366381311037	0.961226842649044	-6.1755094022768
YJU2B	-0.0427021404970702	3.61899554563574	-0.121803306336033	0.905415209080274	0.961235114202333	-6.66275848047716
ENSG00000258768	0.051300833186391	-0.215931314865947	0.121752146793114	0.905454721477222	0.961235114202333	-6.18670277827416
ARMT1	0.0591012549787644	6.62661790039951	0.121653070568565	0.905531242457118	0.961273591768182	-6.95385622121265
TP53INP2	0.0360113419262516	3.51918221700674	0.121514853750426	0.905637995149181	0.96132204702163	-6.64809052396495
TMEM165	-0.0347936719556579	5.85200805230441	-0.12141950913839	0.905711636349269	0.96132204702163	-6.91380268034855
ORAI3	-0.0545226883381011	2.75992411085664	-0.121406535020632	0.90572165722481	0.96132204702163	-6.53874350243352
CEACAM19	0.0747587011524928	0.74692073447987	0.121244467745845	0.905846835285427	0.96132204702163	-6.29257577931438
LINC01623	0.0888152331565255	-3.26779151623467	0.121182615070773	0.905894609971381	0.96132204702163	-5.86679331241276
MANBAL	0.0323456291912487	5.80812519244147	0.12117990210558	0.905896705460637	0.96132204702163	-6.91100960081175
BID	-0.0311221025213237	4.61158739225297	-0.121155026846708	0.905915919099402	0.96132204702163	-6.79967814185951
SDR42E1	0.0624260881159078	-2.61934434856694	0.121147206505828	0.905921959540296	0.96132204702163	-5.92867334676059
C2CD4D-AS1	0.0365580381431823	3.06900791851916	0.121124636683341	0.905939392534064	0.96132204702163	-6.58238705639541
EIF2B4	0.021765170299008	5.6774003569329	0.121068540490021	0.905982721616337	0.961325284169168	-6.90208072253308
SGCG	0.122166376564934	-2.23986430603205	0.120888613851602	0.906121700354832	0.961430008996567	-5.96622233008974
ZNRD2-DT	0.0613238950948189	-0.436719907149697	0.120690713244317	0.906274566353592	0.96154945877578	-6.16230143920745
ZNF416	-0.02548774272493	3.9548687934284	-0.12062028646322	0.906328967659112	0.961564432393315	-6.71187643326223
ENSG00000246308	0.0575615833727107	-0.851029731958086	0.120531517758425	0.906397537941317	0.961594436504664	-6.11551225937337
ZBTB25	-0.0281848588483999	3.89335972498194	-0.120272204314519	0.906597851833265	0.961726194652258	-6.70306438337785
LEPR	-0.0498970821650526	2.6664377462661	-0.120266415765428	0.90660232343743	0.961726194652258	-6.52605930539975
TLCD5	-0.0283920980397454	4.10524085648419	-0.119915633070185	0.906873306402504	0.961970897951491	-6.73322298184538
EMBP1	-0.0435884692717359	1.95170021183747	-0.119670869636136	0.907062395884782	0.962100821146691	-6.43341384175955
DEPTOR	0.0747135937965658	1.35328681782134	0.119652729634607	0.907076409998862	0.962100821146691	-6.36176086994414
CENPBD1P	0.0359905535332912	3.57809369774758	0.119493961823424	0.907199067983218	0.962188159603406	-6.6570148408113
VTA1	0.0341424100409204	6.6202400543301	0.119336959428036	0.907320364583032	0.962273370918009	-6.95388927000614
TMEM192	-0.0251571251588798	4.32282767062362	-0.119285598077023	0.907360045774911	0.962273370918009	-6.76311831541436
IFT70A	-0.035205440373967	3.53855700218352	-0.119203837667724	0.907423213481023	0.962297602246138	-6.65123455829633
LOH12CR2	0.0743665155820844	-1.05667059843614	0.119024916755484	0.907561449286758	0.962398164111836	-6.09255234634189
SCP2	0.0237960641960768	5.76875985910442	0.118976719251398	0.907598687636871	0.962398164111836	-6.90868472810986
ENSG00000230773	0.0599428543023317	-1.49859713518287	0.118857657721319	0.907690677945886	0.962452948177815	-6.04390614681859
INO80	-0.0310509204055016	5.60740375496117	-0.118732456680425	0.907787413354167	0.962512758530605	-6.89735133204303
GSK3A	0.0323501637943302	5.97646374563684	0.118647232232148	0.907853262125535	0.962535671109736	-6.92185659053066
ZGRF1	0.0388462334260087	5.10244221105724	0.118596680337299	0.907892321452177	0.962535671109736	-6.85414286526944
ENSG00000286116	-0.128213453269273	-3.30699844437155	-0.118547902050822	0.907930010629466	0.962535671109736	-5.86345512935568
FMNL3	0.0281339379358583	4.56312692117019	0.118432880347521	0.908018884589883	0.96258713327293	-6.794122784575
BEND6	-0.0454835546604009	1.23706739058438	-0.11825752976396	0.908154375493736	0.962688007102332	-6.3484733509595
ZKSCAN2-DT	-0.0651914315155097	0.223241051868748	-0.118042366697337	0.908320633145567	0.962753135257314	-6.23529873384004
TIMP1	0.0500595709079272	5.29781856948104	0.118032118361184	0.908328552205266	0.962753135257314	-6.87237831006997
SAPCD1-AS1	0.0606423561629941	-1.45524836929651	0.117985770679958	0.908364365960092	0.962753135257314	-6.04871448876286
KCTD2	-0.0297914258472778	5.85064709483532	-0.117959662389184	0.908384540438768	0.962753135257314	-6.91416465498443
PWRN1	-0.077109870847216	-1.76470307018855	-0.11791700155882	0.908417505593275	0.962753135257314	-6.01554043129734
ENSG00000290997	-0.0535094330543661	-0.423426977330583	-0.117827908131711	0.908486351032372	0.962783346214184	-6.16414966477756
C8orf33	0.0205234945199253	6.45159574845339	0.117587583924602	0.908672061448681	0.962937398570094	-6.94670583679167
SH3PXD2A	0.0434614517874508	5.56049629765643	0.117392508284144	0.908822810287835	0.963054389430349	-6.89400475709517
FLNC	-0.0709600689183256	5.53641622991919	-0.117268427714729	0.908918698149551	0.963102754540608	-6.89215489223167
INTS14	-0.025407344359401	5.66238197462212	-0.117181818037047	0.9089856298966	0.963102754540608	-6.90151060933728
PNMA8A	0.0340859333313954	5.80222785878025	0.11707013797639	0.909071937073497	0.963102754540608	-6.91116185142603
ENSG00000308820	-0.134658362235247	-2.50093275062437	-0.11699690689794	0.909128531264198	0.963102754540608	-5.94076468644467
ACP1	-0.0195908923404087	7.11664372412997	-0.11698039401114	0.909141292770159	0.963102754540608	-6.97331769359553
PSD3	0.0284759344569912	4.82063865036838	0.116959466148394	0.90915746630115	0.963102754540608	-6.8247243247542
CAMK1	0.0616471220778991	2.93820241675466	0.116844144965501	0.909246589927213	0.963102754540608	-6.56428243198515
NCEH1	0.0383181974710216	3.01010730747698	0.116830579500989	0.909257073806581	0.963102754540608	-6.57449938242251
TAF1L	-0.0472421175499397	-0.913401482837702	-0.116721760659449	0.909341173584064	0.963102754540608	-6.10895820817256
PRKRA	0.0216925704162225	6.05013520226657	0.116666035053528	0.909384241129528	0.963102754540608	-6.92635180016042
RILPL1	0.0472265331142192	3.26409159432053	0.116595574677045	0.909438696884743	0.963102754540608	-6.61122041166053
DDI2	-0.0307242306967837	5.71722630077496	-0.116572590217849	0.909456460677991	0.963102754540608	-6.90544975338659
CTAGE7P	0.116864268684524	-3.11803431334236	0.116547674536478	0.909475717096576	0.963102754540608	-5.88141148829048
PPP3CB	-0.0218025302868528	5.69252765696878	-0.116514875467019	0.909501066390867	0.963102754540608	-6.90373376408079
ENSG00000298390	-0.0691476728952196	-3.02040167958926	-0.116503754235008	0.909509661640019	0.963102754540608	-5.89065916723547
ACACA	0.0307200131947276	7.81413384302267	0.116498013704687	0.909514098319469	0.963102754540608	-6.99582694956947
FAIM2	0.10116835494976	1.0676285914297	0.116279529648629	0.909682960347735	0.963238829397488	-6.32931303300129
DOCK5	-0.042375247207548	3.81331349484702	-0.116125726613764	0.90980183450868	0.963315894824053	-6.69202539846472
ENSG00000226919	0.097042607199306	-3.05615016424217	0.116030811933063	0.909875195100744	0.963315894824053	-5.88732412121253
LINC01948	0.0932565295790124	-2.43648296808778	0.115962085376723	0.909928315158757	0.963315894824053	-5.94724119238921
ADAMTS19	0.038318010743132	5.26857025136572	0.115883123301867	0.90998934701599	0.963315894824053	-6.87008855579678
LINC02940	0.101205810144234	-2.19506942361953	0.115881410098478	0.90999067120258	0.963315894824053	-5.97133770593141
ENSG00000303430	0.0480407712570327	-0.343385022426781	0.115872042175408	0.909997911958064	0.963315894824053	-6.17333176355735
ENSG00000276408	-0.0668606472409581	-1.13741123356832	-0.1157533356081	0.910089664656284	0.963370294334126	-6.08392646461539
SNHG21	-0.0417447865970824	1.19614152939694	-0.115641751574645	0.910175913344887	0.963418863038958	-6.34408701944902
G2E3	0.0243669728845299	6.68495842148403	0.115501205305046	0.910284550080783	0.963491124075482	-6.95708335061168
ENSG00000270135	0.0831777719589284	-3.28950800328022	0.115368159932841	0.910387390699642	0.963557244072211	-5.86546152686823
SALL1	0.034617003434799	7.20243707568551	0.11524860632274	0.910479804012993	0.963575073013216	-6.97654108782545
ZNF254	0.0294445796104341	5.35603740977793	0.115241908717094	0.910484981212304	0.963575073013216	-6.87778116906843
NCBP1	-0.0300603076191619	6.88806514071072	-0.114922305016525	0.910732037581952	0.963793798650665	-6.96519170151101
ENSG00000289580	0.152599005519853	-3.31498342627152	0.114858707245156	0.910781200386019	0.963803090787139	-5.86314650943258
GPR146	-0.0929649266711912	0.297370979108583	-0.114764067813048	0.910854359965517	0.96383777474161	-6.2438053631781
ENSG00000266538	0.0913044371644731	-2.93726020605217	0.114702191081844	0.910902193306383	0.963845657370254	-5.89878587618089
SPAG1	0.0561398918035163	1.39692156242882	0.114530110972142	0.91103522049501	0.963933529428548	-6.36749074397143
EIF2B5	-0.0238318903637316	5.70263207215837	-0.114433901242581	0.911109597048449	0.963933529428548	-6.90469948875288
ENSG00000273398	0.129859414307738	-3.67992490277968	0.11439307909114	0.91114115557217	0.963933529428548	-5.82966415982731
ZNF443	0.0321880477721002	2.88286093096696	0.114385791472064	0.911146789454395	0.963933529428548	-6.55677696983309
ETV3	0.0330464525515319	5.1023654105499	0.11423485197749	0.91126347828794	0.963977210851984	-6.8546862113025
PRSS46P	0.0940581399559748	-1.82558572731209	0.114227893417327	0.911268857889238	0.963977210851984	-6.00956294474843
R3HDM2-DT	-0.0972199896051045	-4.05171178684592	-0.114100452518626	0.911367382149411	0.964033426564979	-5.79652868359429
ATP6V1E1	-0.0249797529588891	6.48590749507619	-0.114003147870612	0.9114426092024	0.964033426564979	-6.94871918765597
RPP40	-0.0301549073667435	3.55608170606623	-0.113998102064297	0.911446510183241	0.964033426564979	-6.65446561685741
ENSG00000300536	0.0760503268327528	-3.13399989680933	0.113950169741329	0.911483567430566	0.964033426564979	-5.88020926870226
ENSG00000287918	0.0645317731618829	-1.45527515306578	0.113822972513656	0.91158190672204	0.964094501991207	-6.04921202630129
CYP4F26P	0.063205203318161	0.522747311584651	0.113718888502714	0.911662377781054	0.964094501991207	-6.2686770476618
CPT1B	-0.118283937790932	-1.3851688275656	-0.113607738793327	0.911748312736433	0.964094501991207	-6.05686579890786
CDON	0.0273293410869364	4.96638454172099	0.113600147920422	0.911754181633018	0.964094501991207	-6.84094816587727
PCED1A	-0.0453771532961751	4.54893686733852	-0.113579473496607	0.911770166127874	0.964094501991207	-6.79297912359326
C3orf33	-0.0492619784051781	0.19533019456128	-0.113550221831291	0.911792782213886	0.964094501991207	-6.23280191234671
ERMARD	-0.0242638867635541	3.60256884713965	-0.113473086560861	0.911852420167591	0.964094501991207	-6.66138597905133
NUDT19	-0.0386008606592805	1.90192506432774	-0.113434824783433	0.911882002879628	0.964094501991207	-6.42804081889873
ZBTB40-IT1	0.0825950603052261	-4.13359685286438	0.11332142781059	0.911969678409864	0.964094501991207	-5.78945645345897
ENSG00000310248	0.0886057578013202	-3.92250163022505	0.113314175213758	0.911975285967318	0.964094501991207	-5.80802595479175
SMTN	0.0404338254177521	4.0714752445025	0.113280351042383	0.912001438181849	0.964094501991207	-6.72932778189591
ENSG00000307752	-0.0830753630184979	-4.17388241724046	-0.113199163963136	0.912064210956172	0.964094501991207	-5.78596698047314
MTMR3	0.0273702698491762	5.2683941647267	0.113163797319263	0.912091556174583	0.964094501991207	-6.87041074354038
ENSG00000286957	-0.0939778673826925	-3.91589040669742	-0.11314403538103	0.912106836006263	0.964094501991207	-5.80863212914133
COL25A1	-0.0347720006375138	2.34408622480001	-0.113005567753595	0.912213899532789	0.964161462182049	-6.48400746376624
ZRANB2-AS1	-0.0745203596644126	-4.46404182969406	-0.112957611355055	0.912250979972138	0.964161462182049	-5.76740075923955
ENSG00000225871	-0.0500776240766354	-1.38551116032297	-0.112850869003051	0.912333515177876	0.964171650587164	-6.05691739707022
SLC9C1	0.0771582729878295	-2.53867464224292	0.112840652004219	0.91234141521182	0.964171650587164	-5.93755073699749
ACAP2-IT1	0.0702340451555736	-2.56895614653084	0.112760468851234	0.912403415137863	0.964194479038981	-5.93459577234672
LINC01841	0.0549691437484957	-0.199197156045836	0.11260518303124	0.912523488359074	0.96427867248145	-6.18967349574379
ENSG00000273064	0.058982868886579	-2.71824231942013	0.112491119282365	0.912611688489071	0.964329179137055	-5.92009812909043
NECAP1	-0.0284223179908993	4.76719317025996	-0.112370398782754	0.912705037322758	0.964363444954811	-6.8192398979592
ENSG00000260361	-0.0757267343640589	-2.1496705284035	-0.112335147512733	0.912732296127843	0.964363444954811	-5.97633495293845
CNBP	-0.0190566331777617	8.68446686161541	-0.112292423193041	0.91276533378846	0.964363444954811	-7.0195424315959
ENSG00000305514	0.0720090470328756	-1.12634249056963	0.112063985046989	0.91294198230881	0.96450738310674	-6.08559934783461
CHRNA3	-0.048921794652983	3.16237892924848	-0.111903208177973	0.913066312136257	0.964549646505584	-6.59701317836952
ENSG00000253307	0.0984390996358604	-3.7345407032435	0.111901045172161	0.913067984819837	0.964549646505584	-5.82501042454928
SH3BP1	0.0448906137930041	2.76900774663777	0.111807325594563	0.913140459946602	0.964549646505584	-6.5412046509614
COMMD8	-0.0327836153389995	2.73760772646667	-0.111791780498465	0.913152481344761	0.964549646505584	-6.53686965870371
PLA2G3	-0.0575399032052628	5.00581110595267	-0.111750953682285	0.913184053816574	0.964549646505584	-6.84527082462174
ENSG00000307508	0.0898193994565553	-4.04227968711408	0.1116556083801	0.913257787510673	0.964584839337842	-5.79763217688954
NPC1L1	-0.0992673506784333	-0.443877883905955	-0.111572223098411	0.913322272828566	0.964610261332835	-6.16261074360268
ENSG00000299066	-0.0711240711042205	-4.21548191888285	-0.111354749605962	0.913490457248949	0.964744037952086	-5.78297515460905
ENSG00000227355	-0.0525053727665699	-1.82527825538279	-0.11129917538097	0.91353343662354	0.964744037952086	-6.00993617033379
ENSG00000294075	0.0696364631878748	-1.72704542448632	0.111225905564011	0.913590101663241	0.964744037952086	-6.02032381601638
CUL2	0.0211585489178985	6.00375889257141	0.11119937058115	0.913610623278713	0.964744037952086	-6.92436477773762
LMNB1	-0.0263034405900209	7.58676778760789	-0.111085199303318	0.913698921777585	0.964794592136691	-6.98961970128766
DAW1	-0.0603346443001809	-2.2330771599846	-0.110957755440568	0.913797486561685	0.96482452709709	-5.96808640341152
RPA3	-0.0243455355515883	5.19315527252318	-0.11094400467089	0.913808121466029	0.96482452709709	-6.86374883961678
ACTG1P17	0.0576168682250969	-0.221379403970261	0.110832145950554	0.913894634141656	0.964873185572808	-6.18743817821621
ZNF518A	0.0241025126547667	5.90407477711292	0.110744343738027	0.913962542092592	0.964902198085721	-6.91843222276473
TREX2	0.104514679748702	-2.09633922224196	0.110451374491844	0.914189135481097	0.964974817529414	-5.98197728649979
TIFA	-0.036375153598319	1.75245357777506	-0.110426293089398	0.914208534751114	0.964974817529414	-6.41019400191933
ENSG00000297093	-0.0684117118418426	2.88578058675435	-0.110420973403966	0.914212649281961	0.964974817529414	-6.5576671068285
TRPC1	-0.027308414438624	3.97057261476582	-0.110406166904125	0.914224101439299	0.964974817529414	-6.71541659546778
DDX5	0.0299368297237876	8.69590228331468	0.110394035591887	0.914233484475431	0.964974817529414	-7.02004883723545
SUCLG2-DT	-0.0366726206626302	1.82432975339517	-0.110128296366772	0.914439025525213	0.965113349323809	-6.41895673536685
E2F3	-0.0194070061992377	6.16492145820514	-0.110119788591816	0.914445606134354	0.965113349323809	-6.93348098504482
BZW2	-0.0225487667160946	7.10053787561541	-0.110006525466331	0.914533213745098	0.965163131216195	-6.97360727072717
SOD3	0.0610132424572623	1.81771922471393	0.109776712264953	0.914710975058369	0.965204696815448	-6.41819351152097
HSPA12B	-0.0701988620037701	2.74093653413244	-0.109711406989247	0.914761489814697	0.965204696815448	-6.53757536856691
CCDC180	-0.0856935632785655	-0.532290953001248	-0.109597938578276	0.914849260529933	0.965204696815448	-6.15290633242904
PPP1R17	-0.0630137162610387	1.73792059949041	-0.109563496225871	0.914875902806431	0.965204696815448	-6.40853767729463
COL2A1	0.0842126061729651	2.88402675723835	0.109506499847809	0.91491999159531	0.965204696815448	-6.55752829539855
MEGF9	0.0400002703336892	1.99955836200543	0.109501370366601	0.91492395945196	0.965204696815448	-6.44059916854379
CMAHP	-0.0536714042916572	-1.13156056145811	-0.109497567717127	0.914926900953348	0.965204696815448	-6.08531297330729
RNU6-137P	0.0646532459681746	-1.41169341271849	0.109466911127065	0.914950615100382	0.965204696815448	-6.05445521549599
ENSG00000305266	0.0763570795660225	-2.4262114250564	0.109419075794256	0.914987617893478	0.965204696815448	-5.94901170666373
CERS4	-0.0351665209085246	6.18159517745239	-0.109396772755411	0.915004870375191	0.965204696815448	-6.93444266987206
ERLEC1	-0.0256136793753994	5.45352948271359	-0.10938051104867	0.915017449622756	0.965204696815448	-6.88662526124406
HNF1B	-0.101359643870717	-0.220402059390232	-0.109299867827611	0.915079831570253	0.965227840194777	-6.18772327705435
NAPG	0.0262227329272235	5.10047827891661	0.109175546430946	0.915176002159425	0.965286620273069	-6.85511815502262
RPS6	-0.0206172419625403	10.5441799748747	-0.109077423928949	0.915251907230762	0.965307904495788	-7.05779977689296
LIN28B-AS1	0.04694789949698	0.152947621330915	0.10904489360932	0.915277072055125	0.965307904495788	-6.22869705820742
ENSG00000235978	0.0576176999907534	-2.99124286178044	0.108742888423291	0.915510702078621	0.965469640035709	-5.8943180248061
NUDT16-DT	0.0942555502081735	-1.91597261138324	0.108742077819976	0.915511329169487	0.965469640035709	-6.0007412993185
REC114	-0.0902641511094222	-3.89631741168033	-0.108666731992209	0.915569617723224	0.965488448999257	-5.81087007479795
GABARAP	0.0364326432900546	3.23031344005407	0.108533649128202	0.915672573709118	0.965554357016679	-6.60726553370412
ENSG00000268379	0.1298478174079	-1.21158422466075	0.108215454472044	0.915918743071379	0.965686675234023	-6.07656852858175
PUS7	-0.0260481969793887	6.29765645031435	-0.108192886201666	0.915936203229945	0.965686675234023	-6.94053359563763
ENSG00000293781	0.0815352232603033	-3.38543521115671	0.108187404860665	0.915940443928975	0.965686675234023	-5.85735469502624
GLT8D2	0.0300819308224924	2.66349071221019	0.108162255726677	0.91595990086512	0.965686675234023	-6.52714151927301
RBM15B	-0.0272738045809033	7.35150702035121	-0.10810742877366	0.916002318611326	0.96568671176205	-6.98243664896087
IER5	-0.0530479274307352	3.64077981835588	-0.108057615285641	0.916040857849449	0.96568671176205	-6.66768737924617
RELCH	-0.0314382711150323	5.19173106177072	-0.107938997349788	0.916132629991189	0.965706072049056	-6.86397109989866
ENSG00000236255	-0.0478246425556751	0.822455309271084	-0.1079292817666	0.916140146785717	0.965706072049056	-6.30262156712461
RABGEF1	-0.0351545569245529	0.305429303729997	-0.107786441298597	0.916250661215634	0.965779911285322	-6.24550651994025
CCT5P1	0.0977620491307114	-3.22683242377113	0.107657249978445	0.916350617025316	0.965822882466268	-5.87219195902303
DOCK8-AS1	-0.0849917393848521	-3.3875695731237	-0.10759690125753	0.916397309579867	0.965822882466268	-5.85722117858304
VENTX	-0.041899431579743	4.42399563181088	-0.107576842612667	0.916412829276034	0.965822882466268	-6.77779097191336
PHKG1	0.0698444739674553	-2.50558250031801	0.107005899367424	0.916854592621018	0.966245796886379	-5.94145283215674
TCTN3	-0.0220715283364994	6.00850098619173	-0.106733629047471	0.917065270309627	0.966425150409743	-6.92516774410303
NPIPA6	-0.092037765931134	-2.12247919661672	-0.106675249002378	0.917110444572888	0.966430084357858	-5.97973192927166
JUNB	0.0462985384692995	2.06352039081245	0.106460330039607	0.91727675072952	0.966506322424774	-6.44892662497142
ENSG00000240291	0.0666539397432162	-0.347442347206246	0.106435375642106	0.91729606092918	0.966506322424774	-6.17398343632648
EIF4A1P4	-0.0392117948713808	1.85223362075936	-0.106424756138387	0.917304278525411	0.966506322424774	-6.42278515535903
C1S	-0.0368139854497978	3.18899886544917	-0.106280791298892	0.917415682562796	0.966581031021332	-6.60152636085468
ENSG00000283213	-0.0612745228600402	-1.52781911019937	-0.106223070074754	0.917460349392765	0.966585422395918	-6.04222117866975
ENSG00000286311	-0.044223444992192	-0.0615437089495552	-0.106021490584104	0.917616341454358	0.966707094305503	-6.20554963156001
NSUN6	0.0240371853008936	3.54722003117764	0.105858882104055	0.917742178507665	0.966749664988844	-6.65412766984838
ENSG00000289032	0.060236358648408	-2.40264957788788	0.1058294350941	0.917764966779741	0.966749664988844	-5.95173963657795
ZNF346	-0.020488355024983	4.89535087244479	-0.105772242367852	0.917809226959644	0.966749664988844	-6.83436732205606
ENSG00000264290	-0.100176827233209	-3.3935712923087	-0.105759906878997	0.917818773158848	0.966749664988844	-5.85686289795102
KIF2C	0.0218995898731569	7.1511570342376	0.105647094786555	0.917906076915712	0.966783380986561	-6.97591056875642
ENSG00000296507	-0.110057149735099	-3.86116297708634	-0.105613860245017	0.917931796896822	0.966783380986561	-5.81433024237693
OR2A42	-0.113278805308	-3.47509389474935	-0.105516148755086	0.918007415714224	0.966820359670435	-5.84935907493955
CLEC14A	0.0553876420140276	-1.7033814209216	0.105326648712316	0.91815407203054	0.966932146545157	-6.02349879508862
UHRF1	0.0465740937345736	5.59602111720237	0.105242123525938	0.918219488103941	0.966948568243058	-6.89814794521066
ENSG00000279145	-0.0488161544617326	0.158670495991757	-0.105201802947272	0.918250693393761	0.966948568243058	-6.2297581041995
LDLRAD4	0.0321690320346557	1.72665701288318	0.105095363453073	0.91833307076747	0.966992649784135	-6.4076908309936
MRS2	-0.0503685253572428	6.51791761937201	-0.104883928732071	0.918496710740529	0.967034188238287	-6.95122450412846
SAR1A	-0.0236072171803308	6.95133399830377	-0.104848380997445	0.918524223312627	0.967034188238287	-6.96877970409703
SNORD101	0.0730841477428932	-2.79556292223877	0.104846447661651	0.918525719643002	0.967034188238287	-5.91347685137189
TXNL4A	-0.025501051015989	6.12070551882104	-0.10480215029221	0.918560004259118	0.967034188238287	-6.93172398595104
ENSG00000307669	-0.0485007416978689	-0.825103241210084	-0.104746888346466	0.918602775318857	0.967034188238287	-6.12029826787699
LINC01945	0.0801233506567715	-0.842185933278292	0.104730286437449	0.918615624742886	0.967034188238287	-6.11836993571678
LPCAT2	0.0334581755762735	2.68462974694634	0.104617018148155	0.918703291957995	0.967083820807192	-6.53043272838225
FBXO34	0.0214077769916665	4.49449403613478	0.104389416324217	0.918879454308402	0.967226600334243	-6.78719912469311
PDYN	-0.0727741559476089	1.84527596707041	-0.104155242757142	0.919060707936362	0.967354605413487	-6.42219209701004
VPS13C	0.037731781403811	4.54482935903965	0.104105132940769	0.919099494267688	0.967354605413487	-6.7935888311652
CLASP2	-0.0230821474539207	6.17556236128761	-0.104049716470519	0.919142388348705	0.967354605413487	-6.93474588002974
THUMPD1	-0.0191793160494642	6.32267616680087	-0.104003320643682	0.91917830037822	0.967354605413487	-6.94225818461429
TBXAS1	0.0407475748071943	-0.0694257926104153	0.103931038030126	0.919234250085232	0.967354605413487	-6.2049157409321
STPG3-AS1	-0.0779783272283863	-0.955910984412469	-0.103918122453603	0.919244247319642	0.967354605413487	-6.10562688294388
DUSP15	-0.0585899984773124	1.7708119472031	-0.103630335749297	0.919467010925348	0.967540856187848	-6.41319544474002
ENSG00000309829	0.127210009564685	4.83626799571299	0.103584730350654	0.919502312819071	0.967540856187848	-6.82807747697147
STK4-DT	-0.0545222795593454	-2.89312147083092	-0.103174155839571	0.9198201355614	0.96780310728157	-5.90428325208625
FNDC4	-0.0418250725099281	3.82959784488267	-0.103157998949943	0.91983264279445	0.96780310728157	-6.69593669233117
ENSG00000302057	0.0644370368349017	-4.07022843900252	0.103061608569366	0.91990726016539	0.967838949894968	-5.79610123419062
AUP1	0.0304629917797019	6.33115832374571	0.102890020544899	0.920040091274069	0.967882746370616	-6.94279229032698
RTN4RL2	0.0382793897939937	4.64293924192708	0.102862828595131	0.920061141562233	0.967882746370616	-6.8057063458279
COX10-DT	0.02687642532837	2.69738134345024	0.102836443573959	0.920081567239025	0.967882746370616	-6.53237434617566
LINC03072	-0.0429229310111097	1.25990794498968	-0.102770291964874	0.920132778053947	0.967882746370616	-6.35293235884555
ENSG00000309731	-0.0798835482343234	-4.60929530957438	-0.102714595955302	0.920175895034211	0.967882746370616	-5.76054333641269
ENSG00000289866	-0.0656034964998598	-2.67898470023869	-0.10267769260745	0.920204463853273	0.967882746370616	-5.92498094465989
PTPRK	0.0242966541838205	6.18977904365727	0.102641141754486	0.920232759904555	0.967882746370616	-6.93565070749724
YIPF3	0.0219184043050973	6.1660012824092	0.102378542385166	0.920436056124277	0.968053908761209	-6.93443131265971
NUDT16	0.0202725028442972	5.60138658071457	0.10227944150412	0.920512778485954	0.968091939901484	-6.89887928375262
ENSG00000279792	0.0877041793237505	-2.35496036564712	0.10194061016872	0.920775102876795	0.968325154455187	-5.95688415997323
ENSG00000260350	0.0824991734331697	-1.78862586762385	0.101829903444642	0.920860814560526	0.968372623418932	-6.01483752760551
LYRM9	-0.0376055977499179	2.04369675409751	-0.101614087153502	0.921027907526107	0.968489238087789	-6.44698796890033
ZNF785	0.0442979815226034	2.93018770289789	0.101581852826465	0.921052864881075	0.968489238087789	-6.56493851916117
NIBAN1	0.0303711789681156	5.04405699117413	0.101385422298535	0.921204952710151	0.968606485146182	-6.85041195657533
ENSG00000279133	-0.0688482822285845	-1.5582559714831	-0.101277038683029	0.921288870970612	0.968614689761406	-6.03947134595808
SLC6A16	-0.0579326692574882	0.213860965164128	-0.101206307787337	0.921343636377259	0.968614689761406	-6.23622298233179
YJU2	-0.0292850656498107	4.34767102425872	-0.101156118459186	0.9213824971521	0.968614689761406	-6.76860719162416
ENSG00000293645	-0.0587701700662997	-3.58219316980488	-0.101109548067498	0.921418556037239	0.968614689761406	-5.83999661239744
ENSG00000226087	-0.0864921178038576	-3.7089299975286	-0.101067212031313	0.921451336474246	0.968614689761406	-5.82848225966697
UBE2G2	-0.0226030120385747	6.50822211058627	-0.101060854727553	0.921456258894403	0.968614689761406	-6.95122871025873
ENSG00000290848	-0.135522536784285	-2.77184653642011	-0.100819783732012	0.921642921201407	0.968760330940739	-5.91618581332349
ENSG00000295259	0.0619375721641595	-4.21838663163865	0.100777077656438	0.921675989218225	0.968760330940739	-5.78388283666934
PAFAH1B1	0.0203792364036346	7.2905371027142	0.100667417592998	0.921760901524015	0.968780344717299	-6.98124102870985
DNMT1	-0.023670131679161	7.83650935797951	-0.100647645203993	0.921776211848374	0.968780344717299	-6.99835839925418
TOR3A	-0.029068605589309	5.18226674577567	-0.100375016293993	0.921987319587793	0.968927795896407	-6.86393210307573
DNTT	-0.0758153598791718	-3.68332139397176	-0.100361607416568	0.921997702794792	0.968927795896407	-5.83087044307654
SEC61B	0.0387053181046317	6.25699162990932	0.100175048530161	0.922142166852371	0.968955080019262	-6.93939218909289
ENSG00000305783	-0.0597972158717606	-2.32611799233172	-0.100172092118799	0.922144456207965	0.968955080019262	-5.95993562842009
BAIAP2L2	0.0462169084737303	2.49897949456933	0.100134205804747	0.922173794290171	0.968955080019262	-6.50587793756397
YTHDF2P1	0.0350944443577955	0.285529555312989	0.100118369064073	0.922186057847133	0.968955080019262	-6.24417139026976
VHL	0.0196609629564	6.03077575294535	0.0999979648267505	0.92227929643037	0.968986219753872	-6.92721346577515
NUDT17	0.0384458089786359	2.03897363642283	0.0999042031954787	0.92235190437617	0.968986219753872	-6.44658312940806
MTA3	-0.0252396659581526	7.69290839523881	-0.0998762568215985	0.922373545876055	0.968986219753872	-6.99417036996191
NMI	-0.0547146261964928	1.87158924267161	-0.0998703860134934	0.922378092202129	0.968986219753872	-6.42586998788805
NT5C2	0.0245097092866633	5.49829081158729	0.0997607101237337	0.922463025230533	0.969032791513077	-6.89125074019048
CENPW	0.0312824277385326	4.03957959044398	0.0996739187524328	0.922530237206226	0.969060744307073	-6.72643274663182
MEGF11	-0.0469455333948907	1.96776866187141	-0.0995390397314031	0.922634689931964	0.96912781201506	-6.43776497712983
RUNDC3A	0.0374653507820697	2.49998074833776	0.0992418422067954	0.922864850434562	0.969326910413312	-6.506106802693
MISP3	-0.0467110911471711	0.317844229682314	-0.0989267796688922	0.923108854378564	0.969535230445592	-6.24783261247371
SUGT1P2	-0.100362437758789	-3.19839452173647	-0.0988092412462599	0.923199885550966	0.969535230445592	-5.87578440115705
RGPD3	0.0485583989067588	-1.14385602865386	0.0987588349624981	0.92323892457131	0.969535230445592	-6.08510584152449
PCDHB6	-0.0974703595887845	-3.3177883261667	-0.0987344440554845	0.923257815092521	0.969535230445592	-5.86462587351204
ENSG00000279349	-0.0773154873392254	-4.08387918875647	-0.0987018911110172	0.923283027110406	0.969535230445592	-5.79534405195646
SNN	0.0284976119502334	6.97908521135488	0.0986710418584746	0.923306919713322	0.969535230445592	-6.97049937780073
LINC02826	-0.0812126927326649	-3.31998424336908	-0.0985305406535753	0.923415738252956	0.969569128827916	-5.86444171102498
ITGB1BP2	0.0458906958132144	-0.351813473914621	0.0984796217120109	0.923455175510385	0.969569128827916	-6.17435273766946
ENSG00000308223	-0.0500082590257485	-2.07734598147001	-0.0984592842105825	0.92347092718042	0.969569128827916	-5.98520729478484
KLC2	-0.0262534171649369	5.64717821777105	-0.0983252774836211	0.923574718068241	0.969569128827916	-6.90263135745818
ENSG00000306468	-0.0896263688197116	-3.44267596141953	-0.0982995853965804	0.923594617274457	0.969569128827916	-5.85308929499208
UBE2CP2	0.0652358018737456	-2.93612404006528	0.0982623511407721	0.923623456295852	0.969569128827916	-5.90067417564893
TMEM14C	0.0247258045401422	6.45228008059313	0.098178512155468	0.923688392468468	0.969569128827916	-6.94901257012143
ENSG00000280426	0.0666469384801305	-3.19198168864133	0.0981657560872223	0.923698272532681	0.969569128827916	-5.87645072860971
CNPY4	-0.0242628807012117	3.74960232795896	-0.0981573074580849	0.92370481632753	0.969569128827916	-6.68473799560994
ARMC10	-0.0217434073238332	5.35968312000217	-0.0979592800379028	0.923858198039994	0.969687480215513	-6.88009311927114
ENSG00000283538	-0.0888022089955887	-3.87799741582686	-0.0976758193231317	0.92407775760427	0.969802955932908	-5.81363742647565
NEMP2	0.0268879215546187	2.88652526510025	0.0976732188360866	0.924079771888894	0.969802955932908	-6.55919812545111
ENSG00000296642	0.0412218473122343	-0.4063440817483	0.0976598629998603	0.924090117058121	0.969802955932908	-6.16834768482241
SPOCK2	-0.0384755081495527	2.68816702880492	-0.0974213085809301	0.924274899130999	0.969927924038866	-6.53169690257801
DGCR8	-0.0309984918239037	5.15265292652273	-0.0974012037276945	0.924290472381948	0.969927924038866	-6.86144928878871
B4GAT1-DT	-0.0401330511272331	0.336833410467084	-0.0971437067277292	0.924489932918399	0.970054046407239	-6.25009692338907
ENSG00000298273	-0.0730418954553977	-4.36481018568478	-0.0971411044583639	0.924491948698163	0.970054046407239	-5.77465138963893
ENSG00000277566	-0.0615598647866178	-2.66462514286881	-0.0970744266543958	0.924543599102119	0.970065594573802	-5.92694664486026
ENSG00000289894	-0.0517604732471479	8.07027012902793	-0.0969577984602872	0.924633943290928	0.970117738901204	-7.00541293729324
ENSG00000293751	-0.0523664466198157	-1.39390293920425	-0.0965848661096557	0.924922836960413	0.970337393952564	-6.05777001777959
POLR3F	-0.0209030906360779	4.51381247791308	-0.0965825748777231	0.924924611908528	0.970337393952564	-6.79052194619634
GDAP1L1	-0.0465479641389908	3.40679357517831	-0.0964524364955552	0.925025426885979	0.97040050386742	-6.63445578775747
BAZ1A-AS1	0.0340568393581047	1.16813897301768	0.0961109752564606	0.925289955033979	0.970635344444267	-6.34307394024205
POLE	0.0303888968648867	6.33758672375059	0.0959000623872898	0.925453352835501	0.970708141467135	-6.94385448352007
PARM1	-0.0529505743817795	2.96108974582899	-0.0958197634912968	0.925515562714686	0.970708141467135	-6.56993620083416
SIRT2	0.0264724669752865	3.70437575888375	0.0957999018699988	0.925530950168656	0.970708141467135	-6.67836147144935
ENSG00000291072	-0.0316417170676147	3.27986574801918	-0.0957629714856549	0.925559561442433	0.970708141467135	-6.61591167084576
ENSG00000260107	-0.0884258750963864	-4.17810106726258	-0.0957348746166259	0.925581329154081	0.970708141467135	-5.7874185969996
NPLOC4	0.0227114565658839	7.13594085563552	0.0956505580330311	0.925646652799466	0.970708141467135	-6.97646749467552
DCUN1D3	0.0241525372985336	3.81109927875774	0.095603774380482	0.925682898335252	0.970708141467135	-6.69404738108216
SDHAF1	0.0381854527019794	3.32544549239509	0.0956014183516213	0.925684723668329	0.970708141467135	-6.62259643875641
EEF1A2	-0.0364967191736003	5.6634304925985	-0.0955249340198373	0.925743980140046	0.970727629453999	-6.9040864660526
ABCC12	-0.102269509276794	-3.53835843726529	-0.0953637201703875	0.925868882621486	0.970815948577762	-5.84457623837337
ADGRL4	0.0759665118008917	1.60632131500007	0.09512160332588	0.92605646968361	0.970951074516359	-6.39435249606478
EZH1	0.0235708600670419	4.50627487358914	0.095092374423141	0.926079115946303	0.970951074516359	-6.78971567821879
FBXO42	-0.0227310222852752	5.45801055537608	-0.0950205745889055	0.926134746035718	0.970966746480759	-6.88857192689455
EIF3J-DT	-0.0318654818518422	3.44209264825096	-0.0949465456580081	0.926192103651987	0.970967087640711	-6.63983380979634
HECTD1	0.0279724703481321	6.67490312541398	0.0949151408073587	0.926216436264133	0.970967087640711	-6.95902709659161
RPL15	0.0239002229792078	10.1173643729618	0.0947227444050519	0.926365507552334	0.971080708395623	-7.05181091216983
POT1	-0.0202389684970612	5.16649346788772	-0.0944245543014395	0.92659655509152	0.971159470593732	-6.86307224912287
ENSG00000309294	-0.0557756235748302	-0.914410748829834	-0.0943893511475123	0.926623832129024	0.971159470593732	-6.11130590812291
AVL9	-0.0157712306859183	6.02302640629656	-0.0943734094069223	0.926636184562224	0.971159470593732	-6.92735873986171
SIAH1	0.023143414273215	5.44791518716716	0.0943602915350394	0.926646348940382	0.971159470593732	-6.8878424102968
KHNYN	0.0230928704652511	5.55257820343511	0.09434838070385	0.926655578055461	0.971159470593732	-6.89603978206919
ENSG00000225407	0.0798122372036287	-3.65921233342069	0.0943106860901446	0.926684785825687	0.971159470593732	-5.83364974726347
ENSG00000279267	0.0535982863471378	-1.72922492692289	0.0942011383343334	0.926769669837677	0.971165625433812	-6.02190049785769
ZBED1	-0.0284358916025944	5.83974870257133	-0.0941795082461134	0.926786430209451	0.971165625433812	-6.91620231658386
EFCAB5	-0.0482601695814138	-1.50008139994454	-0.0941455658879701	0.926812730988642	0.971165625433812	-6.04647440020194
FLICR	0.0405237740904232	-1.19633564745494	0.0938328171962744	0.92705507364918	0.971375583230771	-6.07976882817855
ENSG00000272831	0.0288907413876682	1.83698780873215	0.0937819386907717	0.927094499116509	0.971375583230771	-6.42227904333229
ENSG00000303689	-0.0811721445146691	-2.32633274503769	-0.093691614741623	0.927164491144169	0.971406273491566	-5.96055866277989
WHSC1L2P	0.0784353322615559	-3.71971987932376	0.0935682349974569	0.927260099156904	0.971463798190502	-5.82824002672149
IP6K2	0.0177198947035064	6.32239978910507	0.0935143637804886	0.927301844800745	0.971464890258072	-6.94337042662263
LINC02139	0.0666638710259941	-3.64614422655803	0.0933905263786742	0.927397809203738	0.971522780681456	-5.83492391515318
ENSG00000307275	-0.0641576969486826	-2.42419846838481	-0.0932175356844418	0.927531865642203	0.971616401598803	-5.95089237193167
KDM4A	-0.0184884029986785	6.27979534712093	-0.0931701365905386	0.927568597244259	0.971616401598803	-6.94128379922419
ENSG00000310521	0.0527046228857159	-0.814094264379581	0.0929930458517752	0.92770583406864	0.971698746573727	-6.12275835684188
MICA	-0.0229947182223662	3.88516637983844	-0.0929636234249239	0.927728635277811	0.971698746573727	-6.70503258199307
ZNF271P	0.0233163915377377	4.73879527387461	0.0928115808790563	0.927846463285973	0.971710327556438	-6.81817986192846
TMEM18	0.0193737771559137	4.79502508090364	0.0927730585661246	0.927876317110261	0.971710327556438	-6.82458371755929
AFMID	0.0264531597229265	4.61233622456978	0.0927536239029348	0.927891378530173	0.971710327556438	-6.80306050552132
HEXIM1	-0.024847681726059	5.04989099372524	-0.0927392133261048	0.927902546417178	0.971710327556438	-6.85191085564137
PTBP3	-0.0258899334575942	7.6746194132107	-0.0926842263036628	0.927945160326935	0.971712317546637	-6.9943679357695
STK38L	-0.0219086729453917	6.25517252660925	-0.0926004505775535	0.928010085399293	0.971737669820775	-6.94009239609813
ENSG00000307154	0.0642588538380244	-4.22781873137049	0.0924685181751964	0.928112332374489	0.971795128284748	-5.78400220289299
ENSG00000269815	-0.068519419591035	-3.6187829059441	-0.0924245697741861	0.928146392477095	0.971795128284748	-5.83750364460237
ENSG00000256139	-0.050860894730423	-1.54438954156742	-0.0923074329268611	0.92823717451957	0.971847545370179	-6.04186548616732
NCDN	0.0335974651864808	5.77646636616005	0.0921360989675978	0.928369961718717	0.971943934567733	-6.91228025487208
APAF1	0.0233838328538996	4.93467739993479	0.0920410849362962	0.928443600459127	0.971978393374769	-6.84002917873933
STAU1	0.0163182766327017	7.62583683401466	0.0918226291241189	0.92861291298134	0.972113004698699	-6.9929544833685
ABCB7	0.0147698792227828	5.92580230492703	0.0917150884090155	0.928696262966751	0.972129467544076	-6.92187374419285
ENSG00000259696	0.0651009082494198	-3.64978023368886	0.0916972337840771	0.928710101373129	0.972129467544076	-5.83475104251198
LTV1	-0.0297268373901147	5.08873839440433	-0.091567746368345	0.928810462638549	0.972177651741391	-6.85589320164496
ZDHHC4	0.0200803960816121	5.6277131937078	0.0915224808843635	0.928845546674382	0.972177651741391	-6.90194382537266
ZNF764	-0.0275181928992843	2.80457066251415	-0.0914801802798369	0.92887833285753	0.972177651741391	-6.54835840516687
SH3D19	0.0177863390447559	6.25949530651987	0.0914102969215377	0.928932498075845	0.972191709343398	-6.94043304862758
DCLRE1B	0.0184196171940378	4.2837106690971	0.0912286001556794	0.929073329445558	0.972296463819921	-6.76104584003433
TMEM60	0.0244789007292079	4.24702909518137	0.0909791005219864	0.929266718320065	0.972456209328056	-6.75610413540885
FBXO25	-0.0469438113249043	3.3112192261679	-0.0907633001072373	0.929433990583268	0.97256212681005	-6.62100512456027
TMEM238	-0.0686670115876042	-3.68876254333359	-0.0907433814731322	0.929449430192753	0.97256212681005	-5.83130131959012
TMEM175	-0.0236387418608226	2.36743022764563	-0.0906354855508926	0.92953306451673	0.972606999159176	-6.48949252970787
SLC30A5	-0.0181355424458678	5.51618937326678	-0.0904948413178429	0.929642084676318	0.972625810584834	-6.89360858078108
EML4-AS1	0.0853696856617914	-3.98042889472508	0.0904739066884947	0.929658312252054	0.972625810584834	-5.80522240090375
ATP2B1-AS1	-0.0685044955738148	-0.647439835917496	-0.0904545734064659	0.929673298565879	0.972625810584834	-6.14188467237615
ENSG00000288971	0.0620762177557159	-4.06521867349935	0.0902726662502953	0.929814306436437	0.972730693947508	-5.79777496163219
VSTM2L	-0.0630367525079705	2.77891806704286	-0.0900692514561906	0.929971989260613	0.97285301195192	-6.54493758855765
ENSG00000283696	-0.0434667272942355	-1.0108108825799	-0.089921403206675	0.930086600069801	0.972929248293841	-6.10085518986621
LPXN	-0.0328471818210896	1.49188129489483	-0.0898700687473999	0.930126394533061	0.972929248293841	-6.38132054080224
RARRES2	0.0310444587379202	7.09801300875148	0.089791693277792	0.930187151570896	0.972950159809912	-6.97571373589243
NANOS1	0.0374259543338371	2.21945468357373	0.0896381915891318	0.930306148170517	0.973017471754933	-6.47044878018274
MED19	0.0383289406413954	3.92398271619388	0.0895949849894569	0.930339642839077	0.973017471754933	-6.71095273124336
AAMDC	0.0239941342505396	2.7764466186933	0.0895509111131898	0.930373809985307	0.973017471754933	-6.54464461187831
PGGT1BP2	-0.0477959525611944	0.276202987231141	-0.0894562282566178	0.930447210950303	0.973051598621982	-6.24421861797517
REXO2	0.0310749917711171	5.68412017487689	0.0893739600466833	0.930510988265913	0.973075658631317	-6.90618159390486
LARP4B	0.0153770934343642	6.09745948758362	0.089311942683334	0.930559066727029	0.973083300279267	-6.93208140286676
ENSG00000283312	-0.0555739921605689	-1.43093243461627	-0.0891666858857131	0.930671677031709	0.973149710203505	-6.05445997723682
WNT3	0.0819801448440951	2.72653386236735	0.0891248349955058	0.930704122223372	0.973149710203505	-6.53779253580486
ZNF621	-0.0334241855874415	4.53743806382549	-0.0890582834074358	0.930755717075013	0.973161024200698	-6.7942417252135
LEMD3	0.020764248771961	5.30507673590725	0.0889902790429097	0.930808438554111	0.973173515111748	-6.87627526740621
ENSG00000274372	0.0614848175434505	-0.878726031774118	0.0889298839682565	0.9308552611021	0.973179837781936	-6.11585021893331
NEK10	-0.0410497726509991	-0.970416578739396	-0.0888755108975508	0.930897415201236	0.973181279395878	-6.10550033333777
ENSG00000287733	-0.0692527793934437	-1.87359969496657	-0.0886755523739442	0.931052440028079	0.973299024529114	-6.00720964102925
ENSG00000308279	0.0556496698698901	-1.61508032625249	0.0886250365722563	0.931091604644435	0.973299024529114	-6.03460890636562
NRL	-0.0372772129414524	-0.323385510917593	-0.0883981254517892	0.931267529928149	0.973412867375105	-6.17849470289619
MUC3A	-0.0343466982809639	4.98261772235116	-0.0883353171359727	0.931316226202114	0.973412867375105	-6.84541580677997
WSCD2	0.0485141579631665	2.25772487384993	0.0883267540546286	0.931322865316567	0.973412867375105	-6.4754787690646
UTP6	-0.0201617449841383	6.22899706917836	-0.0881594726083206	0.931452562802642	0.973505794202604	-6.93918711376503
FAM209B	-0.0429951569429761	-1.43545094370847	-0.0880245073214724	0.93155720629214	0.973542910540771	-6.05407271336882
ENSG00000279601	-0.0395899453823874	-0.746872543857998	-0.088008449663665	0.93156965646835	0.973542910540771	-6.13087901350141
GTF2A1-AS1	0.0331013935634537	0.469306228996934	0.0878927391507922	0.931659372257019	0.973594038165343	-6.26554009223473
ATP5F1E	0.0358950052947478	5.3235131078347	0.0878235713708408	0.931713001759566	0.973596339139574	-6.8779999370111
PRMT3	-0.0214315768546083	5.47404200713449	-0.0877846764145562	0.931743159269577	0.973596339139574	-6.89055514803698
MCF2	-0.0454550732467376	-0.0506374502008001	-0.0876382658537304	0.931856680860919	0.973627808545261	-6.20862169222001
PCDHGA4	0.0483649514703818	-0.895754845045236	0.0876295330133192	0.931863452048269	0.973627808545261	-6.11405141383362
ENSG00000306723	-0.084220152387311	-3.37537942070941	-0.0875879975056775	0.931895657535842	0.973627808545261	-5.86032365579899
MSH3	0.0176157147410763	4.95785720843116	0.0875039972528144	0.931960789408924	0.97365323531726	-6.84289982010558
UTP20	0.0266796599802284	5.99354249606999	0.0873793155499848	0.932057465715122	0.973711614034089	-6.92634328957444
ENSG00000302453	0.108581267897374	-2.99373873582255	0.0872857667053222	0.932130002832822	0.973744770762506	-5.8962173823616
SNRPGP15	-0.0385655475366891	2.10988901968918	-0.0871702800378938	0.932219551280439	0.973772674007627	-6.45676461013728
ACO1	0.0172663951047491	7.04246556323943	0.0871051446101659	0.93227005777568	0.973772674007627	-6.97398404633822
ADAM10	-0.0139741824078676	7.36108440633237	-0.0870934660321267	0.932279113465215	0.973772674007627	-6.98498348546699
ENSG00000285053	0.0281108709562865	2.7197585447036	0.0868900366524791	0.93243685631835	0.973894816408474	-6.53707230446359
ADCK1	-0.01953544591656	3.98000742089822	-0.0868319692430987	0.932481883408649	0.973899225945835	-6.71929237124427
ENSG00000273107	-0.0403853965577319	-0.919197445776158	-0.0867204086860503	0.93256839127775	0.973902497467073	-6.11149190124376
TRIM7	-0.0577153253480192	-2.91245375930499	-0.0867157705681732	0.932571987852771	0.973902497467073	-5.90402290777378
ZNF8	0.0177012565529262	4.0016206499813	0.086615880557671	0.932649446794427	0.973902497467073	-6.7223993957509
FBH1	-0.0194687089590611	5.66939386018822	-0.0865724893518138	0.932683094400926	0.973902497467073	-6.90539773904562
CRYBB1	0.0396843480364208	1.96168299364927	0.086557230686044	0.932694926729652	0.973902497467073	-6.43830221925181
CENPH	0.0187253347699157	6.30484238003814	0.0865121969818863	0.932729848204733	0.973902497467073	-6.94318497838208
ENSG00000260167	-0.0467434290142386	-0.613457238954726	-0.0864543366582815	0.932774716326324	0.973906739339445	-6.14610545850155
LRRC34	-0.0358346779172423	2.18559921994569	-0.0861880848801853	0.932981185973717	0.97403374869394	-6.46645981691752
BDKRB1	0.0569574283784173	-3.5598368263109	0.086158516680691	0.93300411547759	0.97403374869394	-5.8434505560025
ENSG00000272509	-0.0627497949238625	-3.06589174526945	-0.0861395880453107	0.933018794261569	0.97403374869394	-5.88946768719642
LMO7	-0.0429910935180966	3.09323896782685	-0.086053018192299	0.933085927812313	0.974061227270983	-6.58978878667585
USP37	-0.0235534816524856	5.18327949972908	-0.085832864966275	0.933256655624798	0.974192343556418	-6.8654970710992
ENSG00000272631	-0.0377218363932767	0.119104021936096	-0.0857857885986289	0.933293163590627	0.974192343556418	-6.22738704370563
ENSG00000287975	-0.078713866935805	-3.62690106840962	-0.0856264208437139	0.933416755306275	0.974240012955613	-5.83737335977943
FAM86B1	0.0300259189711491	2.45139977575739	0.0855596427989906	0.933468543077337	0.974240012955613	-6.50100412010426
BTNL3	-0.0648328674796828	-2.97204709131873	-0.0855414393530173	0.933482660286922	0.974240012955613	-5.89843602123509
FAM218A	-0.0353111251092867	0.490902634915648	-0.0855163601243774	0.933502109870613	0.974240012955613	-6.26813653545661
PACRG	-0.047633312074725	-2.08402927429556	-0.0853619900009822	0.933621828859466	0.974322351962784	-5.98576311388397
FERMT1	-0.054390955256383	5.32122389198707	-0.0849377698369013	0.933950834125502	0.974607227752993	-6.87807025216353
MPPE1P2	-0.0437265774986457	-1.27658997129959	-0.0848374780956581	0.934028617600109	0.974607227752993	-6.07175218356759
TOMM70	0.0249300669853039	6.80391197280287	0.0848145422256281	0.934046406122626	0.974607227752993	-6.96520936679248
ENSG00000275807	-0.0553317348427405	-1.66074788575014	-0.0847994076049476	0.934058144200023	0.974607227752993	-6.0300609600717
SMIM15-AS1	0.0333994780834219	-0.0743612173594397	0.0846717087332684	0.93415718528107	0.974619224611425	-6.20628748383567
ACTN3	0.0629700548000747	4.6652960397891	0.0846355266307412	0.934185247720356	0.974619224611425	-6.81025833091552
JHY	-0.0361687076417062	0.855956535680908	-0.0846266295472894	0.934192148214504	0.974619224611425	-6.30875697803636
CCDC149	-0.0242916291889661	3.16281002694747	-0.084464725766489	0.934317720257343	0.974707624328263	-6.59997668995179
ZNF830	0.0205355753891006	4.01581259105968	0.0843394664764045	0.934414872245751	0.974731824059724	-6.72462386454179
ATP6AP1-DT	0.0406893172585946	-0.306240279419127	0.084242602353805	0.934490001514176	0.974731824059724	-6.18077306536823
HSD17B1	0.0380497626888691	-0.348844029306047	0.084179628472684	0.934538845363065	0.974731824059724	-6.1760558620502
TTC32	0.0264245215533372	1.85914298145181	0.0841358349915259	0.934572812663221	0.974731824059724	-6.42589788833951
ENSG00000213315	0.0494626435065804	2.1633863481178	0.0841313451867309	0.934576295073912	0.974731824059724	-6.46382336567351
YBEY	-0.020056231283792	3.84271735733061	-0.0841045844216908	0.934597051457077	0.974731824059724	-6.69977242171743
PLEKHA8	0.0147305086505956	6.22726926814815	0.0840662326392381	0.934626798240533	0.974731824059724	-6.9394817295623
SYPL1P2	-0.0411195067556072	-1.44845122496645	-0.0836397570296061	0.934957592490512	0.975022407879868	-6.05304777417502
SNX15	-0.0510221260712043	-3.07221616167786	-0.083601675744821	0.934987130730571	0.975022407879868	-5.88908724749257
DHCR24	-0.0341360730238716	9.80332781925182	-0.0833876285658182	0.935153161105952	0.975152940235746	-7.04694393783069
ENSG00000272438	0.0386882984008534	1.58547088254471	0.0832800230154052	0.935236628932873	0.975193691562254	-6.39299737223632
UNC50	-0.0187044260289717	4.48492350092222	-0.0832186305663303	0.935284250397202	0.975193691562254	-6.78812289005271
KANSL3	0.0167575661347747	6.1474075351294	0.0831792219805141	0.935314819355242	0.975193691562254	-6.93538690846381
CDC42	0.0435207363515654	-0.548969821316594	0.0830356236638991	0.935426208471651	0.975230419846094	-6.15370800514844
YTHDF2	0.0166059593098398	7.45530961541227	0.0830201614146878	0.935438202614774	0.975230419846094	-6.98842223645614
MRPL22	0.0173422600738213	5.02062919860934	0.0829335344852644	0.935505399864319	0.975230419846094	-6.84984594188923
NRIP3-DT	0.0426348585815256	-1.02596591372108	0.0829231053681965	0.935513489855295	0.975230419846094	-6.09978709165981
CEP57	-0.0149854138589216	6.22300305906161	-0.0828152335392438	0.93559716777464	0.975275052554041	-6.93937663945891
PSME2	-0.0173513569506394	5.11457181550361	-0.0826252187023055	0.935744567345435	0.975330557198206	-6.8592333335764
GLMN	-0.0166848532422392	4.71103855212931	-0.0825913703370898	0.935770824690588	0.975330557198206	-6.81590924060167
ENSG00000296691	0.0766659057428827	-3.96982672082745	0.0825885532785831	0.935773009983731	0.975330557198206	-5.80684222712813
NOL3	-0.033817811071831	1.82309429353056	-0.0824933734916351	0.935846844679864	0.975347336458183	-6.42165030737009
ENSG00000306198	0.0500055027853996	-4.30158563492343	0.0824624407165558	0.935870840584441	0.975347336458183	-5.7795779260824
BANP	-0.0197989486093375	4.12571949893658	-0.0823459515044729	0.935961206956154	0.975398922645294	-6.74019631782076
HUS1	0.0237083812509833	3.92725835401589	0.0822236775958914	0.936056061822452	0.975424967181027	-6.71210972799438
SHC2	-0.0481160000490646	3.10232941477111	-0.0821919206738132	0.936080697654964	0.975424967181027	-6.59145015076339
ENSG00000303584	-0.041148850769744	-1.80488886057414	-0.0821556875802353	0.936108806020087	0.975424967181027	-6.01498971827659
WNT1	0.0996267045537231	-3.77637319831207	0.0819857008191559	0.936240677021284	0.975506225983856	-5.82415270732502
IFT122	0.0234337684936303	4.9814017314429	0.081915912559769	0.936294817395849	0.975506225983856	-6.8458831343518
ENSG00000266579	-0.0728564723958747	-3.86195409256739	-0.0818971058497109	0.936309407333899	0.975506225983856	-5.81648778075525
GTF2F1	-0.0159022226721248	6.56396642487318	-0.0816229058933077	0.936522129972236	0.975643708143272	-6.95559382593989
AKR1C2	0.0634155526082889	-0.919917286477258	0.0816202161280844	0.936524216701437	0.975643708143272	-6.11185921194919
ENSG00000270638	0.0420641323349802	-1.76360389383479	0.081568935626947	0.936564000388423	0.975643708143272	-6.01940366775187
CENPX	-0.0216032192732678	4.72658826571476	-0.0808268469876495	0.937139737102613	0.976173870462852	-6.81788662725652
ENSG00000303470	0.0882285079044034	-3.28631519629469	0.0807447806337894	0.937203409205415	0.976173870462852	-5.86919320244548
AGAP9	-0.0318547134705631	2.08589379763286	-0.080717048950878	0.937224925247876	0.976173870462852	-6.454315946691
TCEANC	-0.0239378261901693	2.22602794685372	-0.0807020928719474	0.937236529168151	0.976173870462852	-6.47210304000921
FAM43A	0.0403397759509438	2.27199028487635	0.0806456300975631	0.937280336880491	0.976176898251295	-6.47801342173052
ENSG00000291064	0.0218325410628957	2.00805203526395	0.0804920245274845	0.937399515776853	0.976198356731164	-6.44460405613673
AFG2A	-0.0251072155862384	3.49277415908724	-0.0804837865694784	0.937405907457591	0.976198356731164	-6.64869485573493
ENSG00000259287	0.0780915777642419	-3.50412093367244	0.0804609253113733	0.937423645113401	0.976198356731164	-5.84903751229832
EXPH5	0.0477244480160564	1.56884074357413	0.0803901386944401	0.937478567455387	0.976212956782623	-6.39127178865044
ENSG00000281538	-0.061965758416958	-2.58695171103155	-0.0802438872808893	0.937592042958999	0.976261502093189	-5.93604384834242
VN1R1	0.0399188972425439	-0.902191324504417	0.0802246166085418	0.937606995055101	0.976261502093189	-6.11397546034266
TM9SF4	-0.0149096436611256	6.93615713293151	-0.0799616133857361	0.937811061534559	0.976420152769254	-6.97071145601104
RET	0.0259859065777288	4.63733341188146	0.0799227893688164	0.937841185824879	0.976420152769254	-6.80730224279992
CIB1	-0.0214553155504174	4.72202629838683	-0.0796848875208856	0.938025780613838	0.976445169916413	-6.81745508320624
CSDE1	0.0122859484915363	9.91814366899504	0.0796825900645199	0.938027563294107	0.976445169916413	-7.04949644708351
ENSG00000296935	0.0473975988427027	-2.03655229126884	0.0795787180749237	0.93810816173682	0.976445169916413	-5.9911161157582
NKAPP1	0.041092631936944	-1.2942650312327	0.0795733224365227	0.938112348449036	0.976445169916413	-6.07024993048584
COX5BP6	-0.0623085152499654	-1.91778182975416	-0.0794224954985574	0.938229382475459	0.976445169916413	-6.00339827723176
CSRP3-AS1	-0.0804019178954012	-3.29720086546277	-0.0794001951795788	0.938246686518439	0.976445169916413	-5.86828628656576
ZNF274	-0.0208565742365989	4.77870524021917	-0.079332830846907	0.93829895841018	0.976445169916413	-6.82398144465158
MIR647	-0.05878255740094	-2.32867496616684	-0.0793128460305046	0.938314465846977	0.976445169916413	-5.96160165351713
POLQ	0.0238652291095747	5.0384513832094	0.0792775522699519	0.938341852492234	0.976445169916413	-6.85200983244397
ZNF217	0.0209554820588647	6.99081452010318	0.0791343431941299	0.938452978269929	0.976445169916413	-6.97282134720587
COA4	0.016175885549357	6.16032951980086	0.0791203203956873	0.93846385959861	0.976445169916413	-6.93642746566618
USP31	-0.0154864447338925	4.57207963750795	-0.0791178712796336	0.938465760050643	0.976445169916413	-6.79942412054595
ALG5	-0.0221230023180885	4.22486102503166	-0.0791138031618511	0.93846891680791	0.976445169916413	-6.75419749907638
CAPN14	0.0612579802285644	-2.46653117388619	0.0791031152807061	0.938477210340662	0.976445169916413	-5.94795493037192
ENSG00000259952	0.059976515692636	-3.3690529209671	0.0790935533188288	0.93848463019429	0.976445169916413	-5.86162596457908
CHORDC1P5	0.0336228031571193	-1.21565981925482	0.0790482230261091	0.938519805500587	0.976445169916413	-6.07895994007488
MYLK-AS1	-0.0327847014498145	0.973596211988934	-0.07893499890778	0.938607665520414	0.976492582656187	-6.32251197170932
DENND5B-AS1	-0.0587991582514302	-3.55843375871893	-0.0788308375251999	0.938688493769916	0.976492582656187	-5.84418795031762
SYVN1	-0.0202343193217676	5.08741220692931	-0.078807077231762	0.938706931635333	0.976492582656187	-6.85694158963004
ABCA13	0.0675747539800389	-4.26941823301288	0.0787785967310169	0.938729032407238	0.976492582656187	-5.78217669455289
ENSG00000277011	-0.086082045919419	0.00745141737352104	-0.0784857386581958	0.938956292430014	0.976550482808345	-6.21580225279232
WIPI1	-0.0278792674080499	5.11132751790577	-0.0783965726558652	0.939025487044023	0.976550482808345	-6.85929138550133
CLTCL1	-0.0354542985437063	3.67262545152576	-0.078380586473353	0.939037892699803	0.976550482808345	-6.67536132849956
RIN3	0.024026783974489	1.87910089619885	0.0783587863264235	0.939054810156983	0.976550482808345	-6.42883734321085
APOB	0.0349992497608825	0.754042666057657	0.0783258012432205	0.939080407463669	0.976550482808345	-6.29791018961524
KCNH8	0.028458019790919	1.5570990902765	0.0782829012010258	0.939113699152232	0.976550482808345	-6.39005551202623
FIBP	-0.0176657907998763	6.24146663727095	-0.0782803987265723	0.93911564114945	0.976550482808345	-6.94071978528375
LRRC56	-0.0567957413776726	1.29093238874244	-0.0781328218197138	0.939230166110169	0.976550482808345	-6.35889483798502
ENSG00000291249	0.0709376695951862	-3.96170855836192	0.0780983115146927	0.939256947550921	0.976550482808345	-5.80792209465517
SLBP	0.0258323147484081	5.78466557214521	0.0779676999055817	0.939358308341678	0.976550482808345	-6.91414022547309
CYYR1	0.0232579344422561	5.40313454664215	0.0778614480734519	0.939440765627946	0.976550482808345	-6.8857048621884
EFNA1	0.0382751167837037	2.13874236138536	0.0778315798648428	0.939463945141203	0.976550482808345	-6.46124320328084
CAB39	0.0141646242494327	6.06961582806004	0.0777659472219134	0.939514880198577	0.976550482808345	-6.93156272670441
SNORA23	0.0620094050063988	-4.16075448927177	0.0776809440251432	0.939580848447483	0.976550482808345	-5.79048668344344
ERVE-1	-0.106250433613092	-3.16986312695674	-0.0776127505552777	0.939633771553143	0.976550482808345	-5.88036009957766
GPR61	-0.0525578083309414	-0.810599261453754	-0.0776080501113454	0.939637419451742	0.976550482808345	-6.12452787297896
ELDR	0.0479239126772497	-3.90355359420978	0.0775054755381629	0.939717025411376	0.976550482808345	-5.81313071164534
KMT2D	0.034350837003216	5.55970874016249	0.0774962664784472	0.939724172402086	0.976550482808345	-6.89816506709502
CBX3	0.0146326297683936	7.65041046352514	0.0774602704056515	0.939752108380368	0.976550482808345	-6.99503322058819
CLMP	-0.0176372232919233	4.98859737626998	-0.0774463088227746	0.939762943765281	0.976550482808345	-6.84701254635021
DAXX	-0.0157159942841751	6.70433368719429	-0.0773247083580813	0.939857316691122	0.976550482808345	-6.96187258177382
SH2B3	-0.0285989513596343	6.23995429678785	-0.077320285593871	0.939860749173328	0.976550482808345	-6.94072348195863
ARFIP1	-0.0206236024096249	5.57142027077719	-0.077239450936381	0.939923484719077	0.976550482808345	-6.89908245765205
NDRG1	-0.0648816264758403	2.88598287040145	-0.0772087680041471	0.939947297767293	0.976550482808345	-6.56104641282021
HCFC2	0.025241117425849	0.920548862436588	0.0771532455880571	0.939990388916091	0.976550482808345	-6.31666741483721
ZNF692	0.0263101190788726	4.31174294654042	0.0771168485111946	0.940018636929553	0.976550482808345	-6.76610654533732
CLSTN2-AS1	0.0692625152410926	-4.06381560590738	0.0770616448999776	0.940061480985438	0.976550482808345	-5.79900205170385
ZNF490	0.0243733015906948	1.52927223399204	0.0770539502792654	0.940067452870778	0.976550482808345	-6.3868677981884
BIN1	0.0259349775166688	5.56806578101386	0.0770426523726866	0.940076221315561	0.976550482808345	-6.8988446154435
A1BG-AS1	0.0301902849854485	1.54771278553945	0.0770179513408384	0.94009539212051	0.976550482808345	-6.38904975751883
NUMA1	0.0333757290185499	7.01440414548519	0.0769848051170987	0.940121117415997	0.976550482808345	-6.97387159182507
CHEK1	0.0135244172340023	6.75543334791684	0.0769348067073706	0.940159922089202	0.976550482808345	-6.96396988762813
ACE2	0.0483923108982434	-2.92088559598181	0.0769158762058807	0.940174614437723	0.976550482808345	-5.90403231677913
ZNF620	-0.0248652811968189	3.71028595772587	-0.0768416554226538	0.940232218928567	0.976550482808345	-6.68099334055093
ENSG00000306839	0.0410907682226402	-2.32797019457496	0.0768322025998669	0.940239555511949	0.976550482808345	-5.96187055305644
CREG2	-0.0301344397680117	0.977557391028798	-0.0767826369114931	0.94027802483675	0.976550482808345	-6.32313831869562
ZNF726	0.0339661534574793	1.78181446440369	0.076756129189441	0.940298598291305	0.976550482808345	-6.41712007481108
LAMA1	0.0298347109175401	6.94520507512245	0.0766389062079746	0.940389579186123	0.97660247526043	-6.97133365158634
MDH2	-0.0172558124276705	8.50850220208023	-0.0765676018130883	0.940444921483344	0.976617453815558	-7.01888155558215
FLJ38576	0.0433661864742476	-1.9104047865399	0.0764729452774656	0.940518388857276	0.976651252473747	-6.00440501170888
ENSG00000293304	-0.0611361318275674	-3.00740693218612	-0.0763953024256035	0.940578651549419	0.976671336807918	-5.89582297107376
TCAF2	-0.0662078523057088	-1.67832125707248	-0.0758889248632609	0.940971687352795	0.977036946926353	-6.02892722399322
TMEM179	0.0378881304136609	2.53572832894993	0.0757699144249212	0.941064062265594	0.977049218433215	-6.51308387165407
NEDD1	-0.017280828438528	5.61852116079406	-0.0757662488175376	0.941066907494086	0.977049218433215	-6.90271110131455
ENSG00000285177	0.0596398938762133	-4.39158886340742	0.0756948627505892	0.94112231722124	0.977049218433215	-5.77497536374195
ENSG00000284428	0.0229349446643039	2.12700150334283	0.0755799389896685	0.941211521512283	0.977049218433215	-6.4599405200178
HAUS2	0.0164047187454983	5.22959006014706	0.0755712713396899	0.941218249411972	0.977049218433215	-6.87073437914431
LDLRAP1	-0.0215858520365195	4.72265891313033	-0.0753351039029293	0.941401566336404	0.977049218433215	-6.81789428712775
BLTP2	-0.0220607797614667	7.6064908818263	-0.075318469205479	0.94141447858844	0.977049218433215	-6.99385810471383
ENSG00000297979	-0.0337388948308398	-0.768651861891027	-0.0752342183475736	0.941479876402153	0.977049218433215	-6.12949400796702
ZNF71	-0.0239017305798166	3.82624733245915	-0.0751544154044417	0.941541822042548	0.977049218433215	-6.69814691292677
DICER1-AS1	-0.0412434382329878	1.5252417362164	-0.0751206929772633	0.941567998610037	0.977049218433215	-6.38654923111607
ENSG00000279738	-0.0251971969161163	0.617159076614417	-0.0750599404420078	0.941615157108496	0.977049218433215	-6.28297615535756
LINC01133	0.0535255811842381	-2.90494614406827	0.075012390126232	0.941652067691481	0.977049218433215	-5.90570442034587
MOXD1	-0.0359392082942813	2.84704705351623	-0.0749790242661505	0.941677967781279	0.977049218433215	-6.55576547713631
SPACDR	0.0790549008536896	-4.10410117028346	0.0749565287315035	0.941695429872914	0.977049218433215	-5.79563359987476
SLC35E3	0.0167066952623713	4.32996420258854	0.0749504945518461	0.941700113892361	0.977049218433215	-6.76874253978036
ENSG00000283662	-0.0713475390446721	-0.75016744653768	-0.0749442099979555	0.941704992266757	0.977049218433215	-6.13161987252477
ISCA1P1	-0.0282277723784841	2.68562362511289	-0.0749284806870126	0.941717202128995	0.977049218433215	-6.53343176713547
SIAH2-AS1	-0.0368444779110271	-1.95044328145419	-0.0748915662906916	0.941745856955042	0.977049218433215	-6.00035808060448
SFXN1	0.0158181405199862	6.71314372564544	0.0748716545014628	0.941761313531492	0.977049218433215	-6.96243390825877
MYPOP	0.0250119786786058	2.5232059207949	0.0747432132262176	0.941861017001568	0.977110183985761	-6.51149196268646
MIB1	-0.0155791006253621	7.07426563212376	-0.0746425663857358	0.941939145574359	0.977148762873179	-6.97622107469182
HS3ST2	0.0405557054894408	0.444046688545097	0.0745349304486837	0.942022700247551	0.977192967090068	-6.26391118195708
CIAPIN1P	0.0317344044719849	0.0585072855787433	0.0743546173934752	0.94216267371873	0.977295690105825	-6.22172494834959
RHOXF1-AS1	-0.127880814312067	0.410778717760144	-0.0736638109045734	0.942698952193892	0.977775215490909	-6.26032732128419
ENSG00000278896	-0.0497436911283424	-3.71801454995338	-0.0736535785619619	0.942706895867152	0.977775215490909	-5.83006699990895
PRRT1	-0.0300594749974019	1.43393459453282	-0.0735818761645902	0.942762560764574	0.977790458794024	-6.37593082786888
TSTD2	-0.0188623903865146	5.14705979494023	-0.0732687295587056	0.943005670407222	0.977976806324417	-6.86314642508235
ENSG00000283692	0.0448590532853932	-0.855011341701853	0.0732448816007009	0.943024184889183	0.977976806324417	-6.11985076157972
ENSG00000290035	0.0499441645954104	-1.1269573930911	0.0728416209623935	0.943337263674777	0.978225956968913	-6.08930865596784
GM2A	0.0220631761596932	6.08817872228331	0.0727802824507911	0.943384885837713	0.978225956968913	-6.93302132647906
TLK2	0.020746864111854	5.51869386476449	0.0727770562583962	0.943387390604327	0.978225956968913	-6.89537334940954
RAP2C	0.0136950305803651	6.44536074576486	0.0726811277715995	0.943461868314447	0.978237584671421	-6.95106319477372
TLE1-DT	-0.0409925572659013	-1.79915877316924	-0.072628726390338	0.943502552350035	0.978237584671421	-6.01635597863523
PLD6	0.0589879425599547	-2.45933324898198	0.0726042376187944	0.943521565305071	0.978237584671421	-5.94917065378183
ENSG00000304612	0.0424263785578727	-0.276952531178574	0.0724736838531387	0.943622927196314	0.978283817286015	-6.18498961457261
ENSG00000309476	-0.0491043655133634	-2.21547627964969	-0.072441216310025	0.943648135147217	0.978283817286015	-5.97348591150633
ZNF331	0.0204985791469401	5.39256892001598	0.0721377517304906	0.943883749594476	0.97845294697953	-6.88529074193211
CASP8	0.0210954698208394	2.75712189842101	0.072110431259499	0.943904961895621	0.97845294697953	-6.54348099231877
C1QTNF7-AS1	0.0407313031611043	-1.58264489998968	0.0720726902239833	0.943934265060697	0.97845294697953	-6.03947029445719
LINC01783	-0.0651116885993783	-2.30752101901035	-0.0719322866165329	0.944043279002603	0.978523449142497	-5.96428372360037
SST	0.0865990255530804	-2.55751481288025	0.0717554118652932	0.944180612049753	0.978582935405473	-5.93958370578871
MFSD5	-0.0262352030307369	3.99148890134415	-0.0717133864039134	0.944213242679024	0.978582935405473	-6.72223645323858
SLC2A5	0.0591213781262256	-2.68062847437368	0.0716999522100271	0.944223673668774	0.978582935405473	-5.92757890693851
C19orf12	-0.0183768140376248	4.15777786665044	-0.0715942976481156	0.944305709615414	0.97862506820622	-6.74558387470596
ENSG00000287222	-0.0209741838848954	1.60993869741196	-0.071518761988496	0.944364360026116	0.97862506820622	-6.39688244977252
BTN2A3P	-0.0353938674752883	1.09700641565795	-0.071489170213597	0.944387336947486	0.97862506820622	-6.33713221501135
ENSG00000307861	-0.0531422974112035	-3.24904187065189	-0.0713400621598844	0.944503114660594	0.978702550149976	-5.87340195584904
DIPK1B	-0.017909719204618	5.56339434237331	-0.0711586156077902	0.944644004022869	0.978805517788026	-6.898962503778
GDPD3	0.0376655472843689	-0.599675090160419	0.0710432663065534	0.944733571323338	0.978805517788026	-6.14894082205216
SECISBP2	-0.0128158395531344	6.74099964615919	-0.0710423882868702	0.944734253097813	0.978805517788026	-6.96386720443698
HNRNPKP4	-0.0242274822448918	7.03402011709842	-0.0710008238582179	0.944766527560345	0.978805517788026	-6.97506603938758
ENSG00000271268	0.0311988541505537	3.44189773237583	0.0706339510672914	0.945051406015911	0.979058160751009	-6.64197644864433
LAGE3P1	-0.0506151832529325	-2.7831892967795	-0.070556807813954	0.94511130914873	0.979077721057891	-5.91773515400876
ZNF891	-0.0290906282273369	2.98200353035854	-0.0702278980491777	0.945366717545403	0.979209783080184	-6.57518560868223
CYP2G1P	-0.0554157701432172	-3.58915194063957	-0.0702218315778675	0.945371428405052	0.979209783080184	-5.8420249678569
ZNF821	0.0175691224549768	3.58869685955108	0.0700987290590683	0.945467022951388	0.979209783080184	-6.66363373009497
ENSG00000232389	-0.0354372353829922	2.26189466981532	-0.0700945101888046	0.94547029910665	0.979209783080184	-6.47756363785691
CHD7	0.0304199743526414	7.13458510493184	0.0700387914611555	0.945513567472839	0.979209783080184	-6.97872740437979
NECTIN4	0.0565790760496383	-2.08238899932046	0.0699919038026072	0.945549978217746	0.979209783080184	-5.98716012323452
ENSG00000304260	0.0568169757835726	-1.79386740996698	0.0699841427865698	0.945556005069523	0.979209783080184	-6.01711043217303
ENSG00000286138	0.0317395935479881	-0.685446968297008	0.0699699689941911	0.945567011800771	0.979209783080184	-6.13930403341789
ENSG00000223732	0.043583414736152	-4.65379952397258	0.0698800867759327	0.945636810577573	0.979239576451534	-5.76152413986294
LINC02732	0.0528159053442741	-1.20535707114254	0.0697866769224381	0.9457093492783	0.979250460734167	-6.08081787648614
ENSG00000297865	-0.0611911880724767	-4.01142622246984	-0.0697248346225456	0.945757374048555	0.979250460734167	-5.80414787731625
TSPAN13	0.0200176367783973	5.41179634593374	0.0696716973376504	0.945798638961539	0.979250460734167	-6.88707812925931
KLHL15	-0.0180591435311435	5.05804532654528	-0.0696552142942239	0.945811439261073	0.979250460734167	-6.8547608868326
ENSG00000224992	-0.0496150962952222	-3.95748990833981	-0.0695614096026125	0.945884285833037	0.979279329227523	-5.80892662542223
HNRNPA3P1	0.037403655547853	1.82910215294645	0.0694807501333076	0.945946924543949	0.979279329227523	-6.42343881614493
GAPDH	0.0246954680672982	12.6243845959011	0.0694608045141475	0.945962414016866	0.979279329227523	-7.09025007758785
ENSG00000304631	0.0542295206941046	-3.58915194063957	0.0693944191200872	0.94601396810187	0.979290222791782	-5.84208313510696
ENSG00000309922	-0.055087786769938	-3.22628345251887	-0.0693133403365684	0.946076933246877	0.979312927345415	-5.87567889139051
ENSG00000289966	0.0429041876551559	-3.09085346447445	0.0691768083529787	0.946182963787713	0.979380206293753	-5.88844158453508
LRP8-DT	-0.0281513915575406	-0.221346130429296	-0.069059870033352	0.946273778791192	0.979431730708591	-6.19139455018877
RPF2P1	-0.0552221815289696	-0.797387432693729	-0.0688531121285715	0.946434350194057	0.979555448225566	-6.126701415362
AMN1	-0.0230638986429792	3.57145687498534	-0.0686815656367704	0.946567577770471	0.979629200220794	-6.66119641484746
MPV17L2	-0.02593122696919	4.88970523541815	-0.0686556571455232	0.946587699144926	0.979629200220794	-6.83726447306854
COL5A1	0.0195361665100426	5.23265059658789	0.0684741883262261	0.946728634814669	0.979732572827547	-6.87156965886019
GCLC	-0.0172960914101141	5.70507296290677	-0.0683402917365164	0.946832625292193	0.979760472784975	-6.90944512756134
ZNF529	0.0205002587076883	3.94065805391352	0.0683337620287391	0.946837696601393	0.979760472784975	-6.71516927285086
ANKRD36B	0.0398220222466666	0.87218110252041	0.0682742078845146	0.94688394954837	0.979765855539364	-6.31190700689947
ENSG00000260578	0.0362981611666416	-0.480866409894638	0.0682140137910907	0.946930699723967	0.979771752300339	-6.16254806125284
TMEM44-AS2	-0.0299844254310941	-1.88591727510827	-0.0681360510732319	0.946991250342582	0.979791926995249	-6.00758440909266
SNX10	0.0208716028721279	4.5077471515247	0.0680102039858306	0.947088991637989	0.979850577113177	-6.79229789496211
WBP2	-0.0191443393827111	6.37695244982361	-0.0679540351144765	0.947132616450134	0.979853236099495	-6.94822530567289
ENSG00000289213	0.0398141680349848	-1.49678909476278	0.0677316650213143	0.94730532695626	0.979989434288287	-6.04904883360594
PABPC1	0.0127041573749533	11.007320892819	0.0674874473338781	0.947495009350434	0.980143177365066	-7.06938355563307
HERC1	-0.0276909553220852	4.95174375450372	-0.0673139784131361	0.947629743691797	0.98024006816158	-6.84395464349892
DNM1	-0.0286740386508155	5.33931175243997	-0.0672150520717931	0.947706581142138	0.9802770638866	-6.88110460843028
ENSG00000289827	0.0451810605828462	-3.03133542448493	0.0669550801028729	0.947908507617489	0.98044343884319	-5.89423712002017
SETMAR	0.0152830649288278	3.95761832548111	0.0668418420390827	0.947996463549472	0.98049192215008	-6.71772238361091
UBXN8	0.0231444436966428	2.98093789895445	0.0667020793520487	0.948105023083491	0.980551465781279	-6.5752944014062
PRKCIP1	-0.0172609723602739	3.43496945803265	-0.066589222366582	0.948192684642493	0.980551465781279	-6.64124960802057
ENSG00000296560	-0.0566074364794038	-2.9189436185537	-0.0665738092022125	0.948204656859783	0.980551465781279	-5.90497311342972
ENSG00000287760	-0.0390232252932583	-1.64087154785786	-0.0664867015704757	0.948272318202623	0.980551465781279	-6.03361875219451
ENSG00000302693	-0.0475011196624271	-3.14538789241395	-0.0664335709496814	0.948313587922287	0.980551465781279	-5.88348092613349
CDH8-AS1	-0.0708815082047805	-3.18089668471303	-0.0664238214732624	0.948321160939034	0.980551465781279	-5.88013934229426
XCL1	0.0349629194126619	-1.24719675049095	0.0663449899028264	0.948382394455998	0.980551465781279	-6.07644678565682
DSP	-0.0270370791454333	7.09706595324792	-0.0663445892564681	0.948382705664518	0.980551465781279	-6.97767138174313
ENSG00000286340	0.0321756276280396	-0.27396563443299	0.0661788227460076	0.948511468252985	0.980596487396496	-6.1857787493892
TDP2	-0.0133683711709063	5.9628940436608	-0.0661670944780714	0.948520578488061	0.980596487396496	-6.92631587465402
ENSG00000295410	-0.0339757467021042	-1.91875626180602	-0.0661298516374792	0.948549507877945	0.980596487396496	-6.00429498488895
TIMM21	-0.0163430965987148	4.99688864883014	-0.0659557313026385	0.948684761622728	0.980693832538533	-6.84876308257211
COG3	-0.0125694066659392	4.75887119956721	-0.0658726187537944	0.948749322652713	0.980706845884959	-6.82278743949203
CD3E	-0.0604183365952045	-4.23619448824184	-0.0658337299775442	0.948779531213965	0.980706845884959	-5.78549840845478
NIPSNAP3A	0.0198360634556973	3.55969795000845	0.0656961121463227	0.948886432576675	0.980774868403599	-6.65968152025847
RPL5P4	0.0590932521840601	1.83642574107264	0.0656334784804602	0.948935086682911	0.980782682914474	-6.42460888639612
DNAJA2	-0.0184630650936457	7.0680589068377	-0.0653582657538201	0.949148875733695	0.980959884292924	-6.9767054331906
FANCB	0.0197000231869469	3.15908572632226	0.0653069535363444	0.949188736240867	0.980959884292924	-6.60098576723408
HLTF	-0.0179229737752875	6.76805965099599	-0.0651585186509412	0.949304044688482	0.981020211315151	-6.96538469782793
IQCB1	-0.0128280563739995	5.87695118210515	-0.0650873732965219	0.949359312860623	0.981020211315151	-6.92108838452818
ZNF75D	0.0231404329066627	3.15964946321968	0.065073075037379	0.949370420276786	0.981020211315151	-6.60108341550117
ENSG00000261238	-0.0318286098080729	-1.40252750868922	-0.0648643157264864	0.949532593515435	0.981145311690747	-6.05948899715474
RPL23AP42	0.0107141386704761	8.97091632562989	0.0647566654508343	0.949616221835829	0.981171791213618	-7.03085087958107
HSPE1-MOB4	-0.0618825283770086	-3.98193053988891	-0.0647254910936137	0.949640439813742	0.981171791213618	-5.80708840159242
DSTN	0.0140556596751855	7.82133844941123	0.0645369653932486	0.949786898225345	0.981280632870625	-7.0011564046984
MTRF1	0.01764986938004	3.33842657370491	0.0643240219499937	0.949952328199629	0.98140906489224	-6.62718982536825
AP3S2	-0.0156840320853835	4.68420667926384	-0.0641892023077669	0.950057067201955	0.981474787815828	-6.81419477485496
IER5L	0.0360257393782258	1.05720377465835	0.0639447351483894	0.950246991962152	0.981615005195943	-6.33313983347449
ALKBH5	0.0240950096077084	6.67563740153232	0.0639086156511183	0.950275053213737	0.981615005195943	-6.96173520449604
PRELID1P6	-0.0211864253195753	3.57592780294061	-0.0638434380953152	0.950325689862215	0.981624826449472	-6.66220134933187
DHRS7	-0.0112272637638933	4.9993870002917	-0.0637288465773083	0.950414716934109	0.981674299955268	-6.84917794660994
GPCPD1P1	-0.0384214447507083	-3.3101068413339	-0.0636084751252597	0.950508235251549	0.981691981426812	-5.86822506878602
ENSG00000279406	-0.0477614318505224	-1.65282331165506	-0.0636009277859869	0.950514098914493	0.981691981426812	-6.0325358903076
MTUS1	-0.0281434167556962	2.74145636842174	-0.0634054038667684	0.950666006021738	0.981806385362217	-6.54195437334364
ENSG00000259605	-0.0404719182619253	0.0394451003209873	-0.0633422305279648	0.950715087308665	0.981814589969967	-6.22043557573951
GOT1-DT	0.0319613919325725	1.27211199254289	0.0632021890357179	0.950823890568362	0.981856716818641	-6.35783993466159
VCF1	-0.0115782574570122	5.0440377659438	-0.0631838265592441	0.950838157113557	0.981856716818641	-6.85382088800051
ENSG00000273747	-0.0462610460875301	-3.77637319831207	-0.0631183131329926	0.950889057272632	0.981866796310717	-5.82552688697393
AKTIP	-0.0141318228710339	3.52897362184032	-0.0629831649493122	0.950994060357172	0.981915595350124	-6.65535351427706
ENSG00000305816	-0.0404487993371596	-2.78571993399698	-0.0629515817566775	0.951018598990802	0.981915595350124	-5.9180087326544
ENSG00000267546	0.0351878456526171	-1.81155311540457	0.0627246065592446	0.951194949461991	0.982055191366065	-6.01574337810746
DMAC1	0.0171211647920524	5.36784992496469	0.0626112409624625	0.951283030939386	0.982092207560114	-6.88387472831797
POLR1F	-0.0185514173718984	5.70959255794642	-0.0625725412666857	0.95131309953418	0.982092207560114	-6.91017078533689
MRPL13	0.016738930831079	5.70870647150295	0.0624092569702843	0.951439967802028	0.982166392523869	-6.91012003368161
ENSG00000272172	-0.0266077857315279	-1.39759601679165	-0.0623693996663861	0.951470936256535	0.982166392523869	-6.06019163459329
ENSG00000250421	0.0346923075202392	-0.162951014278403	0.0622985118261603	0.951526015124367	0.982166392523869	-6.19829678505297
GPR35	0.086350547173601	-1.86536779493873	0.0622682012416696	0.951549566109248	0.982166392523869	-6.010128900277
TNFSF11	-0.0265979719307459	3.1208805466449	-0.0621795691198587	0.951618432555599	0.982194997829289	-6.5956902289441
ENSG00000270988	-0.046220579330317	-3.66407823582335	-0.0620146362482723	0.951746585179511	0.982284789123433	-5.83574651740359
SUSD3	-0.0204666352415566	2.19926368076995	-0.061861697862325	0.951865419389287	0.982355816422717	-6.47012918182321
ZNF687	0.0245112621946664	6.51612034088065	0.0617522458965883	0.95195046509998	0.982355816422717	-6.95505314875675
SYNJ2	0.0242086318706747	4.35637406352969	0.0617511517796343	0.951951315247367	0.982355816422717	-6.77323038975408
CCDC57	-0.034078539928561	2.58222591039806	-0.0617141804221748	0.951980042654755	0.982355816422717	-6.52035637204932
PNPLA7	-0.0271750860948347	-0.461530279129908	-0.061641512102626	0.952036507451077	0.98236211123597	-6.16517384850914
MESD	0.0144813124823129	6.10039828109281	0.0616003871455394	0.952068462521441	0.98236211123597	-6.93451653735248
ADGRB2	-0.0263495684926474	5.67720368144114	-0.0615399368861449	0.952115433972854	0.982368107497411	-6.90796980724158
ENSG00000286389	0.0266891188197384	-0.219644138502936	0.0613941069424245	0.952228748487537	0.982424721586145	-6.19210837795515
NUDCD2	-0.0123833376715554	5.45218661846823	-0.061363373443987	0.952252629537599	0.982424721586145	-6.89097065836142
UBB	-0.0117839741238956	9.5035893612906	-0.0612015770961506	0.952378352019855	0.982489692199914	-7.04266469076612
IKZF5	0.0121609535622786	4.16099074860762	0.0611690994191878	0.952403588688528	0.982489692199914	-6.74678215327689
USP6	-0.0455973755580046	-2.14969262864244	-0.0610950143684495	0.952461156431648	0.982489692199914	-5.98090263320648
ENSG00000264281	0.123814660069234	1.3314529637065	0.060936359750038	0.95258443986674	0.982489692199914	-6.36486977986188
LSMEM2	-0.0451820205050251	-1.96878566604271	-0.0609171697751911	0.952599351629919	0.982489692199914	-5.99943736570385
ARSG	-0.0206329440977178	2.91584475088863	-0.0608834217113771	0.952625575949115	0.982489692199914	-6.56646937478316
TFAP2E	-0.035721962332592	-1.28040597272451	-0.0608728410366641	0.952633797795662	0.982489692199914	-6.07314567700735
ENSG00000260805	0.0234120056954821	-0.649059611270295	0.0608585197549862	0.952644926337219	0.982489692199914	-6.14404725257988
ENSG00000279022	0.0435050904105889	-2.48633855084859	0.0606384997571712	0.952815897126215	0.982566500915163	-5.94732333749883
ZDHHC21	0.0156800945630766	3.5932733992485	0.0606228360877404	0.952828068978646	0.982566500915163	-6.66497857330088
CNEP1R1	0.0148330746921217	3.68967897982123	0.0605056278076232	0.952919149053943	0.982566500915163	-6.67919412153274
TFIP11	-0.0170462881658926	5.06674651180912	-0.0604928066636864	0.952929112136739	0.982566500915163	-6.8562792583614
ZCCHC8	0.0198988256627128	5.40366420304742	0.0604320715632339	0.952976308417692	0.982566500915163	-6.8870576581571
DRD5	0.0470003147069873	-2.46953325173435	0.0604254309652001	0.95298146873238	0.982566500915163	-5.94899333221523
PROKR1	-0.0237682675915463	2.29368324256032	-0.060391828525981	0.953007580746852	0.982566500915163	-6.48235081268587
INTS2	-0.0110328064311123	5.20483009289356	-0.0603022040407222	0.953077227042295	0.982595860812892	-6.86955830670064
BEND5	0.0240348192537661	3.15168501044926	0.0602178522590479	0.953142776349606	0.982620994476958	-6.60026484416951
TMEM47	-0.017847447634864	6.39213260816132	-0.0601447436666535	0.953199588931737	0.98262185848374	-6.94948730234168
USP48	-0.0125648236515099	6.70571902111578	-0.0600748180203171	0.953253928307563	0.98262185848374	-6.96321789359111
CISD2	0.0233477120122263	5.47707551985757	0.0600578340427251	0.953267126632275	0.98262185848374	-6.89302078560749
ENSG00000289555	0.0414139451912741	-2.64276989729651	0.0599797783558773	0.95332778424446	0.982630564059147	-5.93204902633821
ENSG00000285090	-0.0372163741800864	-2.82348702900633	-0.0599410063778601	0.953357914331655	0.982630564059147	-5.91455814183707
ENSG00000308740	0.0452181709138668	-1.22341868607302	0.0597681497161012	0.953492243885666	0.982726578780464	-6.07949496269785
TDH	-0.0388854298697731	-0.231706688182503	-0.0596866871651335	0.953555550207466	0.982749387546489	-6.19088617547002
CTC1	0.0118345962515516	5.06997106372105	0.0596284930705101	0.953600774312158	0.982753559329344	-6.85665710337422
ENSG00000300421	0.062771697690073	-3.02293974721477	0.0595501829883062	0.953661631332003	0.982773840889504	-5.89551038623009
ENSG00000236814	-0.0174243440713804	5.31772864713985	-0.0593957523074328	0.953781644773291	0.982855080342133	-6.87976602426492
LIPT1	-0.0176344912476503	2.47932637521895	-0.05927036125964	0.953879091396772	0.982913059078091	-6.50675637042795
MPI	0.0201630870090401	5.86349837072951	0.0588209787133958	0.954228331870038	0.983230479503614	-6.92066521235618
WASL-DT	0.0190873327609746	2.08909237928577	0.0585440171435782	0.954443579347583	0.983283444330658	-6.45637253709417
ENSG00000290737	-0.0380115946490331	-1.87840347887398	-0.0585325185048578	0.954452515879647	0.983283444330658	-6.0089980432639
ARMCX5	0.0113177146660837	4.12616567846102	0.0585256147284595	0.954457881371782	0.983283444330658	-6.74207466765877
TUBB8	0.0378616419452865	-0.27709250557574	0.058518196043015	0.954463647044715	0.983283444330658	-6.18593562386379
KLHL12	-0.0115693627602056	6.17555533254776	-0.0582267147017264	0.954690183429892	0.983283444330658	-6.93878679962416
ENSG00000305919	-0.0602802854636715	-3.92298446025571	-0.0582204127338113	0.954695081303044	0.983283444330658	-5.81271357530896
ENSG00000298485	0.0742482495646275	-2.55566744947481	0.058219064076163	0.954696129476534	0.983283444330658	-5.94066466688136
MLNR	0.0416691227537618	-1.87001861222422	0.0582169925303958	0.954697739477112	0.983283444330658	-6.00989421899453
PRODHLP	-0.0443057696686422	-3.43578029829372	-0.0581862814908422	0.954721608050995	0.983283444330658	-5.85689426562019
H4C4	-0.0541238625175899	-2.79117282196336	-0.0581755331571079	0.954729961650913	0.983283444330658	-5.9177777719845
TRIM31	0.0502146599423372	-2.30021345325722	0.0581717301185692	0.954732917372048	0.983283444330658	-5.96593371634016
ENSG00000300624	0.0370918795233659	-3.32833876970519	0.0580197401762978	0.954851044525423	0.983362670105212	-5.86687019181484
NXT2	0.0185342291692008	5.29110357707894	0.0579488314692356	0.954906155429853	0.98337699394392	-6.87753011277707
ENSG00000286964	0.0247325570560042	-0.838354781111037	0.0577625329088298	0.955050949581339	0.983473577690879	-6.12279216723262
KTI12	0.0257570287030975	1.97077150379062	0.0577221246856283	0.955082355709523	0.983473577690879	-6.44165525069674
TMEM126B	-0.0139900979705478	5.36214689667957	-0.057605509258093	0.955172992143946	0.983510433641894	-6.88371258075304
ENSG00000229750	0.0445327257327817	-3.6118472510637	0.0575235652542463	0.9552366814783	0.983510433641894	-5.84076977836199
MTG1	0.0201346349328988	3.03278560640675	0.0574631266914267	0.95528365635085	0.983510433641894	-6.58330782861464
PFKFB4	-0.0426869728250683	6.09131794190478	-0.0574337341118901	0.955306501311498	0.983510433641894	-6.93428375895456
ENSG00000272574	-0.037227088960258	-3.66160490692621	-0.0573182037387717	0.955396296045996	0.983510433641894	-5.8362530849129
SUGCT	0.0170877853061611	1.85429579624213	0.0572365285095433	0.95545977762944	0.983510433641894	-6.42733945266111
FTSJ3	-0.017874612563995	6.38712268888768	-0.0572075482820739	0.955482302416224	0.983510433641894	-6.94944099789185
LINC01748	-0.026585982323772	-0.510138462407665	-0.0571191702138009	0.955550994232998	0.983510433641894	-6.15998606280375
ANKRD49	-0.0164187825668831	3.34384824902816	-0.0570552070324354	0.9556007098265	0.983510433641894	-6.62845988181774
PLP1	0.0117318772869375	7.23111173872178	0.0569725419177429	0.955664961854229	0.983510433641894	-6.98297484756201
AGA-DT	0.037880147567007	-0.859152748903653	0.0568394908073484	0.955768377440119	0.983510433641894	-6.12049911909132
PDPR2P	0.0192600826630067	2.53927946444742	0.0567758381756008	0.955817852522193	0.983510433641894	-6.51491078792519
CNTRL	-0.0237623029135303	4.67092065710097	-0.0567401193093217	0.955845615699678	0.983510433641894	-6.813076252544
ENSG00000288063	0.04547176462287	-4.39580751342954	0.0565066216661799	0.956027107764196	0.983510433641894	-5.77599760461452
GLT1D1	0.0146516397507153	4.11693287410721	0.0564991714733653	0.956032898662006	0.983510433641894	-6.7409090684759
DDIT3	0.047458310900347	2.83541137162981	0.0564886831267473	0.956041051065407	0.983510433641894	-6.55544499651511
LINC01393	0.0400051165857551	-2.54782953852808	0.0564727773292369	0.956053414366176	0.983510433641894	-5.94153502376803
RPL11	0.014052729751235	9.59915077489332	0.0563473903743602	0.95615087589978	0.983510433641894	-7.04493178994027
SLC25A33	-0.0126781411626604	4.06992984251799	-0.0562540399724608	0.956223436357799	0.983510433641894	-6.7343406409022
MSTO1	-0.0218427536225034	4.48167619373028	-0.0561897076812966	0.956273441533374	0.983510433641894	-6.78974822201544
LRRC75A	-0.0207926433021099	3.73644658142597	-0.0561796454529519	0.956281262872245	0.983510433641894	-6.68630870808469
ZDHHC17	0.0127034136238144	5.00853902248006	0.0561660367212697	0.956291840904875	0.983510433641894	-6.85061598640248
TNFRSF10D	-0.0197347511732149	4.3912108767693	-0.0561261286600281	0.956322861390845	0.983510433641894	-6.77814617434307
ENSG00000306125	0.0383897022298623	-4.31392244741107	0.0558983019631113	0.956499952255322	0.983510433641894	-5.780683157282
GDNF-AS1	-0.0305929825609477	-2.27490407709197	-0.0558869201552169	0.956508799458195	0.983510433641894	-5.96860480225578
TMEM198B	-0.0171527148813677	3.87728012142129	-0.0558795634396621	0.95651451791637	0.983510433641894	-6.70688315281114
ENSG00000298174	0.041981772547528	-2.81685812242654	0.0558383289030807	0.956546570035591	0.983510433641894	-5.91543850045887
TMEM150C	-0.0186198641632482	2.87477903204783	-0.0558141031865393	0.956565401024774	0.983510433641894	-6.56100028537066
C14orf39	0.023470177325865	0.895161438557423	0.05579987301309	0.956576462351174	0.983510433641894	-6.31531446511191
ENSG00000292246	-0.0840106914295049	-2.20446821177147	-0.0557878627604444	0.956585798107472	0.983510433641894	-5.9756922402664
CIRBP	-0.0172461158319681	6.8789924077573	-0.0557777571319248	0.956593653375113	0.983510433641894	-6.97033609304754
ENSG00000310418	0.0374314674903522	-1.12973482161698	0.0557532803118505	0.956612679621309	0.983510433641894	-6.09014372162424
KLHL28	-0.0134417959691531	3.62226412265567	-0.0557005830099921	0.956653642221958	0.983510433641894	-6.66957585995295
CATSPER2	0.0292701377834821	0.295750216857593	0.0556224656329321	0.956714364566358	0.983510433641894	-6.2489531064022
CLCF1	-0.0210279968224948	0.484504447002983	-0.0555920091236027	0.956738039155147	0.983510433641894	-6.26966694363143
RANBP17	-0.0143945860564316	3.41741415872073	-0.0555770993447868	0.956749628906523	0.983510433641894	-6.63937748900073
PCSK5	0.0258892134339823	3.80998090681901	0.0555673034477921	0.956757243512858	0.983510433641894	-6.69715396443346
SOX21	0.0526655271014769	3.81536225893199	0.0555421699136039	0.956776780485589	0.983510433641894	-6.69794526220401
TRIM68	-0.0139218906596303	3.63082056542411	-0.0555370513400656	0.956780759294263	0.983510433641894	-6.67085319824696
FAM193B-DT	-0.0397333791536285	-3.9430480431048	-0.0555235097892678	0.956791285521935	0.983510433641894	-5.81108605785097
PIK3CD-AS2	-0.0221015396896576	2.42234405224295	-0.0554692592313853	0.956833456090973	0.983510433641894	-6.49944274307346
EDRF1	-0.0127691815337903	5.26943865317069	-0.0553748420751918	0.956906849681232	0.983510433641894	-6.87579008671822
MRPL49	0.0156881180345385	6.32988277832272	0.055352837542138	0.956923954595884	0.983510433641894	-6.94682032314514
PTGR2	0.021674051580975	3.521397738958	0.0553433906292721	0.956931298027907	0.983510433641894	-6.65472954391112
ENSG00000300506	-0.0664191627802411	-3.22379944108677	-0.0551148790926488	0.95710892971246	0.983531262688521	-5.87680673060289
EGF	0.0178578661839071	2.17849475111487	0.0550873931380938	0.957130295873345	0.983531262688521	-6.46790957402594
ENSG00000225233	-0.0402669631220602	-4.28793488516948	-0.0550554878696835	0.957155097425002	0.983531262688521	-5.78243041109779
SLC22A3	-0.0311437289462841	1.90671784332123	-0.0550326533468317	0.95717284786444	0.983531262688521	-6.43388989940009
RARA-AS1	0.0350903541542675	-1.98510062196261	0.0550252234599333	0.957178623499816	0.983531262688521	-5.99810611205958
PLAAT1	0.0170730615826686	2.02909843959159	0.0549992459478542	0.957198817183934	0.983531262688521	-6.44907419600795
ENSG00000266313	0.0412509770311043	-2.93471862073115	0.0548996448783597	0.957276242618229	0.983568474001002	-5.90418656703962
SIPA1L1-AS1	0.0279495796957628	-1.03963769156814	0.0546988184005488	0.957432357587494	0.983686529424912	-6.10028210211394
ENSG00000297350	-0.0565550774978405	-3.41965621964263	-0.0546274785026097	0.957487815001022	0.983701161406285	-5.85858833985525
SUGT1-DT	-0.0226829896410117	-0.71591628728567	-0.0545464332726177	0.957550817325017	0.983723543263438	-6.13687116992464
ENSG00000298637	0.0583937405987678	-3.13516997097512	0.0544579787050893	0.957619579812271	0.983751840544891	-5.88517868053689
ENSG00000299579	-0.0268029715747331	-2.16556084701706	-0.0543385590340216	0.957712414414703	0.983765549681932	-5.97969957503908
ENSG00000310283	-0.0385863547999876	-2.56267649400125	-0.0543347672538148	0.957715362084036	0.983765549681932	-5.94020199780417
RPL3P3	0.0697598551924554	-2.73649864945811	0.0541914813628099	0.957826750733767	0.983837625226494	-5.92328823401027
DIDO1	-0.0138790309311023	6.46874880587845	-0.0540190646080036	0.957960786608773	0.983890334739006	-6.95341806251298
SLC2A12	0.0271377741633727	3.5773559057124	0.0539992079049891	0.957976223192936	0.983890334739006	-6.66303838413653
TNFAIP6	-0.0562977506152333	-3.42270451131181	-0.0539663867877054	0.958001738341633	0.983890334739006	-5.85834252245539
RFC1	0.0116513381066365	6.99608924955315	0.0538585403662373	0.958085578538597	0.983896808847748	-6.9748446492938
ENSG00000309074	0.0492782220443124	-3.57203277811374	0.0538415833910865	0.95809876100088	0.983896808847748	-5.84461339808461
ENSG00000290803	0.0174640375400633	0.703426160910896	0.053799194376432	0.958131714553122	0.983896808847748	-6.29399984991693
SLC38A5	-0.0207833979503507	5.59749135911766	-0.0536605528228026	0.958239496159279	0.98392104273974	-6.90270839592517
ENSG00000289041	0.0355046009771685	-0.965390929028916	0.0536604986125727	0.958239538303134	0.98392104273974	-6.108689003119
LINC02356	0.0452718452678047	-3.95748990833981	0.0536097522731455	0.958278989336123	0.98392104273974	-5.80990997153186
ENSG00000231863	-0.0496716185206498	-3.63852908534384	-0.0535302334017093	0.958340808842227	0.983942187242426	-5.83856239795647
ENSG00000289968	-0.0678392977301658	-1.83654639936604	-0.0533706332263118	0.958464885971412	0.984027247966606	-6.01368060354583
UPF2	-0.0133899824782162	5.73638528444486	-0.0532136610739917	0.958586921141815	0.984081975352469	-6.91263039983323
CCDC69	-0.0159083838401308	4.81920118161082	-0.0531959948409909	0.958600655506329	0.984081975352469	-6.8304456775221
CCDC127	0.0131448147443427	4.5313529091363	0.0531082536714667	0.958668868854998	0.98410967281558	-6.79625050876719
LINC00900	0.0277125557916337	0.786861751167514	0.0528962234633118	0.958833710705773	0.984187127798949	-6.30334034919306
FKBP15	0.0106533701391056	4.90456878510846	0.0528010975491522	0.958907666543438	0.984187127798949	-6.83991688972032
MCOLN1	0.0181570663556245	3.84445392330325	0.0527800489554117	0.958924030871054	0.984187127798949	-6.70234057193384
TMEM150A	-0.0163537314948616	3.9003262063186	-0.052709598760944	0.958978802849236	0.984187127798949	-6.7103831045466
OAZ3	-0.0214773186789221	-1.09258596961337	-0.0526797305397824	0.959002024166343	0.984187127798949	-6.09447689827414
MRPL36	-0.0178270229497883	4.82103593482562	-0.052675721862404	0.959005140751668	0.984187127798949	-6.83068143834427
MT2A	0.061347779799743	2.37228923187827	0.0526157904683065	0.959051735084614	0.984187127798949	-6.4930477230769
CD70	-0.033058605514114	0.92981605055344	-0.0525868798541008	0.959074212022792	0.984187127798949	-6.31940614372241
ZNF311	-0.0174175487207799	2.67790234729256	-0.0524888747324069	0.959150407675709	0.984223000988699	-6.53391318205704
EXOC1	-0.011833049872493	5.06754118213585	-0.0523952153346247	0.959223225077908	0.984241487514876	-6.85685501491408
ABHD18	-0.0135228195039501	4.34824422735621	-0.0523596187720044	0.959250900451818	0.984241487514876	-6.77273926781223
KIF25-AS1	0.0366731737429244	-0.660610379436777	0.0522589672155178	0.959329154647041	0.984279465822411	-6.14324833201954
ARHGAP27P1-BPTFP1-KPNA2P3	-0.0187348717885543	0.0199333185928822	-0.0521109066960349	0.959444269006062	0.984347813530791	-6.21898361272276
SPATA4	0.0445431997514296	-4.24633538352709	0.0520350655444061	0.959503234498763	0.984347813530791	-5.78557811379277
UPF3AP2	-0.0273301739834655	1.73250927208597	-0.0520141463190731	0.959519498964841	0.984347813530791	-6.41284979199394
SLC25A17	0.0122335922796388	5.1755298927431	0.0518913329915439	0.959614985358681	0.98436724080387	-6.8673028265636
ENSG00000294921	0.0407833807836133	-3.47845843617532	0.0518836948899667	0.959620923944511	0.98436724080387	-5.85330667916121
ADAMTS16	0.0296692990778156	3.61402970348	0.0517026311511098	0.959761700852697	0.984469336180648	-6.66858878059405
LINC01876	-0.0224459334862865	1.76185472357216	-0.0515977992810003	0.959843208207031	0.984471103699682	-6.41642406234271
OCM	0.039893316925772	-4.16351834134277	0.0515706159698744	0.959864343459656	0.984471103699682	-5.79192929752039
RBFOX2	-0.00793137471811534	7.61290943290209	-0.0515263568732242	0.959898755348457	0.984471103699682	-6.99569962473103
MTFR2	-0.0189874227163429	3.28674057385464	-0.0514337080187003	0.959970791035103	0.984471103699682	-6.62043688207311
CDC123	0.0145410702418349	7.54685640309869	0.0514117956250571	0.959987828260619	0.984471103699682	-6.99365392735979
YME1L1	-0.00949879751399951	7.85342151064638	-0.0513821049029977	0.960010913290585	0.984471103699682	-7.00293038799778
KLF7	0.0152915312844462	5.11531921949131	0.051319066510433	0.960059926816847	0.98447745935176	-6.86158102705592
ZNF182	-0.0116862279522447	3.86216322098341	-0.0512680310217252	0.960099607988921	0.98447745935176	-6.70497986281881
PARAIL	-0.0163427614575791	2.7687052945	-0.0511629536850041	0.960181308199724	0.984518936409452	-6.54647435428194
ZC3HAV1L	0.029160977547072	0.345589499342766	0.0509854242650166	0.960319342779952	0.984604646508873	-6.25467180376977
RANP1	0.0130286561114357	5.65145827413402	0.0509493302748112	0.96034740713454	0.984604646508873	-6.90677833077771
ISL2	-0.038727888263959	-1.23113017715178	-0.0507832626477069	0.960476531320211	0.984663385729862	-6.07916106571145
MRPS9-AS2	0.0275840960570869	-0.726665938138579	0.0506840121715753	0.960553703084085	0.984663385729862	-6.13587069460447
CDC42SE2	0.00969718562134148	5.70909881390064	0.0506803507095429	0.960556550045668	0.984663385729862	-6.91086817766525
PPP1R2	-0.0139893034326875	5.60073957037335	-0.0506515630802949	0.96057893382236	0.984663385729862	-6.90311963365697
ENSG00000272256	0.0400516775319528	-4.21970056890496	0.0506103480435389	0.960610980572929	0.984663385729862	-5.78757119995126
ENSG00000302724	-0.0306027299444032	-1.41605953234529	-0.0503424513678107	0.960819285410551	0.984834609615359	-6.05888748868656
SHANK3	0.0247671981083242	4.25733295874176	0.0501146266163999	0.960996434484194	0.984973885675266	-6.76062128917013
ZCCHC17	0.0116000009884623	5.98609550372511	0.0499680604923699	0.961110400681512	0.985048393226506	-6.92870516035409
CDKL1	0.0182880342309331	0.649044669868079	0.0498956552061495	0.961166701581612	0.985063795373082	-6.2881757997172
SREBF2-AS1	-0.0234255286297915	-1.95218587062375	-0.0497535595093858	0.961277192997508	0.985081728740932	-6.00179317074166
CRYBB2	0.0466765557630033	-3.58792944129986	0.0496884547039912	0.961327817773694	0.985081728740932	-5.84337658989867
P4HA1	0.0259642704809124	6.44170718563411	0.0496829839807669	0.96133207175572	0.985081728740932	-6.95242558208601
ZFAND3	-0.0114306326816829	6.65765728461635	-0.0496608343794897	0.961349295086679	0.985081728740932	-6.96186490613133
TXNDC5	-0.0330715215606996	-0.0523685652209273	-0.0495925646025289	0.96140238118267	0.985093832124964	-6.21118347658747
ENSG00000303088	0.0388460639782844	-4.38215676367559	0.0493898473095962	0.961560013878177	0.985213052770261	-5.77714575479925
ENSG00000288787	0.032871332114389	-2.79697615071587	0.0493021453363532	0.961628211352341	0.985240631910123	-5.9177044884711
IL6ST-DT	-0.0255735543720022	-1.40272561493457	-0.0491200540362125	0.961769807451773	0.985343406355231	-6.06039969892203
NDUFAF7	-0.0107623380697275	5.32867246534599	-0.0490368494899814	0.961834508640132	0.985344342622118	-6.88133374300788
ENSG00000309304	-0.036005592386219	-3.54872251316298	-0.049012695889794	0.961853290920942	0.985344342622118	-5.84699820155847
SUNO1	0.0201016035959145	2.69974493434104	0.0489233870033766	0.961922739354601	0.985370469511395	-6.53709415563466
ENSG00000302206	0.0320416491697393	2.25869911981264	0.0488737133917436	0.961961366724578	0.985370469511395	-6.47850518472151
IRF1	-0.0135892771146611	2.53137363790416	-0.0484811994502301	0.96226659841873	0.985640826765368	-6.51432167342979
CPT2	0.00931898225301797	5.72565376393661	0.0483702407862685	0.962352884667292	0.985648002570714	-6.91214824704831
H2AZ2-DT	-0.0397703582685032	-2.93128043104134	-0.0483391572901561	0.962377056627317	0.985648002570714	-5.90485980579865
RHOBTB2	-0.016154664209985	4.15850505731956	-0.0482462261246582	0.962449324424869	0.985648002570714	-6.7472004669293
ENSG00000289114	-0.039119573888434	-3.55424441791644	-0.0481137788977381	0.962552322449592	0.985648002570714	-5.84653625880532
TBCC	-0.00978136957597808	4.38217814868977	-0.0481037631044291	0.962560111293757	0.985648002570714	-6.77742455986581
IPO13	0.0128833226335106	5.12104971936086	0.0481014450316277	0.962561913958123	0.985648002570714	-6.8623049786903
ENSG00000256116	0.0355506125877842	-2.52910891797778	0.0480634185295797	0.962591485545838	0.985648002570714	-5.94382068177422
SNU13	0.00837997637806343	7.02736081055752	0.0480473463102408	0.96260398424271	0.985648002570714	-6.97631375369188
ADGRB3	0.0198776245519108	0.906777984170983	0.0478798357165683	0.96273425089805	0.985709996349339	-6.31705926115569
TTLL6	-0.0215322510475682	3.43461565687375	-0.0478632759346821	0.962747128876668	0.985709996349339	-6.64235368099651
GTF3C4	0.0114868907489392	6.8789416886662	0.0477728574823091	0.962817444426386	0.985739702561966	-6.97078510869719
ENSG00000304975	-0.0242860183546221	-0.298628542189944	-0.0477048125595494	0.962870361014801	0.985751593803468	-6.18415293144881
CLIC1	0.0124552990914388	8.17914865803771	0.0476498263950134	0.962913122318537	0.985753087860364	-7.0122661649555
FOXJ3	-0.00875985234932042	5.85077241709884	-0.0473415196842651	0.96315288666713	0.985877710433872	-6.9205140014283
ENSG00000256663	-0.0232178698460412	4.09748082017559	-0.04731198755017	0.9631758534561	0.985877710433872	-6.73870320941494
C10orf67	0.0237356333163339	-2.39092576039732	0.0472950689870096	0.963189010837046	0.985877710433872	-5.95749611319793
DHCR7	-0.023190430130966	7.76119118552052	-0.0472251327606609	0.963243399595526	0.985877710433872	-7.00042992860396
DLAT	-0.0131826054052056	7.03955122513408	-0.0472093166284908	0.963255699683049	0.985877710433872	-6.97679438444149
ENSG00000258168	0.0299915023590396	-1.655408785852	0.0471745978287505	0.963282700268903	0.985877710433872	-6.03320205108992
ENSG00000242588	0.0198676809843441	4.0891074638001	0.0470464295631822	0.963382376319556	0.985892987747484	-6.7375423612117
PIGF	0.0114442593856428	4.35171428795908	0.0470463497423704	0.963382438396152	0.985892987747484	-6.7734827409247
ENSG00000269952	-0.0250111540090909	-2.44040750746219	-0.0469960573465298	0.963421550812191	0.985892987747484	-5.95261003100789
SAYSD1	0.0122760648783737	3.28011738609397	0.0469310297223653	0.963472122971489	0.985893078990622	-6.6197045727727
BRAFP1	-0.0252283481505611	-2.25654644176933	-0.0468897125191864	0.963504255560241	0.985893078990622	-5.97092249860725
ENSG00000272986	0.0280269146565751	-0.0581869940129443	0.0466119184778224	0.963720299100847	0.986071867385746	-6.21069600055084
ENSG00000287844	0.0271907467905077	-2.85220921332366	0.0464862887420061	0.963818003764304	0.986129562131548	-5.9125265316128
LINC00345	0.0313471084024783	-1.38615778855595	0.0462617479464787	0.96399263502146	0.986236634186228	-6.06234975567333
ENSG00000309719	-0.0243374120751758	-2.03767357606812	-0.0462454664482468	0.964005297646563	0.986236634186228	-5.99316207925174
PCAT6	-0.0208270309399783	2.37284421612251	-0.0460013326237397	0.964195169330854	0.986267799722222	-6.49347013174484
PPM1N	-0.0192320833729416	2.82405847405288	-0.0459923942593674	0.964202121063833	0.986267799722222	-6.55443660752943
ANKAR	0.0237790955829981	0.166929040981806	0.0459491024149101	0.964235790953196	0.986267799722222	-6.2353911113551
RPL21P119	0.0296004936070671	-3.58350710707119	0.0459489536092021	0.964235906685785	0.986267799722222	-5.84396091183454
TRAF3IP1	-0.0102422283586794	4.34089243331796	-0.0459389679696135	0.964243672948431	0.986267799722222	-6.77210674454216
CA10	0.0293856780444278	-0.573869011177274	0.0458709322385758	0.964296587375267	0.986267799722222	-6.15340996167856
ALS2	-0.00781219943540279	6.35865592512555	-0.0458343679754581	0.964325025110729	0.986267799722222	-6.94871911402959
KLC1	-0.00847315965023565	4.45910308038478	-0.0457577312264424	0.964384629260055	0.986286495545689	-6.78743282015051
MT1E	-0.055663591486676	0.856848823983422	-0.0456634430432349	0.964457962108097	0.986319229652667	-6.31155258734374
WARS2	-0.0119604795352655	3.67017686456991	-0.0454865497064496	0.964595542235802	0.986365499454366	-6.67720441532163
CHST1	-0.0253752170314954	1.66793635017774	-0.0454809758109113	0.964599877394894	0.986365499454366	-6.40543648099214
MAD2L1P1	0.0196221226051287	0.358943013621869	0.045445860016166	0.964627189121564	0.986365499454366	-6.25641867928242
ENSG00000275426	-0.0387247304000038	-2.78483814720069	-0.0453564039293123	0.96469676487226	0.986382596029215	-5.9190656166395
ENSG00000288873	-0.0263122127974618	-0.991141995762164	-0.0453180882770895	0.964726565513469	0.986382596029215	-6.10621151106533
ENSG00000225531	0.0182440585569921	-1.0176947135979	0.0452462417062001	0.964782445542164	0.986397473772911	-6.10323412869294
ENSG00000293465	-0.029214089851661	0.743609915040458	-0.045167261489143	0.964843874129065	0.986397778444091	-6.29892112425322
ANPEP	0.0247551331446356	2.63748855324706	0.0451395834120165	0.964865401414327	0.986397778444091	-6.52878680775648
RBM12B	0.010951951594679	5.73886156381505	0.0449236360367274	0.965033360653153	0.986527229139024	-6.91324552670165
SDSL	-0.0337081297387911	1.42239295268246	-0.0444819209919036	0.965376922706171	0.986798281618411	-6.37640919504448
PRKAG2-AS1	0.0204382154192899	-1.06344134214204	0.0444538423572824	0.96539876227094	0.986798281618411	-6.09815253621223
SEMA4A	-0.0133146757950469	4.29788980320452	-0.0443929041913826	0.965446160085273	0.986798281618411	-6.76639363540086
C17orf100	0.01781977643316	1.56510115712013	0.0443701087205686	0.965463890479387	0.986798281618411	-6.39322552297086
COL3A1	0.0410872487661504	-3.83377234725278	0.0443008106984993	0.9655177908356	0.986811113132633	-5.82138790208245
MTHFS	-0.0250172485765239	-0.189423545198034	-0.0442223042725612	0.965578853754876	0.986831263759158	-6.19639454264642
OSBPL10	0.0100784227601434	5.72557785059479	0.0440451428973184	0.965716652128692	0.98684115302427	-6.91236017042897
ENSG00000266850	-0.02229324703014	-1.4176633561536	-0.0440178482652959	0.965737882346116	0.98684115302427	-6.05902351065889
IGBP1	0.010163564287895	5.84311509347836	0.043991615162252	0.965758286915081	0.98684115302427	-6.92018709471193
FHIT	-0.0218495801423674	0.705967299819904	-0.0439740263287437	0.96577196783363	0.98684115302427	-6.29479217239315
RAB3B	-0.0108575621465965	6.77584109488185	-0.0439440710569792	0.965795267622278	0.98684115302427	-6.96695487488559
AQP11	0.017813417541905	0.702337602899497	0.0438394000974117	0.96587668297942	0.986856944289478	-6.29439460001621
ENSG00000260290	-0.0115010875388357	4.1647295595126	-0.0437817477407482	0.965921526416076	0.986856944289478	-6.74829215866286
VWDE	0.0155184845064773	3.53480941239351	0.0437517229315981	0.96594488050847	0.986856944289478	-6.6573187140289
ENSG00000310194	-0.05975128840528	-2.96667121896957	-0.0436784581538038	0.966001867935876	0.986856944289478	-5.90169907206942
SRFBP1	0.010839707878203	4.50530604543772	0.0436523398817254	0.96602218351897	0.986856944289478	-6.79345851138485
SHC1	-0.0171915752419007	7.76186488945468	-0.0436052504393136	0.96605881117775	0.986856944289478	-7.0006289147664
SMURF2	0.010993176966263	5.29968590433541	0.0435473639648527	0.966103837222906	0.986860701176936	-6.87907406544191
ENSG00000254694	0.0380074744050201	-3.43817287179924	0.0432122833278995	0.966364476645525	0.987045588127798	-5.85743968918197
SLC25A20	-0.0136279474793719	2.8198592957251	-0.0431339213387393	0.966425430404136	0.987045588127798	-6.55398699922318
FAM228A	0.0404190850125765	-4.00987929177735	0.0431121069214537	0.966442398756958	0.987045588127798	-5.80578597556962
ENSG00000250917	0.0356664279964241	-2.81062690046982	0.0431020009080661	0.966450259729271	0.987045588127798	-5.91668111887824
SLC26A4	0.0306957077718781	-3.70343182403357	0.0428856673054696	0.966618535931715	0.987175207406172	-5.8331880732065
ZNF697	-0.0132421242462337	5.25322373235898	-0.0427962473836205	0.96668809217762	0.987204000513596	-6.87499666263332
PSME1	0.00916180125125265	5.54276831546353	0.0426816040961341	0.966777269116509	0.987252827400467	-6.89912512951251
VPS33A	0.0110466745470346	4.46177084559588	0.0425741411438266	0.966860861162765	0.987295947177158	-6.78792676118369
ENSG00000306760	0.0305596041223795	-2.82334022387392	0.0424522477948738	0.966955678668165	0.98735052548871	-5.91548497660952
ENSG00000303434	0.02198047917393	-2.54781672441538	0.0423340118518943	0.967047651691951	0.98740219477783	-5.94225116824218
ADGRV1	0.0168263899090206	5.61671213779983	0.0421530726918624	0.967188401085608	0.987475065506449	-6.90473223691216
ENSG00000287050	-0.0322921809408343	-3.44150588725373	-0.0421001635380063	0.967229558409704	0.987475065506449	-5.85717952642587
RNF217	0.0139953525917726	2.9008832983985	0.0420827007860767	0.967243142473279	0.987475065506449	-6.56540042115611
ENSG00000290993	-0.0212590573881366	3.00233240066436	-0.0418576945836764	0.967418173055989	0.987479112476234	-6.57979240732096
CSRP2	0.00760607296050075	6.75583617070573	0.0418456708535852	0.967427526273545	0.987479112476234	-6.96625296628078
ENSG00000254812	-0.0310990268551614	-2.50334181923681	-0.0418070963416441	0.96745753328624	0.987479112476234	-5.94663884876387
TEX13C	-0.037056350281607	-1.26783856469727	-0.0417643715342042	0.96749076886502	0.987479112476234	-6.07555513685448
GUSBP11	-0.019193275855689	3.89133374725951	-0.0417365994885755	0.967512372742424	0.987479112476234	-6.70964982339942
DCDC2	-0.0334229734698766	-1.61780303546377	-0.0417286240406493	0.967518576849339	0.987479112476234	-6.03748238229237
ASNS	0.0238459845732548	1.6314483403365	0.0417052928106628	0.967536726243631	0.987479112476234	-6.40125006653473
GABARAPL1	0.0104071196962439	6.39234387107072	0.0414660839251024	0.9677228082645	0.987626796581238	-6.95052930988511
AMDHD1	-0.0241678646593016	-0.289397472626782	-0.0413780620137689	0.967791281545597	0.987654445488894	-6.18547474508559
KLF13	0.00770078922430173	6.10767923646279	0.0411266430963928	0.967986864786947	0.987728033515594	-6.93605937682258
ENSG00000225982	0.0274788055763002	-4.65379952397258	0.0411256840622561	0.967987610840894	0.987728033515594	-5.76310643836724
ASB9	0.0159726858230451	0.454931620731406	0.0409867530688568	0.968095688685994	0.987728033515594	-6.26715897241347
SULT4A1	0.0179139549044138	3.31085172316143	0.0409752680552909	0.96810462319147	0.987728033515594	-6.62448770630845
MPL	0.0201673826791489	-0.499721340814501	0.040906338306366	0.968158245621152	0.987728033515594	-6.16199101350031
PGBD4	0.0155556036260486	0.999531267802236	0.0408288428809988	0.968218531734496	0.987728033515594	-6.32787489138937
ENSG00000297976	-0.0298467308495964	-3.19781187884518	-0.0408008318822607	0.968240322417373	0.987728033515594	-5.87994212276766
MUL1	-0.00999873038628252	5.1832919603334	-0.0407724437633314	0.968262406502417	0.987728033515594	-6.8685951211603
CLEC18C	0.0380606255139027	-3.51299246358112	0.040752801721214	0.968277686732707	0.987728033515594	-5.85064960015263
EMSY-DT	0.0102600498338319	3.1143846541195	0.0407099343417918	0.968311034810326	0.987728033515594	-6.5959406436878
ENSG00000271860	0.0297653928203854	-0.586932979829022	0.0407001826219803	0.968318621033137	0.987728033515594	-6.15216548983938
RNF40	-0.0118597585473106	6.11461116706845	-0.0406010992167529	0.968395701858816	0.987764443619999	-6.93646305255976
PARP16	0.00947911485666886	3.38942532145293	0.0404661890647002	0.968500654248089	0.987808347657353	-6.63602975979109
TRNT1	-0.00878228737397624	5.04479208980116	-0.0404393660750073	0.968521521076369	0.987808347657353	-6.85517670037671
ATP6V0A2	0.00907081509585961	5.69750420426551	0.0401953543641727	0.968711350065502	0.987887081800971	-6.91057694867934
ENSG00000295233	0.026943733027079	-1.24356347001141	0.0401860740588042	0.968718569722474	0.987887081800971	-6.07829637207866
RRS1-DT	-0.0267328837952644	-0.906226384858551	-0.0401805181584738	0.968722891962539	0.987887081800971	-6.11603967899163
ENSG00000300109	0.0278507627588889	-2.1224182143728	0.0400087932502482	0.968856486723434	0.987892792028146	-5.98476966675961
ZNF557	0.0125360697468038	2.51023824814887	0.0399669639393552	0.968889028321951	0.987892792028146	-6.51190310499299
H3C13	-0.0366714566933162	-3.99777547271589	-0.0398929192887974	0.968946632364709	0.987892792028146	-5.80698814838537
CFAP46	-0.0167445418253944	1.958549033724	-0.0398918244187033	0.968947484135189	0.987892792028146	-6.44107054928065
UBTF	0.0123215732567132	6.90756941462125	0.0398666461288782	0.968967071971639	0.987892792028146	-6.9722512127487
ENSG00000227698	0.0222670737661654	-2.06609447545226	0.0398540891369553	0.96897684088402	0.987892792028146	-5.99053261624141
HK2P1	-0.0175483459735322	0.626111444146635	-0.0397835624816331	0.969031708321378	0.987896241759622	-6.2861147647934
SWAP70	0.00917077092032326	6.4508471908512	0.0397212666824906	0.969080172561664	0.987896241759622	-6.95333002467199
ZNF334	-0.0105336639498805	4.63226749351478	-0.0396249878417196	0.969155074835382	0.987896241759622	-6.80930294972374
ENSG00000302045	0.0441462026634776	-2.76040497089852	0.0396144770451831	0.969163251963217	0.987896241759622	-5.92167393284768
KRT18P11	-0.0378613343873473	-1.50774794739984	-0.039567137185059	0.969200081196217	0.987896241759622	-6.04943006513129
PAXIP1-DT	0.0157300884917206	3.06770010893279	0.0395233341224398	0.969234158956228	0.987896241759622	-6.58925551859273
PPA1	0.0119359479141794	6.67755993378702	0.0394773075579414	0.969269966618555	0.987896241759622	-6.9631884263401
P2RY11	-0.0269692638738711	0.956438626549858	-0.0393893171596339	0.969338421426124	0.987923823732911	-6.3230582251918
CHD1L	0.020931667028915	-0.0935364178992649	0.0392655903933556	0.969434678868888	0.987975831358093	-6.20715018749166
RNASEK	-0.0140450896710922	1.25440410438297	-0.0392173095028139	0.969472240767861	0.987975831358093	-6.35710072347174
SUCLG2	-0.00989214507686764	6.13848007247064	-0.0390512458415942	0.969601436711508	0.988053067155944	-6.93783481441181
LINC01749	0.0376421423775724	-2.6513138983293	0.0389965075055971	0.96964402281625	0.988053067155944	-5.93227782451843
BCO1	-0.026818592795242	-1.35820614839931	-0.0389602578218279	0.969672224912795	0.988053067155944	-6.06572968140063
LKAAEAR1	0.0401161999643414	-3.85383593010187	0.0387490039266458	0.969836580394279	0.988178349738314	-5.81982282509677
SUSD1	-0.0116694855401112	2.71163345793393	-0.0386055798697352	0.969948165119436	0.988221932932991	-6.53921230101077
PRELID1	-0.0136539286280293	7.50325572490866	-0.0385875848809871	0.969962165370103	0.988221932932991	-6.99290278988686
ENSG00000270361	-0.033787624099471	-3.91589040669742	-0.0383352966561434	0.970158448825135	0.988291451343991	-5.81430566341625
ENSG00000288979	0.0199251168025671	-1.56662214892541	0.0382978350202984	0.970187594633379	0.988291451343991	-6.04312657160891
ENSG00000288538	0.0208488861811713	-1.78854562727842	0.0382280248120296	0.970241908319475	0.988291451343991	-6.01944994445825
RIMBP3B	0.0334549184296109	-2.97599890907118	0.0381925948155266	0.970269473599773	0.988291451343991	-5.90103824146078
CEP57L1	-0.0102419382793411	4.01697098282997	-0.0381535609039276	0.970299842848995	0.988291451343991	-6.72784714439799
PPP2R3C	-0.00685059250708875	5.0799854789439	-0.0381128801789462	0.970331493408393	0.988291451343991	-6.85878917709369
ENSG00000303783	0.0351674321759026	-3.57348757606485	0.0380462192703644	0.970383357277183	0.988291451343991	-5.84521154050473
ENSG00000299468	0.0309501529094778	-4.07022843900252	0.0379872679450835	0.970429223015952	0.988291451343991	-5.80068507451791
ENSG00000253190	-0.0330931440693245	-3.84343744041079	-0.0379771798267666	0.970437071858425	0.988291451343991	-5.82078325207855
DYM	-0.0101026938511204	6.36145069650706	-0.0379676554775283	0.970444482075576	0.988291451343991	-6.94921125850912
CCNG2	-0.0147324130487165	4.35972477542387	-0.0378424049135385	0.970541930883699	0.988348520049548	-6.77496223458781
CATSPER3	0.0247150778659941	-2.49378617538593	0.0376845910750868	0.970664715646948	0.988359429745312	-5.94774639566778
CARMAL	-0.0179107111167967	-0.796804001715957	-0.0376619200892765	0.970682354543865	0.988359429745312	-6.12850607830399
PCSK6	0.00954107132370297	2.61739383350803	0.0376240563373478	0.970711814032672	0.988359429745312	-6.52639548376377
THEM6	-0.0220201626666352	3.25469883769907	-0.0376157347732116	0.970718288543171	0.988359429745312	-6.61641079983616
SLC39A2	-0.0236372358400492	-3.39568773558923	-0.0374230947161614	0.970868170851045	0.988469867490056	-5.86160837259046
ENSG00000254536	-0.0295075111524736	-0.698305913751949	-0.0373265330742294	0.970943300437312	0.988504191082085	-6.13968583290514
RAB32	0.014125482275233	1.78810333164634	0.0372257872847761	0.971021685807741	0.988511940117285	-6.42029185427031
ZNF529-AS1	0.0145739682957524	1.30388072466047	0.0372102857154357	0.971033746849196	0.988511940117285	-6.36291009342992
ENSG00000228509	0.0206794493580971	-0.987320448065724	0.0369659814827608	0.97122382947985	0.988635020136939	-6.10700095524844
WDR59	0.0077738792673161	6.12342090751777	0.0369484166366255	0.971237496004978	0.988635020136939	-6.93710016777697
DZIP3	-0.00709828146205549	6.18051923199965	-0.0368096882331205	0.971345435533748	0.988639928674037	-6.940154202234
FAM89A	-0.0212577041087639	0.189697650223298	-0.0367851321182701	0.971364541817327	0.988639928674037	-6.23828150807151
UBXN2A	0.00711603764982804	5.06326803250963	0.0367825038175107	0.971366586810499	0.988639928674037	-6.85718289958421
GSTM2	0.0178102469585548	2.62204567637816	0.0366083352650197	0.971502102035914	0.988721424739055	-6.52706595769074
MDH1	0.0068671151887667	8.13200727491242	0.0365731077750685	0.97152951158421	0.988721424739055	-7.01149282410858
ZSCAN2-AS1	0.0198237840641005	-1.00354144693983	0.0362174975160812	0.971806204383624	0.988960844242696	-6.10520624373526
ENSG00000282022	0.0290572264011661	-2.92290467416999	0.0360908005751496	0.971904785532972	0.989018995323418	-5.90618697540313
AP1S3	0.018176498562831	2.73002091940946	0.0360145064209823	0.971964149205101	0.989037235091799	-6.54184436689456
SYAP1	0.00720457827364296	6.53945721937516	0.0358694303114701	0.972077031880742	0.989109930077493	-6.95744759850089
ARHGAP30	-0.0289617972330465	-1.11700500014086	-0.0357960816656823	0.972134104179174	0.989125832989911	-6.09251851204511
GRAMD1C	0.0162880066041886	1.33798990128293	0.0356223850313954	0.972269257515824	0.989221176960107	-6.36693199354711
PYM1	-0.00736211336527326	5.86395817965173	-0.0354127389157763	0.972432384363048	0.989323629353101	-6.92189307237789
ARHGAP11A	-0.0058916993733682	6.39978443766768	-0.0353864278138029	0.972452857276731	0.989323629353101	-6.95113063396079
MECOM	-0.0593354721513637	0.322743274712349	-0.035298301837847	0.972521429072327	0.989326148482252	-6.2528843127727
PPP2R1B	-0.00973661269139026	6.99785573380819	-0.0352767013124239	0.972538236715574	0.989326148482252	-6.97581106970415
CRLF3	-0.00734143420734856	5.04979256634173	-0.0350409752388508	0.972721659080077	0.989429932093627	-6.85590196130993
HAT1	-0.00982460593332135	6.67314804984947	-0.0348981105184943	0.972832825296762	0.989429932093627	-6.96319118788908
ZNF705D	-0.0321618619064097	-3.61260306627513	-0.0348645382644551	0.972858948702758	0.989429932093627	-5.8417548033862
ENSG00000179066	-0.0187100057033924	-0.324195114003988	-0.0348336910031146	0.972882951753737	0.989429932093627	-6.18187509531298
ZNF507	-0.00741577701035112	5.77690887252998	-0.0347295795951324	0.972963963738848	0.989429932093627	-6.91626717043944
MIR302CHG	0.0225777618451932	6.56046856800793	0.0347251472534655	0.972967412674442	0.989429932093627	-6.95841053138421
ZNF875	0.00772939492182712	4.96728098140148	0.0347247649560913	0.972967710151316	0.989429932093627	-6.84738847121712
NCBP2AS2	0.0156591496537759	4.55603824027775	0.0346953236604034	0.972990619305726	0.989429932093627	-6.80019424752014
ENSG00000310232	-0.0128125793583003	4.1398192133757	-0.0345940860685645	0.973069395505503	0.989429932093627	-6.7451929279765
SYT16	0.0110211665638715	1.79900875723821	0.0345858681624774	0.973075790133689	0.989429932093627	-6.42171837755726
RUNX1T1	-0.0197499960700611	3.57607444680382	-0.034503058651843	0.973140227100896	0.989429932093627	-6.6637811485856
RBBP7	0.00675378998807119	8.40708696947801	0.0344706108170615	0.9731654759475	0.989429932093627	-7.01885851749654
ENSG00000290199	0.0123481061439269	0.72451788564868	0.0344499600420994	0.973181545086678	0.989429932093627	-6.29724998623659
ZMIZ2	0.00759317778123414	6.07230985649767	0.0343997146272503	0.973220642972723	0.989429932093627	-6.9343593885124
TERF1P5	0.0197875336661175	3.89216360379334	0.0342433679762967	0.97334230277748	0.989511468262134	-6.71007709717143
LINC01106	0.0165995709752743	-0.192954585153049	0.034080344499043	0.973469158858689	0.989536064899533	-6.19642311243391
CHMP2B	0.00766800097933817	6.04667901267719	0.0340677317753615	0.973478973432581	0.989536064899533	-6.9329217599897
YPEL3-DT	0.0191253464295992	1.19856136559072	0.0340252857737583	0.973512002765373	0.989536064899533	-6.35086519159788
SEC31B	0.0214847148863355	1.66832470032686	0.0339747838478267	0.973551300879454	0.989536064899533	-6.40597131481522
PARD3	-0.00593538980911745	6.60558465347084	-0.0339049432204486	0.973605647541471	0.989536064899533	-6.96037922782217
ENSG00000285907	-0.0305838610089011	-1.83359050901928	-0.0338055308613468	0.97368300576539	0.989536064899533	-6.01487206192019
ENSG00000274723	0.0286432028883583	-4.10541510754977	0.0337640504913458	0.973715284006976	0.989536064899533	-5.79775461136364
ENSG00000292993	-0.017457776320359	0.204201460834639	-0.033749310414914	0.973726754113049	0.989536064899533	-6.23997694807826
ENSG00000288990	0.0203588150909151	-1.5572353816801	0.0337327492055772	0.973739641355446	0.989536064899533	-6.04430841167518
ASS1P3	-0.0295305693226609	-2.28760625104809	-0.0334647172718927	0.973948213723795	0.989701887443928	-5.96835986784141
ARHGAP35	-0.00974644633879329	7.10166467929927	-0.0334164784850828	0.97398575155164	0.989701887443928	-6.97962167995912
ENSG00000287374	-0.0251479924516924	-3.60838441625302	-0.0333017348500088	0.974075041518714	0.989750479625661	-5.84219342228243
ENSG00000253252	0.0611881507936833	-2.06197045251223	0.0331943924401406	0.974158572419094	0.989793216173969	-5.99120562330222
NSUN4	0.00601225629713031	4.63565648953872	0.0330951485336249	0.974235801578396	0.989806012021392	-6.80996925489862
HIRIP3	-0.00791363053086869	4.49205020045309	-0.0330418140186538	0.974277305297045	0.989806012021392	-6.79219819879256
OXGR1	-0.0145731163690727	-0.392320471458935	-0.0329510815082307	0.974347911478081	0.989806012021392	-6.17435340884463
RFLNB	-0.00861849036990492	5.44229006868229	-0.0329052566949787	0.97438357149718	0.989806012021392	-6.89163579545968
YY1	-0.00519029539110694	7.28723762427414	-0.0328916704883803	0.974394144042322	0.989806012021392	-6.98605416868197
PDCD2	0.010047827131423	6.3647761631627	0.0328584488126234	0.974419996583342	0.989806012021392	-6.94956706435554
KIAA1328P1	-0.0283695186096917	-4.0474931368238	-0.0327416049954379	0.974510922693354	0.989814692750961	-5.8028669201227
ZSWIM3	0.0115157142954656	2.029685129492	0.0326737200414392	0.974563749924133	0.989814692750961	-6.45019523271795
TAPBPL	-0.0157091969327421	-0.276771067726151	-0.0326398848691822	0.974590080084346	0.989814692750961	-6.18721215354007
ENSG00000288031	-0.0306167513974569	-3.45915038435051	-0.0325955237254346	0.97462460148856	0.989814692750961	-5.8559090115132
CCDC28B	0.0108402067571038	3.89208902043634	0.0324703399036642	0.974722018598313	0.989814692750961	-6.71013034515058
DCPS	0.00656739610138413	5.45051948776371	0.0324581208900706	0.974731527366216	0.989814692750961	-6.89231235710877
LDLR	0.0121251530783635	7.30963769861349	0.0323816753662797	0.97479101693833	0.989814692750961	-6.98682730094176
CCDC25	-0.00542477346716641	6.41244211081417	-0.0323437795751113	0.97482050733715	0.989814692750961	-6.95183351092505
GOLGA8UP	0.0303191877632019	-3.26827434626534	0.0323129062060312	0.97484453293605	0.989814692750961	-5.87365010267641
CYBRD1	0.00828718442028675	2.92651616059632	0.0322825446632787	0.974868160258304	0.989814692750961	-6.56941038494597
BTC	0.0371233924177732	-2.51928532963565	0.0321237804258	0.974991710842844	0.989814692750961	-5.94543932968084
COPS5	0.00754154436685806	5.45813391143484	0.0320825746424178	0.97502377736283	0.989814692750961	-6.89292617091636
NDUFV2P1	-0.00630750478424513	5.03365133103659	-0.0320780251569969	0.975027317795041	0.989814692750961	-6.85436777047933
ENSG00000288756	-0.0139717742184461	-0.472240959800336	-0.032077071815501	0.975028059690213	0.989814692750961	-6.16542208445209
TNPO2	0.00906613631811037	6.64811235466985	0.0320480765978166	0.975050623927089	0.989814692750961	-6.96224819340315
ACADVL	0.00861992839195835	6.93593602935989	0.0318341969727097	0.975217066929991	0.989941550545172	-6.97363005417514
H3C12	0.0234577792335284	-1.49798819340301	0.0317674341958854	0.975269022564485	0.989952186515823	-6.05077583077229
S100A1	0.0154186414374973	-1.22907362212459	0.0315393285529621	0.975446538162244	0.99009026649308	-6.08021284016652
FAM222B	-0.0106413317949476	7.27928024763078	-0.0314086597598657	0.975548227418248	0.990117927360143	-6.98583792692678
LOXL1-AS1	0.0109937500484159	3.41095002763286	0.0313795988339755	0.975570843316109	0.990117927360143	-6.63955717166746
ENSG00000303375	0.0249096447424209	-3.63482622920356	0.0313443891629685	0.975598244342753	0.990117927360143	-5.83984709613404
SSH1	-0.00624522156287899	5.36933025582321	-0.0311614887097401	0.975740582479517	0.990122021586191	-6.88560347522775
RNASEH1P2	0.0191020576805667	-2.23421224954769	0.0310908449805713	0.975795559601015	0.990122021586191	-5.97380070341079
HVCN1	-0.0099307113540088	3.48990952340746	-0.0310875013108695	0.975798161750843	0.990122021586191	-6.65125027257967
TMEM161B	0.00917055362885666	3.91517523610056	0.0310822599323427	0.975802240758474	0.990122021586191	-6.71350155096369
NUDCD1	-0.0121269752677495	6.55678506516146	-0.0310726706702017	0.975809703429438	0.990122021586191	-6.95838012406861
THAP7	0.00885133701256358	4.10320768280961	0.0309714448216748	0.975888480775988	0.990156517890494	-6.74019904774993
RNF170	-0.00796863700860762	4.69453971491104	-0.0308786807309861	0.975960673137184	0.990156517890494	-6.81714652520337
HMGA1P2	0.0281375941418185	4.26729974747948	0.0308690599838785	0.975968160362588	0.990156517890494	-6.76281644885509
ENSG00000289415	0.0229030147046405	-3.2020305288673	0.0306951420978171	0.976103510189601	0.990251741804608	-5.87991206745353
ENSG00000250734	0.0223100319978506	-4.43609307780562	0.030561649832084	0.976207399726775	0.99031504268623	-5.77484428618108
ZSCAN1	-0.0135759943318205	0.726477000495915	-0.0301660105175873	0.976515306322034	0.990585294797177	-6.29761469636554
ENSG00000228010	-0.0155140902693661	0.26476903072427	-0.0297328582570664	0.976852412019642	0.990885142491087	-6.24673016983624
ENSG00000274292	-0.0135231615706961	-1.9304740785636	-0.0295764413389711	0.976974146448811	0.990939614420859	-6.00487875933056
ERLIN2	0.00700196562098387	6.79101683967656	0.0295571620019838	0.976989151000847	0.990939614420859	-6.96813717173763
MYL5	0.0146447592604844	2.03393462652615	0.0293589913046123	0.977143382083105	0.990984369224025	-6.45083520081758
LPCAT1	-0.0071174984681921	8.30610185215268	-0.0293057790234767	0.977184795980905	0.990984369224025	-7.01641357348425
PACRGL	-0.00716459698772987	3.73709714366979	-0.0292921115903836	0.977195433042018	0.990984369224025	-6.68764606629373
AIF1L	-0.00967202328707373	7.83663684075779	-0.029287065644489	0.97719936019137	0.990984369224025	-7.00340774385178
ENSG00000291220	-0.00947280150580965	1.17674597972447	-0.0292262561134562	0.977246686969735	0.990990256539203	-6.34852220696529
TERF1P7	-0.0242664458003448	1.58602168895747	-0.029070032429112	0.977368272998614	0.99107144375485	-6.39631363318254
CD86	-0.0150252951523274	-1.08128214690664	-0.0288996575394038	0.977500873341993	0.99114890047255	-6.09675436574193
ENSG00000309423	-0.0161010923192839	0.255697192346577	-0.0288443873699765	0.977543889479657	0.99114890047255	-6.24576591400214
ENSG00000309627	-0.0255050873343281	-3.69527924777466	-0.0288118117222615	0.977569242767161	0.99114890047255	-5.83443337337227
NTSR1	-0.0250032642652382	0.61336083232131	-0.0286775821156293	0.977673712547914	0.99121271387711	-6.28510621124413
TTC39A-AS1	0.0252076240495076	-4.09316742538779	0.0281730623158415	0.978066380021338	0.991558753673085	-5.79899865997971
AVEN	0.00836004334639284	4.01069326304723	0.0281322864390548	0.978098116132125	0.991558753673085	-6.72731698988625
ENSG00000309751	0.0185386662197873	-2.42227704787516	0.0279359279907011	0.97825094365509	0.991653944757313	-5.95513600449734
MUC1	-0.0165715795640247	1.17346554661078	-0.027904874036686	0.978275113307535	0.991653944757313	-6.34818618944983
RABEPK	0.00630814031899618	4.78163913693642	0.0278361950043182	0.978328567076294	0.991666011654205	-6.82730843825186
WDTC1	0.00757372628041964	5.64796768710986	0.0277298103863768	0.978411367805625	0.991707823307294	-6.90752193328943
KCNAB3	0.0163999070071295	1.23516746846912	0.0275371142498427	0.978561346754696	0.991816346491969	-6.35529425761278
PRICKLE1	0.011505376267217	4.37814674595262	0.0274798741657761	0.978605897934029	0.991816346491969	-6.77774305689136
MIR3661	0.0210156485178645	-3.89042566624109	0.0273960421530548	0.978671146317876	0.991816346491969	-5.81693384318188
ENSG00000267248	-0.0116786312747723	0.547657105459533	-0.027378679831211	0.978684659832923	0.991816346491969	-6.27787846059083
EIF4A1P2	0.0109800183330724	3.75667931970454	0.0271631297765789	0.978852428239881	0.991835800300841	-6.6905837978542
FPGT	0.0106914708882919	2.33349771077352	0.0271241923039256	0.978882734437704	0.991835800300841	-6.48908225539297
ENSG00000304416	0.0179153594897665	-0.61496961404936	0.0271034172608808	0.978898904288524	0.991835800300841	-6.14946687329687
PNMT	0.0126502995120747	1.25090925217632	0.0270876829623661	0.978911150780499	0.991835800300841	-6.35712527156626
ENSG00000237529	0.0329427787327337	-3.21015937386778	0.0270341360276148	0.978952828061583	0.991835800300841	-5.87925577655184
PBX4	0.0127316491713847	0.569071900909296	0.0270336622914279	0.978953196785809	0.991835800300841	-6.28025500581101
LINC01918	0.0114398801767065	1.00631771810263	0.0267423911698964	0.979179903516221	0.992023378776706	-6.32915064950225
PAOX	-0.013442399335976	-1.31177105782115	-0.0266155233651416	0.979278649873025	0.992055372225226	-6.07124767075017
ENSG00000301639	0.0141396103611721	-0.643097938395733	0.0265882400148013	0.979299885658787	0.992055372225226	-6.14629379623361
ENSG00000260808	0.0225089855681082	-3.88070547227953	0.0265416088454598	0.979336180709706	0.992055372225226	-5.81782362977243
SUGT1P4-STRA6LP-CCDC180	-0.0236028133299215	-3.22366626052122	-0.0263379721190432	0.979494680536145	0.992147921864387	-5.87800676245209
ACVR1	-0.00682290986077305	4.65246803944108	-0.0262448991896233	0.979567123787328	0.992147921864387	-6.81221890548166
ENSG00000260121	-0.0180224545526992	-3.27750276179062	-0.0262327317025224	0.979576594356993	0.992147921864387	-5.87296755802667
MALSU1	-0.00924233617858405	4.70659299627037	-0.0261331051715393	0.97965413884184	0.992147921864387	-6.81871421566131
ENSG00000249574	0.0231198029989361	-1.93069125813719	0.0260484780554951	0.979720008679918	0.992147921864387	-6.00495741080961
UCP1	0.0219644327796404	-0.680040727777911	0.0260438562288777	0.979723606100863	0.992147921864387	-6.14212479747177
RAE1	0.00576015026729859	5.64535480231897	0.0260031280175779	0.979755307120276	0.992147921864387	-6.90738584873711
ANKRD20A1	0.0263929368466318	-3.92148281509188	0.0259752334935668	0.979777018992346	0.992147921864387	-5.81420684201556
BRCA1P1	-0.0132108515012797	-3.00489361153438	-0.0258912391070175	0.979842396637134	0.992147921864387	-5.89868764203194
ENSG00000276672	0.0102494671144233	1.13736330461473	0.0258901525137049	0.979843242396006	0.992147921864387	-6.34410678098673
ENSG00000229727	0.0146631194325255	-1.36148618559836	0.0257589141017319	0.979945393088741	0.992209260853936	-6.0658148696111
SATB2-AS1	-0.0256899868896643	-0.798484953215426	-0.0255592395986177	0.980100812404241	0.992285517848589	-6.12871514692591
DERL2	0.00611338505908599	4.91998933965	0.0254920477152763	0.980153112299903	0.992285517848589	-6.84273283216997
WDR48	0.00472272399000051	6.33189084427451	0.025462616816172	0.980176020350068	0.992285517848589	-6.94822994453986
NELFCD	0.00643494983050097	5.83548782370537	0.0254484979160265	0.980187010047276	0.992285517848589	-6.92039587643402
GABPAP	-0.00730795889455438	2.53997413839649	-0.0253899892055985	0.980232551389512	0.992289532341412	-6.51638869662002
ABCA2	0.00898350620273636	4.93870300007615	0.0253040303202504	0.980299459220253	0.992315174875298	-6.84469964479902
FGFBP3	0.00958964195003009	6.83042830669627	0.0250858058862415	0.980469319322685	0.992445024991497	-6.96981979416734
ENSG00000286585	-0.0174297450789187	-1.82834182543766	-0.024848318708633	0.980654174192608	0.992553081386131	-6.01569444443778
FTH1	-0.00849807110414069	9.87080992447342	-0.0248418035183805	0.980659245492368	0.992553081386131	-7.05170978112322
ENSG00000260634	0.0195543055824374	-3.62048823531448	0.0245867876044	0.98085774571871	0.992670479318866	-5.84134318753263
ENSG00000244480	0.0161571357921915	-3.39700167285554	0.0245859211533857	0.980858420152378	0.992670479318866	-5.86188879925907
HLA-B	-0.00792524512571546	5.30376579648556	-0.0244188847618415	0.980988439298455	0.992759967805979	-6.88013691869698
LINC02175	0.0175113057421755	0.0180224967864821	0.0243476958787994	0.981043852057849	0.992773950267741	-6.21989437817395
INTS8	0.00607730379975813	6.46885017448716	0.0241904902911909	0.981166219786994	0.992855684204875	-6.954691558467
LYPLA2P2	0.0107880669454179	2.55993579420989	0.0240985985090994	0.981237747943823	0.992878571651978	-6.51909724659551
FRRS1	0.00856280402905973	2.69693203295143	0.0240545454398026	0.981272038719858	0.992878571651978	-6.53768438798862
ENSG00000279689	-0.0262001523397782	-1.0668950647489	-0.023958585276212	0.981346733959233	0.992891652245465	-6.09849850450316
ENSG00000307788	0.0128700966571111	-2.42934192225769	0.0238679095058703	0.981417316008511	0.992891652245465	-5.95454474779973
RBM3	-0.0057200569314162	7.69076959447002	-0.0238552705854529	0.981427154161626	0.992891652245465	-6.9992237089459
ENSG00000302979	-0.0187927963525922	-3.52578352677771	-0.0238220226454178	0.98145303441963	0.992891652245465	-5.85002678638682
ENSG00000300192	0.0133883774645334	-2.69029566968974	0.023770716160275	0.981492971526679	0.992891652245465	-5.92897744058585
PITRM1	0.00526796530486973	5.85228817903125	0.0236457583820172	0.981590239223302	0.992941052823471	-6.92152601676614
TPPP	-0.0083545758096526	1.99961825402642	-0.0236010876989059	0.98162501116059	0.992941052823471	-6.44672401670098
LINC02656	0.0261753480547715	-3.47235935189797	0.023544924580057	0.981668728938356	0.992943191794022	-5.85494738983754
ENSG00000279822	0.0206660653506052	-3.07456540918426	0.0234818993692182	0.981717788293697	0.992950733279894	-5.89213329094255
ENSG00000217455	-0.0145772664850783	-1.81860901932777	-0.0232363008836411	0.981908964983424	0.993067260365929	-6.01675653220218
SENP5	-0.00485167398297381	5.26930256822941	-0.0232269884542024	0.981916213909397	0.993067260365929	-6.8771502600116
LINC03124	-0.00762295191727835	2.22259250278322	-0.0231415080620796	0.981982753128478	0.993076212651121	-6.47486799309678
APRG1	0.00999851351150438	-1.27690870122341	0.0230272448497188	0.982071697552019	0.993076212651121	-6.07518554153494
WHAMM	0.00673639295926076	2.54382029727676	0.0228680552010941	0.982195613903941	0.993076212651121	-6.51696902012544
ZMYM3	0.00468759305129129	7.35418566573113	0.0228193528181138	0.982233524895352	0.993076212651121	-6.98859957657768
SNORD6	-0.0132388461128437	-3.08166504070376	-0.0227513847083203	0.982286432823737	0.993076212651121	-5.89147795463522
ENSG00000275902	-0.0119085427034886	-1.96930190295666	-0.0226666014409526	0.982352430180527	0.993076212651121	-6.00103310909118
B4GALT6	-0.0073239621016663	4.83004038080763	-0.0226481944536637	0.982366758645404	0.993076212651121	-6.83291931476512
HTR1B	0.00960208752927177	0.319022159277499	0.0226369018853499	0.982375549069695	0.993076212651121	-6.25286473562409
ENSG00000290048	-0.0119628152958837	-1.38420907243115	-0.0225705149434564	0.98242722641476	0.993076212651121	-6.06341017213296
GAREM2	-0.00548221243261526	4.92281455455715	-0.0225414259330835	0.982449870093815	0.993076212651121	-6.84310777665183
SMIM8	0.0054963451861787	3.30054487720854	0.0224938780387634	0.98248688270667	0.993076212651121	-6.62361155962277
MESTIT1	-0.00992527081593653	-1.17497567685419	-0.0224909467647007	0.982489164493935	0.993076212651121	-6.08645918221975
ACACB	-0.00793840825998338	4.38681111806777	-0.0224296103366958	0.982536910555279	0.993076212651121	-6.77901064753592
ENSG00000254370	-0.0163463177863039	-3.58582438855249	-0.0224145876993297	0.982548604624583	0.993076212651121	-5.8445595697314
OCIAD1	0.00355638841258443	7.17982267056189	0.0224138266718581	0.982549197031196	0.993076212651121	-6.98270874918061
ZSWIM7	-0.0051637926980197	4.26496406121545	-0.0222353852166509	0.982688101518243	0.993103433745523	-6.76274810075682
MLH3	0.00549517687657808	4.43169341126132	0.0222350441451817	0.982688367019671	0.993103433745523	-6.78478012765357
OPA3	0.00489696754219882	4.77018793266446	0.0222188677552965	0.982700959264591	0.993103433745523	-6.82615908976993
PCNPP1	0.0134495407066177	-2.00597832165326	0.0221617176664207	0.982745446852032	0.993106341773962	-5.99726629575203
ENSG00000277715	-0.0105069541472004	-0.538849975634021	-0.0220786309930858	0.982810124475822	0.993115459220712	-6.15821071128503
TESHL	0.0211033027142937	-3.41276633555115	0.0220432196288984	0.982837689981699	0.993115459220712	-5.86048804847477
RPS7P1	-0.0051023810102766	8.50838213966642	-0.021933317207879	0.982923242211111	0.993159858678828	-7.02180848913283
CRNDE	-0.0146627517068589	2.69973322345435	-0.0215186807036932	0.983246013083348	0.993383962144169	-6.53813027216498
ENSG00000228137	0.011368111395855	-1.51435383273027	0.021469773504027	0.983284084758782	0.993383962144169	-6.0492882258685
H1-10-AS1	0.0103764078597575	2.68471109457285	0.0214534232937095	0.983296812544949	0.993383962144169	-6.53607695792047
ENSG00000296694	-0.0289218666855069	-2.83357364465642	-0.02143452688176	0.983311522422424	0.993383962144169	-5.91518458505199
GATM	0.00549566342118357	4.71767270875429	0.0212903730905529	0.983423738893543	0.993455277074925	-6.82014437891354
C12orf42	0.0133062910102075	-2.07428180884813	0.021194469236572	0.983498395426563	0.993470078834442	-5.99028129420811
DHRS4L2	-0.00601662253946245	3.08945494417713	-0.0211646070818791	0.983521641710319	0.993470078834442	-6.59299019380599
FAM107B	0.00593592852518476	5.39662246975236	0.0209652090152172	0.98367686414479	0.993582656162311	-6.8882189406235
ENSG00000248165	0.0200600109806004	-3.77365619345378	0.0209144836681566	0.983716351661935	0.993582656162311	-5.82755226344648
LAMB1	0.00586736183034819	7.29524957857649	0.0205756607885851	0.983980111982879	0.99376617237985	-6.98668258435485
ARMH1	0.0161508585702737	-2.07665382543518	0.0205334831247184	0.984012945781677	0.99376617237985	-5.99005274328199
USP12P1	-0.0142131460093289	-3.13479101229038	-0.0205206209163309	0.984022958555872	0.99376617237985	-5.88650540736578
ENSG00000288988	0.0148499620360147	-2.52054173715427	0.020462316897982	0.984068346207854	0.993769959335823	-5.94562994416102
EPS15L1	0.00421253483543715	5.5033712557031	0.0203875334900367	0.984126562578904	0.993786700616488	-6.89683168056075
FAM13B-AS1	0.0137400939294103	-2.53620854949728	0.0202403033112301	0.98424117661193	0.993848629029189	-5.94409697001715
NFRKB	-0.00519070856358006	5.4263748388862	-0.020201773058533	0.984271171255832	0.993848629029189	-6.89069608439662
DIAPH2	-0.00509693352871299	5.88767490830057	-0.0200984183041713	0.984351629952768	0.993858692692898	-6.92384550259432
CYP51A1P1	-0.0101199373402349	0.298515103859395	-0.0200771571699709	0.984368181155648	0.993858692692898	-6.25067837181354
ATP1A1-AS1	0.00739572076997552	1.04688248782344	0.0200284959861007	0.984406062565891	0.993858692692898	-6.33392641751156
XPOTP1	0.0101483042356216	1.36480566719762	0.0199517667715136	0.984465794258155	0.993876955778494	-6.37051760543495
RAD21-AS1	0.0116148519597843	-2.21659071426193	0.0198238957653113	0.984565338724129	0.993935408989459	-5.97586940937888
AGFG1	-0.00398214988684931	6.82057271900568	-0.019638408615012	0.984709736447779	0.994027153894432	-6.96956670521398
ENSG00000300533	0.0166370169067509	-3.99777547271589	0.019600155257312	0.984739515929105	0.994027153894432	-5.80759214208454
ENSG00000228818	-0.00436491911541204	4.18941223586331	-0.0193735828920937	0.984915898528859	0.994113975757513	-6.75254721462564
ENSG00000302753	0.00821790609019102	1.76116003108496	0.0193581823656918	0.984927887598649	0.994113975757513	-6.41756250900668
TLR4	0.0221842561515817	0.310672237212241	0.0192875798916819	0.98498285057452	0.994113975757513	-6.25202478931176
GABRD	-0.0123216177633674	1.2302897962455	-0.0192290683171614	0.985028401027254	0.994113975757513	-6.35493840458607
BICDL1	0.0076254304269523	3.92111003775614	0.0192069791689706	0.985045597138713	0.994113975757513	-6.71467993737974
ENSG00000271833	-0.0119486310753077	0.0294370323796575	-0.0191686447386204	0.985075440007759	0.994113975757513	-6.22126250128423
ENSG00000303319	-0.00942236676751018	-2.12946846727532	-0.0189603365559173	0.98523760571219	0.994188357247735	-5.98468967687717
WAPL	-0.00331861169733383	6.84003404695045	-0.0189426044958384	0.985251409964925	0.994188357247735	-6.97034213059779
USP38	0.00392466655099533	4.32036328048719	0.0189134438495101	0.985274111282552	0.994188357247735	-6.77029623849645
BTBD10P1	0.0202080521856396	-2.68155640431067	0.0188257581523019	0.985342373942212	0.994215204146393	-5.92993345512176
ENSG00000308327	0.01304717948753	-2.56401644070092	0.0186415805915297	0.98548575519829	0.994285067464852	-5.94140356286411
ENSG00000274363	0.0137175372687377	-2.94424220253081	0.0185683662811981	0.985542752301714	0.994285067464852	-5.90463493144782
CACNA2D1	-0.00777917138732853	4.86758063062774	-0.0185009222547713	0.985595257333086	0.994285067464852	-6.83721890671969
SDAD1P2	-0.0103841083350265	-1.60385600582119	-0.0184894432728019	0.985604193703346	0.994285067464852	-6.0397112288896
ENSG00000231536	-0.0110983541106142	-3.41050855950897	-0.0184692542869055	0.985619910803659	0.994285067464852	-5.86077029846641
GOLGA8B	-0.0106040415188646	3.09340746990723	-0.0181800914008898	0.985845024451919	0.994469440850115	-6.59362352859669
DOLK	-0.00479974426695318	4.51454115601233	-0.0181274427284733	0.985886011645979	0.994469440850115	-6.79549107157141
SERTAD4-AS1	0.0121660091013014	-1.70160882020816	0.0179986066839566	0.985986311183233	0.994528581227716	-6.02925986310838
ZNF641	-0.00439618027794886	3.43742515323366	-0.0179261485072796	0.986042720366591	0.994543447871759	-6.64383277368152
SLC26A7	-0.0150688146504057	-3.66407823582335	-0.0178047550402242	0.986137226186428	0.994590808351142	-5.83752169358887
ZNF770	-0.00653254082294374	7.59240911980042	-0.0177587770735617	0.986173020473028	0.994590808351142	-6.99633673287077
HJURP	0.0028666516215452	6.59918707929582	0.0176830570638469	0.98623196929437	0.994608231688867	-6.96055962675659
CCT8	-0.00317228410041537	8.87811419364183	-0.0175692446938528	0.98632057358039	0.994655559624928	-7.03082838688545
SETD1B	0.00648665416320426	4.38382242164459	0.0173752951316985	0.986471566072719	0.9947540955076	-6.77872946602798
RFXAP	-0.00440240803787306	3.48626801647394	-0.017318056997599	0.986516126881138	0.9947540955076	-6.65107334222838
ENSG00000293711	0.0122833359094741	-3.14338671101251	0.0172434346060503	0.986574221686503	0.9947540955076	-5.88575741243167
TNFAIP8	0.00341739579353728	4.68544003925019	0.0172295899584675	0.986584999989961	0.9947540955076	-6.81641752615633
AP4B1	0.00594266642420127	3.43884997035845	0.0171503389850645	0.986646698331265	0.994774279700588	-6.6440585342273
COLCA1	0.00815411530782523	-0.0469779033166669	0.0170648319050065	0.986713267269968	0.994799372700221	-6.21291779397681
PBXIP1	-0.00743438995042567	5.12919451536709	-0.0168993630744961	0.986842088301882	0.994887223177368	-6.86418856964766
LYPLAL1-DT	-0.0105033592998769	-2.38570986291932	-0.0168146472465395	0.986908041543402	0.994911688596257	-5.95901581650582
ENSG00000308292	0.0138986053886629	-2.40028012033666	0.0164996184518973	0.987153299684462	0.995116903343853	-5.9575760766104
FUT8-AS1	-0.0068539007594518	0.597190587583083	-0.0163996311004377	0.987231142741781	0.995153342223174	-6.28361100317599
ENSG00000261839	0.0141186121792987	-3.78255303798103	0.0161302085526251	0.987440896715906	0.99532274186665	-5.82684032398198
LPAR1	-0.00790471258506464	2.52690385251109	-0.0159738493621685	0.987562627750591	0.995375268978588	-6.51484901866061
PHOSPHO2	0.00481182000542546	1.76885175392249	0.0159561362495202	0.98757641804219	0.995375268978588	-6.41855958391615
ENSG00000276166	-0.0124356867888844	-3.46833909230835	-0.015902249476132	0.987618370848495	0.995375518645371	-5.85547019428114
GRM5	0.00862235926941013	-2.07772104244426	0.0157599867195325	0.987729127750349	0.995445109873219	-5.99003278417782
ENSG00000293044	-0.00690083824180854	-1.21747319156547	-0.0154197528942333	0.987994013669333	0.995656514068148	-6.08188898289609
FAM86B3P	0.00597675969943934	3.3658935605049	0.0153833857983969	0.988022327028534	0.995656514068148	-6.63332468292359
ENSG00000268583	0.00930385168862147	-3.23168461012612	0.0152781357445936	0.988104268851732	0.9956970481184	-5.87748782381713
APOBEC3H	0.00882054039888613	-1.11173482310637	0.0150673744130719	0.988268356306341	0.995712796970938	-6.09365755121247
LARS1	-0.0028661664004126	8.67785057914012	-0.0150649593244409	0.988270236567987	0.995712796970938	-7.02612245746649
LINC02352	0.00898262986135157	-0.216649429168781	0.0149780672955874	0.988337886205136	0.995712796970938	-6.19430418697544
BTG1	0.00456256888284834	4.9973581632741	0.0149620356302967	0.988350367640697	0.995712796970938	-6.8510511342219
GABPB1-AS1	0.0093878500269593	4.44781915648736	0.0149520748518998	0.988358122595532	0.995712796970938	-6.78699871436325
ENSG00000287200	-0.00727558801739438	0.0541584355063385	-0.0149365454835082	0.988370212973499	0.995712796970938	-6.22404743142704
RRP36	0.00344430171703358	5.82403874672101	0.0148798986101214	0.988414315379827	0.995715197753264	-6.91989052479193
ENSG00000289349	-0.00926384145821646	-1.55241177902484	-0.0148209476193508	0.988460211699385	0.995719227248157	-6.04530462877242
ENSG00000289174	0.011434017227141	-3.24388824204821	0.0147180480627381	0.988540324299409	0.995719227248157	-5.87635234043216
SAMHD1	0.00526963904426836	6.12166611070786	0.0146856746336638	0.988565528707465	0.995719227248157	-6.9376293162455
ENSG00000261997	-0.0122229858077905	-4.34187119929951	-0.0146604167299021	0.988585193315973	0.995719227248157	-5.78054047438545
TRHDE	0.0133661360284776	1.36103634825205	0.0145303134500475	0.988686485698705	0.995779227504368	-6.37017784088831
PTPRG-AS1	0.00383880752952592	2.11346493821322	0.0142507725041511	0.988904124029614	0.995884655756183	-6.46117759740076
CLN3	0.00918770979659156	-2.41247825197963	0.0142452335637329	0.988908436415583	0.995884655756183	-5.95640260372847
BMPR1AP2	0.00470505806811783	2.71601025080482	0.0142350790555182	0.988916342289418	0.995884655756183	-6.54050609865962
ENSG00000258593	-0.013429848934245	-3.40276023772923	-0.0140565117614119	0.989055367492986	0.995982636005025	-5.8615606628727
SNHG3	0.00389315917448396	5.28504699952225	0.0139607089856327	0.989129955780398	0.996015722496446	-6.87871880932021
LCA5L	-0.00606302728558716	-0.375586340443026	-0.0136772280088531	0.989350663599959	0.996120462939496	-6.17669387092436
ENSG00000273473	-0.00749670540309166	-3.12861327477947	-0.0136506543051402	0.989371352952761	0.996120462939496	-5.88720753600352
SBF2-AS1	-0.00487692874532919	1.6562207931633	-0.0136276326628501	0.989389276801901	0.996120462939496	-6.40504008708322
MRPL52	-0.00264980503123713	4.80869111785285	-0.0136126813817053	0.989400917352148	0.996120462939496	-6.83070150329878
LINC02582	-0.0218646578567179	-0.481466911299711	-0.0133531800137615	0.989602956551369	0.996269970731425	-6.16482975470123
ENSG00000309666	0.0121435452582186	-3.75699685959811	0.0132941136313349	0.989648943794922	0.996269970731425	-5.82918424122363
ACO2	-0.00294837865169928	7.01607585707886	-0.0132611036895001	0.9896746443236	0.996269970731425	-6.97706169284099
LIPJ	-0.0109284174048514	-4.31087387155475	-0.0130799661427527	0.9898156726831	0.996291174337606	-5.78232686099865
ENSG00000290051	-0.0106780377658802	-3.1260401330217	-0.0130250179274545	0.989858453818083	0.996291174337606	-5.88745891035331
ENSG00000261067	-0.0146364068308431	-2.99569960980249	-0.0130000644616341	0.989877881895848	0.996291174337606	-5.89981758705897
ENSG00000305502	-0.00971565712177735	-3.78006902654893	-0.0129459976792042	0.989919976819773	0.996291174337606	-5.82711039779327
ENSG00000266306	0.00985203239020649	-2.57176104642602	0.012935907076207	0.989927833091967	0.996291174337606	-5.94073755419772
LINC02538	-0.0131118248766335	-3.7501011964723	-0.0129123572920126	0.989946168325149	0.996291174337606	-5.82981106976859
ENSG00000309093	0.0104893822973136	-3.25596684299732	0.0127744765420442	0.990053518718046	0.996330344788874	-5.87524804075516
TXNDC9	0.00356580004900575	5.08399332104551	0.0127551324851691	0.990068579518068	0.996330344788874	-6.85988606707998
ENSG00000264112	-0.00686668934904056	2.5800031274212	-0.0126724190171936	0.990132978206355	0.996353140688552	-6.52201644346943
SLC9A1	-0.00292256507774447	5.33766794097447	-0.012467578616475	0.990292462263032	0.996471613340857	-6.88333316236976
PLCH2	0.0111727777851549	-0.492031228127059	0.0123503726596453	0.990383716345179	0.996480555455748	-6.16365433722775
ENSG00000290689	-0.00463713951772626	1.10113831973426	-0.0123489143970917	0.990384851718515	0.996480555455748	-6.34024160580142
TRIP13	-0.00316465506088104	5.94196492810799	-0.0122421936025983	0.990467942402555	0.996517271406912	-6.92734732544007
RPL22P3	-0.0093420405559399	1.01410852184312	-0.0121947912894729	0.990504848937285	0.996517271406912	-6.33033583031945
ENSG00000228172	0.00843479883823406	-2.66093211160478	0.0120912260940282	0.990585482899785	0.996556386796879	-5.93204411857951
C11orf71	-0.0038904597145355	3.27283500547527	-0.011812776148315	0.99080227946966	0.99672224876862	-6.61975097056186
ENSG00000284677	-0.00865426594206209	-4.49002939193564	-0.0117491609913044	0.990851809300131	0.99672224876862	-5.77220925807542
POU6F1	0.00322160967677121	3.12557592535478	0.011718558881092	0.990875635669881	0.99672224876862	-6.59837867411566
CDK7	-0.0038523295557491	5.73796912049761	-0.0116186632434099	0.990953413064228	0.996727419030161	-6.91420671673213
ENSG00000276136	0.010205462267002	-3.71971987932376	0.0116046814842296	0.990964299081019	0.996727419030161	-5.83257143696871
NBAS	-0.0032406773578284	5.74047608826837	-0.0115354630447158	0.991018191690937	0.996739619936266	-6.91438132089223
ANP32B	-0.00569842241368868	7.27449205982248	-0.0114811261568056	0.991060497744306	0.996740166856153	-6.98614177523298
GMCL1	-0.00221409340060497	5.3075835113047	-0.0113151223024415	0.991189746545857	0.99682815105385	-6.88072512324866
MTERF3	-0.00285439006323074	4.7957880436326	-0.0112043076073111	0.991276025814847	0.996872915692198	-6.82927053541757
FAM110C	0.00345387263366082	1.89659961630105	0.0111348832779761	0.991330078998188	0.996885269884965	-6.4342003902301
RWDD4P2	-0.00287364600383677	3.2460456786493	-0.0109319558009378	0.991488076841479	0.996985545361838	-6.61584516111962
FABP5P1	0.00610124131105505	1.72375355719441	0.0108117719410629	0.991581651294009	0.996985545361838	-6.41317837292602
DDN-AS1	0.00645949644177069	0.87572121019712	0.0107948518995758	0.991594825150406	0.996985545361838	-6.31471897211346
ENSG00000287100	-0.0075294360229119	-3.2460226040152	-0.0107922051437172	0.991596885901006	0.996985545361838	-5.87620308654639
UBE2E4P	0.00426312826665454	2.59126438830708	0.0106977860612611	0.991670400158748	0.997017458215967	-6.52356012636285
NPEPPS	-0.00185365272565363	7.01588786193864	-0.0104783782637686	0.991841230361321	0.997147204929808	-6.97709074000313
ENSG00000309646	0.00866524028734617	-3.83921879038868	0.0103737054327922	0.991922728441951	0.997182102321478	-5.82183056369288
ENSG00000277287	-0.00503661080090642	0.0792745528751513	-0.0103264729033417	0.991959503637513	0.997182102321478	-6.22685736460582
LARP4	0.00227589619534552	6.40784214422006	0.0100196016753727	0.992198433714156	0.997306481882724	-6.95213321110292
ENSG00000291130	0.00314124405240213	3.65008275024948	0.00996433632079835	0.992241463430595	0.997306481882724	-6.67531118260713
ENSG00000254419	-0.0104637854748635	-3.2686662766537	-0.00991367467106393	0.992280908716025	0.997306481882724	-5.87409236675858
CYC1	0.00296849947804034	7.16975061885152	0.00978394388881588	0.992381917521925	0.997306481882724	-6.98257948152461
NCBP2	0.00203279658481748	7.06367194360435	0.00976633491694125	0.992395627935168	0.997306481882724	-6.97882042980094
ENSG00000285976	-0.0065786467440212	-2.36227962012308	-0.00974793680354923	0.992409952779797	0.997306481882724	-5.96143859834829
ENSG00000254910	0.00624093609029552	0.961855689243876	0.00970225370521742	0.99244552183495	0.997306481882724	-6.32444538363099
DST	-0.00377033335151733	5.95878935396256	-0.00968934621572538	0.992455571664445	0.997306481882724	-6.92839668514303
ENSG00000267405	-0.0071418800239238	-2.52172723079198	-0.00957336908809823	0.992545872040423	0.997306481882724	-5.94568100460221
ELOVL1	0.00340057089769186	4.99213113473726	0.00953814076016771	0.99257330101592	0.997306481882724	-6.85058323970726
ALG14	0.00408662138031257	1.76684769791126	0.00948115259846351	0.992617672342546	0.997306481882724	-6.41840453115389
ENSG00000233571	-0.0072430675742079	-3.26385201203667	-0.00946850458586293	0.992627520165062	0.997306481882724	-5.87454718814076
AKR7A3	-0.00414322831151215	-1.34749689632015	-0.00940967146467649	0.992673328021891	0.997306481882724	-6.0676455811619
ENSG00000275645	0.00499044153014072	-1.1728482419131	0.00938423528840093	0.99269313280541	0.997306481882724	-6.08691303305129
RMI2	-0.00243788927569977	6.20944911026369	-0.00936254400800534	0.992710021791087	0.997306481882724	-6.94236342242049
NUP210	0.00351686832240095	7.66431704463119	0.00927889161570439	0.992775154175748	0.997329935378086	-6.99867990276125
C11orf65	0.00383269442057738	-0.404642311453603	0.00914115051557422	0.992882400557674	0.997395692331748	-6.17350404898699
SH3BGRL2	-0.00222059032090893	5.30258711014602	-0.00904110292870628	0.992960298545428	0.99740066077311	-6.88031335129474
MLX	-0.00220516141443738	5.45742944149108	-0.00902745313308535	0.9929709264101	0.99740066077311	-6.89338555887898
RMDN3	0.00193466814021015	4.92214342235306	0.0089444360671559	0.993035564342286	0.997423609719608	-6.84326989843017
ENSG00000270108	-0.00464202516866785	-1.93560090611616	-0.00876469002751091	0.993175516617463	0.997506074621932	-6.0047565388572
LINC00240	-0.00397818348392728	0.023144366298616	-0.00856619498678377	0.993330067355438	0.997506074621932	-6.22072886237678
RAB39A	-0.00204336781620551	3.00652537613984	-0.00856556225731024	0.993330560007038	0.997506074621932	-6.58129473525207
TATDN1P1	0.00224722184954418	2.37938629558804	0.00853278862072819	0.993356078001214	0.997506074621932	-6.49542098483726
TMEM44-AS1	-0.00312494993788359	0.466539087203104	-0.00847280944647473	0.993402778613143	0.997506074621932	-6.26928731925348
RPS4XP14	0.017577105335377	-2.00062192563615	0.00846239012304309	0.993410891244666	0.997506074621932	-5.99803344322382
COX15	0.00179403421217117	5.23088077709293	0.00845655741656995	0.993415432672166	0.997506074621932	-6.87391475029329
UACA	-0.00298829640264042	5.60556364427275	-0.0084095653605809	0.9934520213585	0.997506074621932	-6.90483290532626
FAM167A	0.00589852411610647	1.8898724415114	0.00832077894292251	0.993521151775347	0.997533521072829	-6.43340347663789
ENSG00000304583	-0.00483954172176715	-0.694724360956935	-0.00812363695692096	0.993674649638533	0.997581718831663	-6.14078557254676
COTL1	-0.0023689840136436	7.61094464858678	-0.00802650327723446	0.993750279554932	0.997581718831663	-6.99704871640471
OTUD1	-0.00242741797135748	2.60896685729041	-0.0079415582636752	0.993816419224002	0.997581718831663	-6.52598156524289
PFDN5	-0.0044358819481809	0.785320510326243	-0.00787405437601187	0.993868978963215	0.997581718831663	-6.3046206995372
GAL3ST4	-0.00257842798025276	3.05851522444132	-0.00784289445093192	0.993893240650834	0.997581718831663	-6.58874209352607
WRN	-0.00156420732916462	5.65935226810265	-0.0078242885973363	0.993907727511872	0.997581718831663	-6.90871941508446
C4orf36	0.00306717480528951	1.68780961161171	0.00776986577178127	0.99395010214166	0.997581718831663	-6.40889023476886
BICC1	0.00350027356837085	0.376180068145288	0.00775549734294852	0.993961289672354	0.997581718831663	-6.25936879455817
ANAPC10	-0.00237016780598953	2.91426481803016	-0.00773054522543468	0.993980717866662	0.997581718831663	-6.56820915588101
ENSG00000224132	0.00563524939497917	-3.25146346918989	0.00771693954891625	0.993991311507471	0.997581718831663	-5.87572224537894
ORC4	0.00125342126217287	6.00785589847497	0.00765332303955784	0.994040844558527	0.997581718831663	-6.931289673979
ENSG00000264808	0.00405457297610012	-1.70136042108052	0.00758470268343005	0.994094273731639	0.997581718831663	-6.02942423401399
ENSG00000280142	0.00557273333442176	1.23520075572195	0.00756126395671633	0.994112523597112	0.997581718831663	-6.35567154803225
FLT4	-0.00272339208859673	4.37068193423193	-0.00731470275307088	0.994304501337414	0.99769057811373	-6.77714940008729
ENSG00000291185	0.00375794151854647	0.938765069779177	0.00731456512499055	0.99430460849764	0.99769057811373	-6.32185767444233
SMU1P1	0.00328299377139407	1.14019991538318	0.00719210377180755	0.994399959625742	0.997744307242931	-6.34476074308669
FBLL1	-0.00245435632731716	2.27967391548026	-0.00682481964341887	0.994685935748051	0.99798928991503	-6.48246697144156
LAPTM4B	0.00252001851283623	9.13115845774881	0.00669143770257897	0.994789790283647	0.998051533259061	-7.03671425096031
FAM27C	0.0038849166264272	-1.16846310816631	0.00655981778125705	0.994892272966263	0.998085145877381	-6.0874233749014
LAMA2	-0.00310892841479404	2.7645010171061	-0.00644541210547868	0.994981352270049	0.998085145877381	-6.54727659173283
FGF11	-0.00491629651671377	-0.399438228239164	-0.00641997251969046	0.9950011602184	0.998085145877381	-6.17410773203211
SNRNP70	0.0015495636533478	7.79224457643478	0.0063567257030433	0.995050405912836	0.998085145877381	-7.0025439478228
SPAG16	-0.00145484581481492	3.63589831631156	-0.00633557953315537	0.995066870901642	0.998085145877381	-6.67324897946399
NR1D1	0.00198848401592944	2.9112639777187	0.00632616051593559	0.99507420480799	0.998085145877381	-6.56779627376511
EEF1AKMT1	-0.00198166344381701	2.02927114849781	-0.00617561343600564	0.995191424977372	0.998160772395989	-6.45069482803231
PDE8A	0.00197462624351408	3.19873379010665	0.00610164666440422	0.995249017619659	0.99817658963434	-6.60900389195869
TNFRSF8	0.00276434831050398	5.10646466251653	0.00596813991183099	0.995352969864737	0.998238899561378	-6.86214159426304
ERCC6L2-AS1	-0.00243568564049523	0.920419509189925	-0.00583909699057892	0.995453446527208	0.998253271561883	-6.31979733571029
DENND4B	0.00179899313204768	6.18588086610222	0.00579437172809416	0.995488270968361	0.998253271561883	-6.94115442352746
PTPRE	-0.0026958053690691	0.779249481486444	-0.00578858418354296	0.995492777326198	0.998253271561883	-6.3039582144215
ABHD17C	0.00133580372569053	5.05305416123641	0.00566812770282325	0.995586568435255	0.998298341790261	-6.85687752276853
ENSG00000288917	-0.00326438024616271	-1.14960748471875	-0.0056234215454594	0.995621378038027	0.998298341790261	-6.08952953927619
CDK7P1	-0.0037793119334455	-1.27549408243543	-0.00542727759692261	0.995774101921434	0.99840430925195	-6.07560302575416
ENSG00000279684	0.0045357649183555	-2.15016141133445	0.00534066436711919	0.995841541779385	0.99840430925195	-5.98276118975277
ITCH	-0.00104675002355048	4.44171049129024	-0.00532651704986846	0.99585255734076	0.99840430925195	-6.78631942456668
GNRHR2	0.0028345571621794	0.733638852254405	0.00520687841713135	0.995945711907848	0.998424317027705	-6.29887977057047
EME1	-0.00153569405821496	4.26112827850497	-0.00516322009921904	0.995979705723383	0.998424317027705	-6.76248149326068
ENSG00000261457	0.00352040504989004	-2.24186490081496	0.00507760116746309	0.996046371490071	0.998424317027705	-5.97351466248074
ZNF407-AS1	-0.00121053327162768	3.08296648215544	-0.00507187423247008	0.996050830674529	0.998424317027705	-6.59228223565758
ENSG00000287883	-0.00302374439205999	1.57120997778101	-0.00485713058226335	0.996218037413957	0.998424317027705	-6.39499001319381
MCPH1	-0.00109726635559415	4.96201880681783	-0.00484931140400388	0.996224125696834	0.998424317027705	-6.84747825269921
SSH2	0.00107895973927619	4.48065037483492	0.00484135052466312	0.996230324313339	0.998424317027705	-6.79131531890575
ENSG00000197813	-0.00314336223775813	-1.01608732188078	-0.00479753102165478	0.996264443701443	0.998424317027705	-6.10447108716766
PLCE1	-0.00360652356048208	-0.874427965817798	-0.00478381306943472	0.996275124977466	0.998424317027705	-6.12045415205714
TUBA3D	-0.00522114366121018	-2.96963129216928	-0.00476362726716646	0.996290842348507	0.998424317027705	-5.90237570529681
KLHL29	-0.00105308957781736	3.29190860346842	-0.00454994339962143	0.99645722417535	0.998536818745463	-6.62260997921582
MAP4K4	0.00115609917257764	7.88829180947594	0.00451198651471403	0.996486778768988	0.998536818745463	-7.00536931052824
KDM5A	-0.00137989540437289	5.38905657568175	-0.00445060379423785	0.99653457357117	0.998542788002146	-6.88781154652259
TRABD2A	0.00160225763369537	3.43865864357588	0.00426709385393299	0.996677461120408	0.998644037135214	-6.64417912720005
ENSG00000232732	-0.0021134808039911	-1.84860395519341	-0.00415025308242392	0.996768437681515	0.998683260555704	-6.01387910617426
ENSG00000291147	0.00182236071185804	-0.1473147874266	0.00396218599647035	0.996914873795662	0.998683260555704	-6.20204866690685
CNIH1	-0.00126111866622392	6.51944370456687	-0.00392995035914681	0.996939973688789	0.998683260555704	-6.9572641499255
SEPTIN1	-0.00182401297266768	0.296941016834688	-0.00392015914039252	0.996947597504759	0.998683260555704	-6.25071131601219
SNORC	0.00214075547140402	-0.393365087069368	0.00389488295204945	0.996967278509515	0.998683260555704	-6.17479953829502
SREBF2	-0.00115373757648207	8.90410465669931	-0.0038943809107709	0.996967669418034	0.998683260555704	-7.03159363129495
ENSG00000254718	0.00179025002474109	-2.57411257210736	0.00373804575650977	0.997089397981713	0.998763279541258	-5.94058584215097
ENSG00000293372	-0.0035410153120643	-2.79072969950015	-0.00344386961832981	0.997318455045894	0.998950795978696	-5.9195404295114
MAST2	-0.000689961604347644	5.93847765277798	-0.00314457878457526	0.9975514948737	0.998989776661596	-6.92721120548312
ARID3C	0.0022194332147365	-1.97964194686411	0.00313493405914307	0.997559004647257	0.998989776661596	-6.00022503912754
ENSG00000248994	0.00127796176759837	0.163733926795992	0.00312165505599133	0.997569344216938	0.998989776661596	-6.23615102751393
CEP250	0.00110388851000476	5.16597672220771	0.00310609184818527	0.997581462361478	0.998989776661596	-6.86785812187911
SSBP3P6	-0.00084551631333607	3.37250536357641	-0.00307419826492912	0.997606296000392	0.998989776661596	-6.63441906343596
LINC01562	-0.00246387231763334	-3.63633316814146	-0.0030713532997149	0.997608511205953	0.998989776661596	-5.84019972310231
EPHA4	-0.001719898636102	5.27503137143331	-0.00298826206391382	0.997673209429037	0.999012649022145	-6.87794494093671
IPP	-0.000854517297879998	2.92056049429637	-0.00286700848213653	0.997767622441747	0.999046421203241	-6.56912572804139
ENSG00000300031	-0.00227548787103227	-1.89310383851075	-0.00283742914282985	0.99779065413423	0.999046421203241	-6.00922633887962
RNF31	0.00172781458004378	-0.580302909636157	0.00261496128146006	0.99796387684495	0.999165929735155	-6.15378339686002
ENSG00000278396	-0.00156765524522795	-2.74665686896062	-0.00255805358492916	0.998008187557651	0.999165929735155	-5.92380082714089
ENSG00000268163	-0.00213740846274302	-4.25497636777787	-0.00243715183493808	0.998102326740254	0.999165929735155	-5.78630194714423
BMS1P4	0.00160184659359519	-1.71608208156669	0.00239910780956913	0.998131949423313	0.999165929735155	-6.02788489044393
ENSG00000258744	-0.000683049896122778	2.21606670011105	-0.00234245760727836	0.998176059666121	0.999165929735155	-6.47431946455682
FAM20C	-0.000823446873862821	5.18723721516278	-0.0023391636617676	0.998178624471571	0.999165929735155	-6.86986751030462
NPY5R	-0.00128368649962674	0.809408583696823	-0.00229889088680487	0.998209982561165	0.999165929735155	-6.30734203044993
MYOD1	-0.00208170434939348	-4.28292511966631	-0.00224702752859829	0.99825036557484	0.999165929735155	-5.78429600318396
ELF2	-0.000579252787051843	5.38031736075057	-0.00218519920419897	0.998298507741211	0.999165929735155	-6.88707083152223
MSANTD2-AS1	-0.000737080670695667	1.41813850345246	-0.00210241750633322	0.998362965107619	0.999165929735155	-6.37696335695849
ESPL1	-0.000774815694408737	6.30782758019855	-0.00209272070358469	0.998370515453303	0.999165929735155	-6.94740051898082
ENSG00000259331	0.00135077045075427	-3.96982672082745	0.00177218772984315	0.998620096236815	0.999373803383122	-5.81025384381569
ENSG00000289126	-0.00112005419858718	-3.76773221406129	-0.00165524591322292	0.998711152213905	0.999407358458177	-5.82830416135508
DAZAP2P1	-0.00144178266641903	-3.77716431379312	-0.00157982380236358	0.998769879155278	0.999407358458177	-5.82745480911633
HIKESHI	-0.000333088085553435	5.12357753981703	-0.0015677914358127	0.998779248080799	0.999407358458177	-6.8638027037127
ENSG00000231698	0.000746826112920207	2.58920221579976	0.00148596144643042	0.998842964485525	0.999429213657654	-6.52334177505349
STRIP1	-0.000358305704318163	5.48225692579092	-0.00140356180803454	0.998907124452453	0.999451510828653	-6.89538842113388
MINDY4	0.00093205385500017	-2.64194436802206	0.00131903905410014	0.998972937578574	0.999475460121057	-5.93396723222825
LINC01800	0.000698888514889973	-3.44267596141953	0.000978857609737966	0.999237817858726	0.999686918266365	-5.85796586797081
FRMD6-AS2	-0.000448354954947217	-1.64918472184256	-0.000914952525965536	0.999287577188032	0.999686918266365	-6.03501942507715
ENSG00000278962	0.000780289671084011	-0.556464049133122	0.0008202079566325	0.999361349512837	0.999686918266365	-6.15647809208427
BLTP3A	0.000240672405413811	6.22791616403184	0.000793250434376132	0.999382339836755	0.999686918266365	-6.94335689896617
NDUFAB1	-0.000292806681911451	6.2018075868402	-0.000778637524369389	0.999393718097602	0.999686918266365	-6.94200915323517
ENSG00000288804	-0.000713866551719455	-3.69949789779677	-0.000708370292187766	0.999448431287834	0.999699748943747	-5.83446861837219
APOL6	-0.000284353905498316	-0.0459811389681677	-0.000616530786318141	0.999519941613671	0.999729379200968	-6.21318049129315
AKAP8	-0.000112997631104506	5.24481443259429	-0.00051177573606214	0.999601508562457	0.999758495886423	-6.87522984388493
RTRAF	0.000120992227804706	7.72840631520305	0.000471550564691358	0.999632829674178	0.999758495886423	-7.00066982192115
PINX1	-0.000104714833878639	4.81169236528947	-0.000401857045055146	0.999687096157107	0.999770874669251	-6.83113855725328
PIH1D2	0.000111148846024617	-0.164619249242232	0.000274869748673481	0.999785974134172	0.999827865778106	-6.20015773346289
HSPD1P4	-1.41816741505707e-05	4.04496299971046	-2.25725232521398e-05	0.999982424024751	0.999982424024751	-6.73256090985251
